-8.502147102469177e-6
-9.470081563149088e-6
-1.0477212504764883e-5
-1.1527546924212462e-5
-1.2676614758850038e-5
-1.4695741197580321e-5
-1.8092389211254628e-5
-2.120929230699842e-5
-2.3510896162473436e-5
-2.616810117851073e-5
-3.0420941012941434e-5
-3.556659819183286e-5
-4.035816672788197e-5
-4.539432381485215e-5
-5.197803054145536e-5
-6.099730253866297e-5
-6.991982681311318e-5
-7.795626721960611e-5
-8.557143979988778e-5
-9.347915933879403e-5
-1.0448916901098383e-4
-1.2107420468455686e-4
-1.4312675770535802e-4
-1.693092307367691e-4
-1.9505170320558422e-4
-2.1679268108017232e-4
-2.3884063185550358e-4
-2.674475978516468e-4
-3.066176501931974e-4
-3.566171653959121e-4
-4.1099238401684724e-4
-4.6176255100378215e-4
-5.106058695686712e-4
-5.623878435014032e-4
-6.197602328495015e-4
-6.789039246751991e-4
-7.329396872686569e-4
-7.836984167245385e-4
-8.453653948735295e-4
-9.420461588669273e-4
-0.0010948514291113268
-0.001294429309073307
-0.0014943434352604837
-0.0016864701778156919
-0.0019629983015721966
-0.0023427319008273487
-0.0026805476043741134
-0.002954432650657655
-0.003225022826717807
-0.0035105008126436743
-0.0037977395291054245
-0.004091890394118346
-0.004387061441084907
-0.004677887528391151
-0.00499180707334936
-0.005373862783322256
-0.00586667707649581
-0.006428843624776091
-0.006960948670479828
-0.007483980569327985
-0.007840292917265066
-0.00854592386037728
-0.009263998548705186
-0.010298564044883031
-0.011123448534042592
-0.01181006692431971
-0.012784542209177666
-0.01432492762251448
-0.0161081377580754
-0.017973004775907547
-0.02003676329861137
-0.022217884924353542
-0.023565764718974667
-0.024853888529844697
-0.026516294216220093
-0.0286446523500327
-0.03183495708657862
-0.036156112176828716
-0.03998281895248038
-0.042674404558769356
-0.045203987890174616
-0.04720775756468558
-0.04982670093888287
-0.05161354945318948
-0.0519664446254174
-0.054210272583666154
-0.05704031907883139
-0.06203210033363943
-0.06809167371947465
-0.07646937881044434
-0.0846209059276989
-0.09147483024828969
-0.09711568543551283
-0.10274835717227697
-0.10930255131057964
-0.11761509273452601
-0.12714204547417915
-0.13672244565174704
-0.1456301889114543
-0.1539416678491514
-0.16212408814093102
-0.17055723486329497
-0.1799322453260394
-0.18971159989499692
-0.19267129520220055
-0.19402248733416502
-0.20374496935393688
-0.21677577579739335
-0.23733095818164146
-0.2607213301903964
-0.27487401887556856
-0.28524248201973984
-0.3039748545126719
-0.3183495832722494
-0.3285828400514495
-0.3385109172620076
-0.3506303824148782
-0.36328428719404177
-0.3768320378679056
-0.39401947080186095
-0.4105154502903699
-0.4157084904359156
-0.3795683327591671
-0.3691387021489243
-0.4196094538365865
-0.4677220282651332
-0.5070665207936985
-0.5387270055673781
-0.5646451545896716
-0.5875604298204546
-0.6146991844227073
-0.6419036799735756
-0.6619979660774508
-0.6818474086006746
-0.7022132523284538
-0.7203264750072896
-0.7482056637144908
-0.7968892199356086
-0.8402247596926815
-0.863901161644667
-0.8603040098656715
-0.8666008104040067
-0.8903421062972733
-0.9163316529188156
-0.9466925814934869
-0.9764733753669131
-0.9993808886301904
-1.011754094494754
-1.0173228631252011
-1.0270570251828675
-1.0426122548641636
-1.0512544351185527
-1.0461002373486445
-1.0364875304862013
-1.0323973892722498
-1.0326968689112963
-1.0395888934411102
-1.0521060476575226
-1.0577771463305707
-1.058768993229213
-1.0614003848970606
-1.0671391512845565
-1.0715275375681432
-1.0749515602621154
-1.078593726841803
-1.077849618998091
-1.0718716382190379
-1.067583162259033
-1.0609781359197428
-1.0469809884421268
-1.0290028520912688
-1.0092885032878172
-0.9900419601353716
-0.9726181388155527
-0.9572898668927906
-0.9398218631984439
-0.9185696197910116
-0.9017049426977646
-0.8994915251715526
-0.9067104980500335
-0.9085129451233814
-0.9006358015252632
-0.885641052973932
-0.8630482140966427
-0.8305887670185298
-0.7947654782893613
-0.7676228795957885
-0.7448749278274001
-0.7175850335124196
-0.6876351719296024
-0.6588699553156538
-0.6295107550100274
-0.6064167323847568
-0.5919145513951901
-0.5794771524225834
-0.5629859734019055
-0.5423583903902366
-0.5213810030778535
-0.5004864651582845
-0.479191240942074
-0.45817509818110197
-0.43680429668959636
-0.4137835892780276
-0.38902964815306723
-0.36412202578046593
-0.341300429946756
-0.32122608386033047
-0.3043256336465387
-0.29042393549498
-0.27826494410267194
-0.2670074920178747
-0.2543371735553055
-0.23993511457901284
-0.22559577268291822
-0.21200589349231125
-0.19965908036886076
-0.1880979837919249
-0.1768216157249359
-0.1653393338137883
-0.15340844594600456
-0.14101696220380042
-0.12837491244499424
-0.11644712819511309
-0.10639973424366457
-0.09907320481433793
-0.09351344537263064
-0.08812988482691679
-0.0830726167170561
-0.07863417634741433
-0.0742128931110049
-0.06933980696944966
-0.06454019191753989
-0.06055359769058605
-0.05686702113383765
-0.053144365107361244
-0.04956054680874284
-0.0460218923850565
-0.04250305910223763
-0.0390763132168611
-0.03572269003151579
-0.03251542703879857
-0.02970402565068966
-0.02729174513770419
-0.025108358517691092
-0.023091706868968474
-0.021191987274203215
-0.01943127745962604
-0.01786342444194266
-0.016430249199904955
-0.015044832194925578
-0.013709297426739625
-0.01245162257615176
-0.011272956429342491
-0.010196100222363995
-0.009259222381909843
-0.008433298883805491
-0.007667757441280672
-0.006947104672478412
-0.006258401465546547
-0.005638372626675767
-0.005104662139000085
-0.004656131737779088
-0.004258292710951339
-0.0038569531747643477
-0.003463486906550197
-0.0031115465102211086
-0.002788288898962556
-0.0024889733007939295
-0.0022178985264164094
-0.0019693844063860154
-0.0017495580578107861
-0.0015639025475504725
-0.0014049943071394507
-0.0012596256763107946
-0.0011209270161117873
-9.946950540666347e-4
-8.844233957237111e-4
-7.845772051650841e-4
-6.97433840763414e-4
-6.257932786015253e-4
-5.656295682678937e-4
-5.112191476542892e-4
-4.577089194114463e-4
-4.117882141121589e-4
-3.686830229938285e-4
-3.2835704252822165e-4
-2.9319282013428417e-4
-2.615671948606675e-4
-2.3269234533695782e-4
-2.0714733662381422e-4
-1.842757532556214e-4
-1.6061885951155943e-4
-1.3997616174516396e-4
-1.229898511213006e-4
-1.0918753445453808e-4
-9.720212818158562e-5
-8.628534868360071e-5
-7.666340396988443e-5
-6.814018877568108e-5
-6.007225045216469e-5
