-9.54894660721823e-6
-1.077518828731036e-5
-1.2149341299425403e-5
-1.3403899019109581e-5
-1.5053250243530805e-5
-1.727478826430758e-5
-1.9837327476676567e-5
-2.297791116912284e-5
-2.6192533232615424e-5
-2.858851416738064e-5
-3.1570052628467886e-5
-3.624922737808339e-5
-4.187689537725247e-5
-4.916011573552564e-5
-6.264518757622187e-5
-8.66976592632949e-5
-1.1367208461173302e-4
-1.2977685159153577e-4
-1.351917240599683e-4
-1.3977800162326114e-4
-1.498196317487686e-4
-1.6431495454648188e-4
-1.8013451468276218e-4
-2.0209529414944561e-4
-2.3431717398742386e-4
-2.7909798461842473e-4
-3.3682273067331826e-4
-3.9399334157391204e-4
-4.459894314864079e-4
-5.087998131701548e-4
-5.873299329038108e-4
-6.67041128737736e-4
-7.407048823401643e-4
-8.095739400498691e-4
-8.733263150679223e-4
-9.411831770905757e-4
-0.0010245622093658102
-0.001121272793023481
-0.0012299070520224516
-0.0013548775423857283
-0.0014999733550736139
-0.0016741369395072998
-0.001883361077983265
-0.002122141381412172
-0.0023846678756771784
-0.0026613226546391257
-0.0029273490215477767
-0.0031653776125214446
-0.003410161040158229
-0.0036871802357627682
-0.003981484576440328
-0.004319495838733484
-0.004736545152771854
-0.00521781861479868
-0.005781213030764428
-0.006417388312465384
-0.007100143848226692
-0.007914688912687545
-0.008918726967327366
-0.01003430821284164
-0.011067684754295615
-0.012181026108956062
-0.013133684927025694
-0.014014716047208569
-0.015460322018389596
-0.017214343946229886
-0.01932402255414491
-0.021854270176982177
-0.024272489501959905
-0.026061740869677708
-0.027920884331977768
-0.029090606362109764
-0.02338934458670131
-0.03771922904551752
-0.04526770583744512
-0.05118294718867698
-0.055860015301805906
-0.05879798993121805
-0.060924991960637095
-0.06361788191626475
-0.06713678740705098
-0.07221247145891875
-0.07349657683160486
-0.07603836190723878
-0.08046110643225644
-0.08926693758829858
-0.1003890353463942
-0.10831942140087752
-0.11388871281360663
-0.11995542106486981
-0.12767551632730717
-0.13485988174275648
-0.14070732142336254
-0.14611917142048886
-0.15252506485482387
-0.1605252797125623
-0.1704846035083191
-0.1834154895219879
-0.19812171355491479
-0.21236054365509083
-0.2267797646042268
-0.24226628644670303
-0.25901829813186406
-0.265112554613022
-0.27817686589017315
-0.27646239338626855
-0.28768341437326855
-0.3038787589813185
-0.3187168190412674
-0.3394681427913611
-0.361345423869608
-0.3698087056506185
-0.3698968216708644
-0.38873681329464227
-0.4128488700096376
-0.43945526761004927
-0.4647191762339172
-0.48790420566432247
-0.5098966962262261
-0.5317330699846702
-0.5546915053068836
-0.5796964017462918
-0.6066935579363949
-0.6278937974699821
-0.6399369128595598
-0.6644156163391182
-0.7011188571769972
-0.735972628268134
-0.7653416323027498
-0.7782108263611601
-0.7984953802266087
-0.8257148545971668
-0.8584526529711126
-0.8911842845968826
-0.9196925812496782
-0.9423388348586194
-0.9613928265686693
-0.992212042961914
-1.0287481079540743
-1.0572956278956582
-1.0749583041632977
-1.090149929024909
-1.105558266122105
-1.1187328864576185
-1.1334642719574548
-1.15227476724488
-1.171926100779484
-1.1945994970578173
-1.218848766645898
-1.2436705398348782
-1.2678175373113711
-1.2815547205274984
-1.2863738948751595
-1.287117974254764
-1.2877992087958645
-1.293845199502223
-1.3023935109201488
-1.3162874500432833
-1.3374857676407674
-1.3568894189254865
-1.3657674084743225
-1.3621039444552174
-1.3532405461952914
-1.3465610018347054
-1.339530876720704
-1.3362205033593144
-1.3392334624065825
-1.3404946961435045
-1.330039229762212
-1.3000408503323184
-1.2573541933073367
-1.2167389618473532
-1.1868590025702042
-1.1675259070140969
-1.1530090179274357
-1.1401798625639468
-1.1293821462114304
-1.1163340478387593
-1.0947490054281102
-1.0703932844001505
-1.0493065492055607
-1.0305097401600363
-1.0124294761717436
-0.9940549663842881
-0.9753619621097488
-0.9572568514224273
-0.9384328385505686
-0.9177752274890231
-0.8934741207831876
-0.8618231193769309
-0.8296774008207771
-0.7991130263575769
-0.7658129383883885
-0.7285606752549124
-0.6951683612542927
-0.6663283636657056
-0.6395928834913287
-0.6124118387116589
-0.586509050755906
-0.5634784147706333
-0.5396562891753223
-0.5176251594137401
-0.495665757384979
-0.4738177932636544
-0.4533977548387377
-0.43340892383843144
-0.4116573911195732
-0.38894787234456435
-0.36708307133418155
-0.34681748251253125
-0.3279070603054569
-0.3099055920563898
-0.2930836108395854
-0.27713768865900174
-0.2620434791831845
-0.24767290511273904
-0.23432878691284495
-0.22155492243317632
-0.20852209324476104
-0.19531660378284693
-0.18248534515650253
-0.17070459264563898
-0.1604429711498499
-0.15147873250953495
-0.14290393568761206
-0.13372089656105918
-0.12408485514284284
-0.11497932586033927
-0.1072047103188376
-0.10031017895017375
-0.09402134723530828
-0.0881568550977565
-0.08214989261814122
-0.076181536228788
-0.07047402428500485
-0.06515323805859824
-0.06024060256209205
-0.055675278750613164
-0.05147716425511593
-0.04760489673695941
-0.04400115813087712
-0.04066827768910142
-0.03749023445219874
-0.034439502927703716
-0.03163698536475381
-0.029091058134063708
-0.026740304073613545
-0.02457554175315307
-0.02251024889461661
-0.02055115827877877
-0.01874075315542053
-0.017084240294349268
-0.01561276111239124
-0.014279251780982695
-0.013006554858372443
-0.01176494395774906
-0.010566043819397615
-0.009477520980019331
-0.00855915486600132
-0.007788872294817308
-0.007115339014519838
-0.006514092491930881
-0.005970483558151769
-0.00546129314693417
-0.004992750070901642
-0.004557579476338394
-0.004157054254911079
-0.003774873700650911
-0.0034076863889433116
-0.003067371866533008
-0.002749918116461938
-0.00246189675126728
-0.0022106928316263166
-0.0019920480335801336
-0.0017944007987644697
-0.0016045893989985812
-0.0014232222361441297
-0.0012478823100251506
-0.0010910335755496612
-9.6849597055802e-4
-8.789973248502748e-4
-8.061920762627092e-4
-7.228253239705424e-4
-6.505579832507576e-4
-5.839989527626643e-4
-5.219807219888289e-4
-4.6486013839815984e-4
-4.1139915608359067e-4
-3.630458460838591e-4
-3.222469048557161e-4
-2.8597192970690195e-4
-2.508336557765167e-4
-2.201105773937804e-4
-1.922944166806087e-4
-1.6810886679419028e-4
-1.4785438224742964e-4
-1.3035103243902546e-4
-1.147739054652179e-4
-1.0072654367292589e-4
-8.798623632472489e-5
