9.759778402951613e-7
1.1548670107832026e-6
1.34793562993562e-6
1.5240619209826341e-6
1.7835832924041786e-6
2.10229671247251e-6
2.465615726917017e-6
2.8703244701005927e-6
3.2948537858071275e-6
3.7893142339814314e-6
4.392175093560488e-6
5.093213194197716e-6
5.815838915666375e-6
6.664356410250498e-6
7.695329653086221e-6
8.81736229257059e-6
1.011408223960126e-5
1.155781791976858e-5
1.3013841329969008e-5
1.4806365005257502e-5
1.681931328784765e-5
1.920088588774017e-5
2.171782353604547e-5
2.4368125431620454e-5
2.7581780490139402e-5
3.114527036016996e-5
3.502436198727665e-5
3.9061596283977446e-5
4.3748605061567095e-5
4.900650998199823e-5
5.3976289115741736e-5
6.142201946060917e-5
6.822305291330324e-5
7.467127849934123e-5
8.242020105618773e-5
9.125670902262351e-5
1.002732026938756e-4
1.0891156229795741e-4
1.19250566303898e-4
1.3061782532845787e-4
1.4164812475928027e-4
1.5254497147063338e-4
1.6432826542051374e-4
1.7573044522892082e-4
1.8725409585596345e-4
1.995612359833341e-4
2.085117245323638e-4
2.2066729501547263e-4
2.3070404374222084e-4
2.392703757050609e-4
2.4415619517043573e-4
2.5044192874485794e-4
2.548539462594274e-4
2.542737982901552e-4
2.4972987051798264e-4
2.4289821604421083e-4
2.2968295689471834e-4
2.1588447008074956e-4
2.1941157144314194e-4
1.9223835097013903e-4
1.6948587946451904e-4
1.5950715824707156e-4
1.2591047480864603e-4
9.419347314763873e-5
6.444460790846716e-5
3.943382942432122e-5
2.9773611258480143e-5
2.299937368809846e-5
4.2337756652117337e-5
6.229971975285268e-5
6.871984385989151e-5
1.084925980817459e-4
1.7158198943191178e-4
2.6333478776575784e-4
4.3609757015842707e-4
5.841820480333113e-4
8.425122949859581e-4
0.0010181549978015337
0.0013278220305909998
0.0016464775600109052
0.00201339699576939
0.0024660733275963737
0.0029424569746535757
0.0036005416087315878
0.004144354957754859
0.00489516129053812
0.005613029100312078
0.006386544538613665
0.007260797840316537
0.008249542252162682
0.009453683950564505
0.010568035746536485
0.011954385253291129
0.013089841091235312
0.014345797195444031
0.01582644756038601
0.017455504866546383
0.019018119196457337
0.021023916302760792
0.022713241548230304
0.02475933677937123
0.02665661213706437
0.02882450465872883
0.03102103626851966
0.033126973903856965
0.035671310302179876
0.03850635706038673
0.041188648355462265
0.043663505098833016
0.046581449392272455
0.04933410539732722
0.051834254763232265
0.0547212414419434
0.057839433819000564
0.061203390095166
0.06408784925324915
0.06753539340321363
0.07042200976134622
0.07387491462620709
0.07716293858100298
0.08020146433964408
0.08372442663256593
0.08740842471274529
0.09158804578158475
0.09438878118926551
0.0976391741863335
0.10117744538417874
0.10491384475860846
0.10809361064070401
0.11121774216900351
0.11429758455975782
0.11821391387481182
0.12208312523649273
0.1251050017494525
0.12820002175890582
0.13046566135150317
0.13406246132233698
0.13621188104899526
0.13865104816153476
0.14133728360683567
0.14442768438762288
0.14808175416372368
0.147521083939389
0.15157696134911736
0.15379962053557478
0.15334949076327048
0.15305392179333038
0.1541163102914509
0.15556140962063225
0.1573629547511672
0.15884995348037542
0.15672398443747082
0.15648992901164746
0.15612386952660579
0.15573813156057406
0.15459630414525258
0.15364788964409323
0.15257882254372304
0.1520785101366827
0.14955754102230787
0.1480569806198168
0.1460179917246121
0.14410234674383426
0.1416010029130399
0.13810367808883545
0.13511198191395357
0.13081582414243048
0.1257719951454243
0.12293553271253571
0.11965103344117638
0.11388584829557521
0.10885406136010796
0.10419293659906789
0.09956487072604824
0.09526163927697097
0.09007309419724532
0.08567325889389053
0.0806652187078998
0.07594255406465698
0.07059645816510457
0.06509531072208175
0.05860886619559354
0.0545557068777811
0.048768464622596874
0.04325286569284213
0.03835604284955577
0.03369413584571729
0.029561883262355024
0.02563493439463814
0.02188273808978098
0.01847312533090404
0.015008739890786986
0.011971437409535574
0.008804744429484264
0.006543438256985499
0.004645078444094011
0.0032674071287824864
0.002460663523272349
0.0015393237239188225
0.0010526206414295204
5.431784220629848e-4
4.939972619526926e-4
7.742161864863646e-4
0.00117255949494149
0.001836486837213415
0.0026990268371530272
0.003625531702236805
0.004429573584512951
0.005456494017065927
0.0064074517591718606
0.007361969205028518
0.008324784062102247
0.009181054576967404
0.01003726534598776
0.01072815709243163
0.011357900976810168
0.01188884393979309
0.012347699471597112
0.01270223909978683
0.012953078556658263
0.013075349176731636
0.013186774567076825
0.013221159374228275
0.01335654477937405
0.013091144109461097
0.012949956909107488
0.01262272955354082
0.012361062040672558
0.012003828937660098
0.01167000743523162
0.011304354761108063
0.010893465261827558
0.010489288332804998
0.010022855336305102
0.009552206096226678
0.009086954738985291
0.008656056292779992
0.00821559289209596
0.007782690458916606
0.0073558843311401735
0.006942590510653509
0.006500921102237812
0.006105081446194319
0.005729599215280063
0.005362954018032604
0.0050086623111364305
0.004663549186002173
0.004336469470058968
0.004019994665547234
0.0037371272495919814
0.0034649775460067556
0.00320629817746801
0.0029615371911924458
0.002725231109973571
0.002505615140699605
0.002297186451375589
0.0021298925484475968
0.0019396523880146786
0.0017738680837004492
0.0016183858907262523
0.0014761506862494898
0.0013497494045113492
0.001220665145154471
0.0011072457452264265
0.0010031887945280396
9.0823753089236e-4
8.214011414498334e-4
7.425149144422799e-4
6.672613587964041e-4
5.986011717502539e-4
5.35918475477442e-4
4.806066674702677e-4
4.300188521732645e-4
3.8378321277898276e-4
3.4189706890021677e-4
3.0374684776384966e-4
2.6863948184375857e-4
2.376929336723273e-4
2.1132249820494782e-4
1.8613374359609106e-4
1.631746621244815e-4
1.4409766215922414e-4
1.2562276945200183e-4
1.0926969298345798e-4
9.479515378163016e-5
8.235799787598312e-5
7.119832639260375e-5
6.130476314463511e-5
5.2616812813424876e-5
4.494110002497379e-5
3.8203136784627814e-5
3.2250648674440095e-5
2.7225177871123847e-5
2.2963493951479417e-5
1.9098181810456653e-5
1.5977568234594923e-5
1.3074482969827028e-5
1.0704619397495579e-5
8.659251092762494e-6
6.913553779971023e-6
