-4.229729821602741e-7
-4.870813296322372e-7
-5.58254658762131e-7
-6.70441260690198e-7
-8.347453813151029e-7
-9.696785023136105e-7
-1.1133300445861037e-6
-1.2747144492426079e-6
-1.4770109168102965e-6
-1.7678413941794192e-6
-2.074971074778195e-6
-2.4091103984484063e-6
-2.773159394902947e-6
-3.3264025433039845e-6
-3.884794432789518e-6
-4.457241974941685e-6
-5.199705495164557e-6
-5.963778514086791e-6
-6.9937938918176975e-6
-8.250124472237084e-6
-9.754388676836157e-6
-1.127870731839658e-5
-1.2807980898244553e-5
-1.4980919796832182e-5
-1.770944842560796e-5
-2.040735599512755e-5
-2.3388392246988596e-5
-2.7348114574046688e-5
-3.177464276557473e-5
-3.7177311612119985e-5
-4.254163248143846e-5
-4.911716619250749e-5
-5.645662962786094e-5
-6.521368421882986e-5
-7.677350531360525e-5
-8.83007438738508e-5
-1.0071287913351502e-4
-1.1779130407799451e-4
-1.3621727968226208e-4
-1.559456646910618e-4
-1.8002700289330287e-4
-2.0664397175725768e-4
-2.3821114779659617e-4
-2.7228464829253676e-4
-3.146910269855222e-4
-3.579680961187864e-4
-4.1024387616429923e-4
-4.601445532974783e-4
-5.371354796138259e-4
-6.172356693368618e-4
-7.01766970030388e-4
-7.883189099930224e-4
-9.099583798512911e-4
-0.0010311497382648823
-0.0011733789089812307
-0.00132627013055685
-0.0014838330534699443
-0.0016654501962716285
-0.0018378581470781703
-0.002097455233042621
-0.0023120575212518756
-0.002605297775423448
-0.0029172425126091387
-0.0032314621780125084
-0.003566979944979281
-0.003913175691109671
-0.0042324744940000995
-0.00465721655327066
-0.005029500663667839
-0.005512357847894498
-0.006037519136195375
-0.006511739363514208
-0.007051005767889841
-0.0075240142485670965
-0.007933621961026323
-0.008487860083971708
-0.008992939753651926
-0.009687153267993081
-0.01018102863259018
-0.010860045480482363
-0.011466395820680047
-0.011977810811420386
-0.012574860544834345
-0.01304286739645229
-0.013732673623606483
-0.014360385408110358
-0.01512770942573811
-0.015908192533684418
-0.01650904372071006
-0.0170053430446784
-0.01753750107018552
-0.018174707790494644
-0.01872301396818342
-0.01975136386147832
-0.020687028183328064
-0.021336522478900506
-0.021799898879823157
-0.02268387890536539
-0.02311467462865631
-0.023922261567578703
-0.02483347904807526
-0.025651420605602472
-0.026632241178945068
-0.02757819279764607
-0.028529088787440187
-0.02899245354477502
-0.029455856554594373
-0.030223531184335184
-0.0313829673405656
-0.03222910733130826
-0.03336846446718045
-0.03424648191933709
-0.035898475426933626
-0.036676437299266104
-0.037222945624619155
-0.038389505913232036
-0.03979414681729586
-0.0411124944829146
-0.042108659317353594
-0.04358360468979132
-0.04489079362776226
-0.04574819761442247
-0.046613068620212667
-0.04663972188205256
-0.04892661666369892
-0.050963646565874376
-0.052225210505167464
-0.05327660906420376
-0.055150827568585706
-0.0560603257180351
-0.05711479065067399
-0.05760529208481984
-0.059071056108619624
-0.06102416823777
-0.06292958120182385
-0.06424344439085855
-0.06560855971750812
-0.06585332432675164
-0.06922714969556877
-0.07021908140812841
-0.07079715716542127
-0.07129866395198363
-0.07422920737092803
-0.07535758560989861
-0.07603648412420255
-0.07886579545512934
-0.08199166605540757
-0.08362948571775258
-0.0847289581961199
-0.08479405612009763
-0.08592988280218607
-0.09016797437534385
-0.09248080064086373
-0.0953373699348426
-0.0972255951414703
-0.09943031600637703
-0.10070078354056167
-0.10160672411695146
-0.10149695448774373
-0.1047687680311304
-0.10743014526947577
-0.10942575458764936
-0.11112508636565135
-0.11267125797198793
-0.11362571892140792
-0.11588268824435423
-0.11720994347107125
-0.11990861347800014
-0.12176537210427145
-0.12296961921111838
-0.12672198236910534
-0.1295769710778496
-0.13161923701929928
-0.13301251818143775
-0.13315498148516913
-0.13561278764614387
-0.13665780973925984
-0.13868868764847098
-0.13968926733516596
-0.14051700837398742
-0.14153007498320141
-0.143246299561648
-0.14350582324966896
-0.14545263601011676
-0.1459654247707347
-0.14541418019919114
-0.14665075742541211
-0.14707396014561175
-0.14643923033812756
-0.14491604390963989
-0.1433205683733747
-0.14203279003971298
-0.14074171970490962
-0.13871321705138523
-0.13631321353300363
-0.13436119808308883
-0.13141116123774163
-0.12746265775592447
-0.12346738286658727
-0.11940999025361798
-0.11575193898083624
-0.11136597252991463
-0.10703423167458821
-0.10217872076302585
-0.09755923051483038
-0.09277046190193429
-0.0877330926902444
-0.0831789810471902
-0.07849575261541913
-0.07414939959100744
-0.06967881583559928
-0.06509632968231935
-0.06044850530723093
-0.05619103667630833
-0.05249855832699617
-0.04905734739530182
-0.0457236727980345
-0.04242711555219834
-0.03921620146612645
-0.03614275950435966
-0.03315827382366957
-0.0304188145129985
-0.028253633017264253
-0.025606863269219664
-0.024105865299202937
-0.021946157012097164
-0.020305860020307598
-0.01856210882704896
-0.017076769240200407
-0.015737584602836946
-0.014376368150521698
-0.013211122849101314
-0.012110664387023214
-0.01114150483378467
-0.01010374962707956
-0.009337791503177496
-0.008619052755343687
-0.0078826158160447
-0.007205417439896598
-0.006538451960050814
-0.005959811941522921
-0.0054670482079442195
-0.0050529866244912545
-0.004659158077903894
-0.004272162290163943
-0.003905974022305349
-0.003561634396102348
-0.0032392112186959703
-0.0029116232278366076
-0.002697410033005913
-0.0024907608590219767
-0.002288750072285731
-0.00209388778172515
-0.0019065266520940341
-0.0017292801567057546
-0.0015666461668376048
-0.0014167894998079588
-0.0013228867591705117
-0.001215366067244581
-0.0011187912945418014
-0.0010097366877727183
-9.227994833925712e-4
-8.434762502292671e-4
-7.801132281511402e-4
-7.17249834696201e-4
-6.537083215589211e-4
-5.922961921108695e-4
-5.421525678014075e-4
-4.985528545200255e-4
-4.5245063685183783e-4
-4.1721186092073576e-4
-3.8317886469342284e-4
-3.5002917638731645e-4
-3.200908831231905e-4
-2.906498460399921e-4
-2.6352606887915833e-4
-2.413009855504506e-4
-2.195927715903911e-4
-1.9923379955480154e-4
-1.856986138120848e-4
-1.6945387235458518e-4
-1.5367505222983218e-4
-1.411474554185777e-4
-1.2784307400985474e-4
-1.1644340221265707e-4
-1.0743361713238178e-4
-9.854447413663189e-5
-8.996813705583557e-5
-8.203802810549076e-5
-7.463670604509763e-5
-6.774419960614168e-5
-6.108779096877082e-5
-5.5393151498011005e-5
-5.0410218982751684e-5
-4.58039406946722e-5
-4.176644031755068e-5
-3.797955176062051e-5
-3.426712585651614e-5
-3.095406496079853e-5
-2.7923366780137488e-5
