0.0750000000	1.0676725593
0.0754013378	1.0723895124
0.0758026756	1.0693828918
0.0762040134	1.0685381617
0.0766053512	1.0717197608
0.0770066890	1.0729060367
0.0774080268	1.0788719631
0.0778093645	1.0841613015
0.0782107023	1.0810443035
0.0786120401	1.0769797090
0.0790133779	1.0795551961
0.0794147157	1.0867718939
0.0798160535	1.1060205593
0.0802173913	1.1367187436
0.0806187291	1.1531826724
0.0810200669	1.1468226436
0.0814214047	1.1344915158
0.0818227425	1.1167445311
0.0822240803	1.0990490238
0.0826254181	1.0946556677
0.0830267559	1.0960126835
0.0834280936	1.0946182367
0.0838294314	1.0956043131
0.0842307692	1.1017747208
0.0846321070	1.1111290668
0.0850334448	1.1214014293
0.0854347826	1.1235862992
0.0858361204	1.1150103093
0.0862374582	1.1050552275
0.0866387960	1.0978987856
0.0870401338	1.0922040348
0.0874414716	1.0902204997
0.0878428094	1.0887630886
0.0882441472	1.0815609066
0.0886454849	1.0729367985
0.0890468227	1.0681028264
0.0894481605	1.0646531048
0.0898494983	1.0620976863
0.0902508361	1.0620693746
0.0906521739	1.0622917921
0.0910535117	1.0629737058
0.0914548495	1.0658953105
0.0918561873	1.0689765947
0.0922575251	1.0716789292
0.0926588629	1.0752601837
0.0930602007	1.0786669621
0.0934615385	1.0818314088
0.0938628763	1.0870080482
0.0942642140	1.0925423661
0.0946655518	1.0945172540
0.0950668896	1.0971053879
0.0954682274	1.1021454311
0.0958695652	1.1041188484
0.0962709030	1.1024310181
0.0966722408	1.1013095157
0.0970735786	1.1004104993
0.0974749164	1.0979800802
0.0978762542	1.0958830920
0.0982775920	1.0948873557
0.0986789298	1.0956694392
0.0990802676	1.1002834206
0.0994816054	1.1118332115
0.0998829431	1.1113005591
0.1002842809	1.1146541524
0.1006856187	1.1083277770
0.1010869565	1.0909822276
0.1014882943	1.0794802927
0.1018896321	1.0754083944
0.1022909699	1.0715738077
0.1026923077	1.0699814646
0.1030936455	1.0671290550
0.1034949833	1.0503263827
0.1038963211	1.0139234780
0.1042976589	0.8418878815
0.1046989967	1.1104060561
0.1051003344	1.1170071704
0.1055016722	1.1132942080
0.1059030100	1.1202903738
0.1063043478	1.1316203575
0.1067056856	1.1406682228
0.1071070234	1.1642539687
0.1075083612	1.1327555739
0.1079096990	1.1430762841
0.1083110368	1.1164014135
0.1087123746	1.1136309292
0.1091137124	1.0985322299
0.1095150502	1.1001853068
0.1099163880	1.1041791415
0.1103177258	1.1067970992
0.1107190635	1.1058727579
0.1111204013	1.1091312472
0.1115217391	1.1194871985
0.1119230769	1.1348339190
0.1123244147	1.1542995523
0.1127257525	1.1690829652
0.1131270903	1.1673280168
0.1135284281	1.1450118514
0.1139297659	1.1118921676
0.1143311037	1.0851759207
0.1147324415	1.0719078592
0.1151337793	1.0691716266
0.1155351171	1.0729253620
0.1159364548	1.0803491966
0.1163377926	1.0888780187
0.1167391304	1.0970905181
0.1171404682	1.1096963794
0.1175418060	1.1270308103
0.1179431438	1.1422981293
0.1183444816	1.1468503256
0.1187458194	1.1267453924
0.1191471572	1.1094339455
0.1195484950	1.0899502713
0.1199498328	1.0817077250
0.1203511706	1.0812629044
0.1207525084	1.0861803980
0.1211538462	1.0937102264
0.1215551839	1.1012242688
0.1219565217	1.1067392631
0.1223578595	1.1100470673
0.1227591973	1.1126037125
0.1231605351	1.1162728174
0.1235618729	1.1179549654
0.1239632107	1.1158273454
0.1243645485	1.1148236503
0.1247658863	1.1163417522
0.1251672241	1.1249854874
0.1255685619	1.1256866871
0.1259698997	1.1160263603
0.1263712375	1.1096297340
0.1267725753	1.1029723883
0.1271739130	1.1027987668
0.1275752508	1.1050214245
0.1279765886	1.1098603393
0.1283779264	1.1210288072
0.1287792642	1.1207949964
0.1291806020	1.1146347633
0.1295819398	1.1127616924
0.1299832776	1.1072009319
0.1303846154	1.1045832618
0.1307859532	1.1078213096
0.1311872910	1.1137950961
0.1315886288	1.1246295921
0.1319899666	1.1371149866
0.1323913043	1.1442875255
0.1327926421	1.1493709354
0.1331939799	1.1552068927
0.1335953177	1.1600357738
0.1339966555	1.1681487593
0.1343979933	1.1805105172
0.1347993311	1.1900968804
0.1352006689	1.1927748717
0.1356020067	1.1895343934
0.1360033445	1.1828810830
0.1364046823	1.1757827981
0.1368060201	1.1641577549
0.1372073579	1.1546475738
0.1376086957	1.1494805639
0.1380100334	1.1531945368
0.1384113712	1.1651110647
0.1388127090	1.1706704233
0.1392140468	1.1674926232
0.1396153846	1.1682456827
0.1400167224	1.1695228204
0.1404180602	1.1638559956
0.1408193980	1.1552349721
0.1412207358	1.1508524656
0.1416220736	1.1520920658
0.1420234114	1.1559737431
0.1424247492	1.1609633417
0.1428260870	1.1685027553
0.1432274247	1.1782655181
0.1436287625	1.1872356195
0.1440301003	1.1875376652
0.1444314381	1.1759717148
0.1448327759	1.1632832000
0.1452341137	1.1564607497
0.1456354515	1.1539850062
0.1460367893	1.1534828973
0.1464381271	1.1544382415
0.1468394649	1.1585018551
0.1472408027	1.1640599591
0.1476421405	1.1702216632
0.1480434783	1.1774505393
0.1484448161	1.1837961359
0.1488461538	1.1878109302
0.1492474916	1.1885411295
0.1496488294	1.1853670514
0.1500501672	1.1806370589
0.1504515050	1.1749461198
0.1508528428	1.1719014705
0.1512541806	1.1710613979
0.1516555184	1.1704619108
0.1520568562	1.1678418989
0.1524581940	1.1631600051
0.1528595318	1.1586026803
0.1532608696	1.1570882008
0.1536622074	1.1593406384
0.1540635452	1.1645289294
0.1544648829	1.1701783690
0.1548662207	1.1728664488
0.1552675585	1.1743783646
0.1556688963	1.1771678681
0.1560702341	1.1792363679
0.1564715719	1.1785726044
0.1568729097	1.1778516602
0.1572742475	1.1802256600
0.1576755853	1.1831009287
0.1580769231	1.1834365306
0.1584782609	1.1819604957
0.1588795987	1.1786362331
0.1592809365	1.1731628835
0.1596822742	1.1684921757
0.1600836120	1.1661804396
0.1604849498	1.1652979649
0.1608862876	1.1670209686
0.1612876254	1.1714261423
0.1616889632	1.1761393699
0.1620903010	1.1791850289
0.1624916388	1.1808960508
0.1628929766	1.1824198395
0.1632943144	1.1814284299
0.1636956522	1.1774185825
0.1640969900	1.1732981796
0.1644983278	1.1696018196
0.1648996656	1.1638577258
0.1653010033	1.1566521934
0.1657023411	1.1505803520
0.1661036789	1.1457345101
0.1665050167	1.1422739046
0.1669063545	1.1403384647
0.1673076923	1.1395233965
0.1677090301	1.1399057838
0.1681103679	1.1421833776
0.1685117057	1.1465386971
0.1689130435	1.1514320546
0.1693143813	1.1563762308
0.1697157191	1.1608898240
0.1701170569	1.1655715202
0.1705183946	1.1699101211
0.1709197324	1.1724355121
0.1713210702	1.1729767066
0.1717224080	1.1709917695
0.1721237458	1.1681095020
0.1725250836	1.1684953749
0.1729264214	1.1717470666
0.1733277592	1.1743563218
0.1737290970	1.1768458625
0.1741304348	1.1816778946
0.1745317726	1.1879170129
0.1749331104	1.1919682005
0.1753344482	1.1936432715
0.1757357860	1.1944559055
0.1761371237	1.1931538742
0.1765384615	1.1898603069
0.1769397993	1.1894147938
0.1773411371	1.1909412413
0.1777424749	1.1929261230
0.1781438127	1.1957176899
0.1785451505	1.1968011552
0.1789464883	1.1940049446
0.1793478261	1.1901819116
0.1797491639	1.1862971273
0.1801505017	1.1838437806
0.1805518395	1.1846320087
0.1809531773	1.1869348760
0.1813545151	1.1890488236
0.1817558528	1.1916314484
0.1821571906	1.1935892194
0.1825585284	1.1928504055
0.1829598662	1.1911200060
0.1833612040	1.1907962143
0.1837625418	1.1928626612
0.1841638796	1.1975401567
0.1845652174	1.2029329499
0.1849665552	1.2049152647
0.1853678930	1.2052825281
0.1857692308	1.2055655205
0.1861705686	1.2049218893
0.1865719064	1.2049712844
0.1869732441	1.2082758723
0.1873745819	1.2153269795
0.1877759197	1.2185894666
0.1881772575	1.2139533879
0.1885785953	1.2073741543
0.1889799331	1.2036309621
0.1893812709	1.2033290200
0.1897826087	1.2047561552
0.1901839465	1.2074409133
0.1905852843	1.2107399604
0.1909866221	1.2113751286
0.1913879599	1.2100504949
0.1917892977	1.2112362356
0.1921906355	1.2123752424
0.1925919732	1.2132206866
0.1929933110	1.2130711850
0.1933946488	1.2098189451
0.1937959866	1.2045580893
0.1941973244	1.2011623962
0.1945986622	1.2003516094
