-9.420551006374269e-6
-1.0672154791114165e-5
-1.2026823140080533e-5
-1.3670077440546934e-5
-1.579175842468599e-5
-1.8331054919246086e-5
-2.103248626346201e-5
-2.3834442897753963e-5
-2.6824286406807385e-5
-3.0187847892369933e-5
-3.432447993868191e-5
-3.936292859175454e-5
-4.4580218246974505e-5
-4.989883925782182e-5
-5.5487613536227187e-5
-6.136048392096201e-5
-6.744674454321895e-5
-7.453317442563163e-5
-8.291291367657453e-5
-9.34004550410913e-5
-1.03690953642144e-4
-1.1105783391461892e-4
-1.1692762240960512e-4
-1.2990631053281867e-4
-1.6046014242575613e-4
-2.0068087712092012e-4
-2.42614895499079e-4
-2.869821018859769e-4
-3.3230513373648545e-4
-3.7321248497659837e-4
-4.0471739633088914e-4
-4.31615673451868e-4
-4.630968009018205e-4
-5.069423957777579e-4
-5.722360842252563e-4
-6.635131476835389e-4
-7.732923609342326e-4
-8.97100133029841e-4
-0.0010207143186207665
-0.0011350421775685063
-0.0012508175107141548
-0.001390234761832112
-0.001555829465925322
-0.001724851321195099
-0.0018990596631565855
-0.002079627647812318
-0.0022495384420913554
-0.002412443881994193
-0.002582989552280104
-0.002775905956505949
-0.0030405843567638717
-0.003453075404146943
-0.00405324999181603
-0.004766697033318125
-0.005466092696638888
-0.00608322362561985
-0.006614738073186193
-0.007106771579427385
-0.0076591845344639335
-0.008271064967732646
-0.00882002503854398
-0.009312247285727082
-0.009898599178782852
-0.010579498479967829
-0.011347155618197206
-0.012325420136165348
-0.013356112491787139
-0.014526018121626556
-0.016014449709672425
-0.018157261462674636
-0.020959113003668987
-0.023669507193119773
-0.025784560776665723
-0.02777406489033953
-0.025564550371272872
-0.029381133089254927
-0.032354842744833114
-0.03489436907237407
-0.03802154756546411
-0.043448781506549045
-0.050711926825876955
-0.05730397933360507
-0.06269696480662099
-0.0640147860803563
-0.06642092640048969
-0.06987388097079626
-0.07115493563864479
-0.07782523430340903
-0.08362898616581829
-0.08926539337847561
-0.09485459822495661
-0.09962554374214876
-0.10347808935526243
-0.10670553023359719
-0.1096681981539875
-0.11397065551075931
-0.1209367014850038
-0.12961998407897535
-0.1387584423354618
-0.14775478015916554
-0.1568403317180156
-0.16674391212241582
-0.17769096767014353
-0.18986276067733315
-0.2043823419108523
-0.22075522356929192
-0.23486489439763206
-0.24654014893396736
-0.2586446648047377
-0.2752239760809882
-0.29040106501644003
-0.3021744403953671
-0.313820297015355
-0.3263764846685801
-0.33838011070604307
-0.35246462841986465
-0.36998259872291034
-0.38557078865404315
-0.39789386792502374
-0.40869406601764685
-0.42270721432367026
-0.4397087712521948
-0.4524067178428917
-0.4513940851207149
-0.447681985525275
-0.4599222746586305
-0.48182629352919915
-0.5092132425392667
-0.5342358563095351
-0.5483717186433178
-0.5546586307208382
-0.5667749128535984
-0.5843954274732938
-0.6102977389455888
-0.6368141924215879
-0.6617118865574159
-0.6818590616192031
-0.6920327629115292
-0.6853363366022271
-0.6785282895598537
-0.7008576350965987
-0.7329051445904741
-0.7583116721269293
-0.780394254894368
-0.7894140719669582
-0.7801335676682499
-0.7725381730803625
-0.7754090414454433
-0.795149947230809
-0.8319059515440238
-0.8672689015692372
-0.8970860487408187
-0.9242188070269424
-0.9442588431280831
-0.9532149868747719
-0.950804059792148
-0.9317672452088543
-0.9125243345226451
-0.8994894236488307
-0.8919562477277687
-0.8894451623572237
-0.8934999104955986
-0.9038174640687351
-0.9202703184710307
-0.9400234231682691
-0.9516479157902046
-0.9471567695478835
-0.9352613697067976
-0.9285480707610986
-0.9291702142079051
-0.9304664219763442
-0.9252701426488468
-0.9153444215239853
-0.9046445725770755
-0.8913170218444463
-0.8747727653353456
-0.8555705183191833
-0.8328682567734944
-0.8083365073962362
-0.7788712049668949
-0.7448875269964326
-0.7111128859898207
-0.6874452330266582
-0.6774588553830315
-0.673496084631228
-0.6683077683970468
-0.659233985420612
-0.6476666128212107
-0.6341955773117712
-0.6159505581967283
-0.5953832473522997
-0.575117259279028
-0.5587953430452428
-0.5451002770682287
-0.5294542170304349
-0.5118766126890397
-0.49460754029817067
-0.4768567179653595
-0.45778109669129674
-0.4372643125224729
-0.4165332744233237
-0.3979281868880374
-0.37878995952797967
-0.35869828422494726
-0.33776541018455597
-0.31648935618609425
-0.2970348838404206
-0.2819939518946728
-0.27039380866874496
-0.2585177527646132
-0.2455475162859567
-0.2320599970888782
-0.21843554130639187
-0.20514574237854039
-0.1918614959466891
-0.17888177026869007
-0.16645622621215886
-0.15464660554403578
-0.14462571627248527
-0.13697290477550217
-0.13051214552288584
-0.12419784778173147
-0.1178853610075316
-0.11138455271193114
-0.10417028647878838
-0.09636082947409409
-0.08862836568044437
-0.08201362410892836
-0.07664379087555821
-0.07207913730219485
-0.06811938286693245
-0.06458679283538289
-0.06105342340347218
-0.057460716941381204
-0.053720987445808416
-0.0496692322232406
-0.0454025765272628
-0.04117429247119564
-0.03747074739174532
-0.034594284812006756
-0.03219846924834447
-0.029908710596044177
-0.027667484467341515
-0.0255239303334057
-0.02342252062593049
-0.021409463971828514
-0.01950086268802296
-0.017660888897101806
-0.015945221673881935
-0.014431906436517617
-0.013147551563367853
-0.011994501194901985
-0.010890330948920668
-0.009844737729635024
-0.008886923390586195
-0.008008868997207945
-0.007218278610869652
-0.0065162121458972036
-0.005876709577450823
-0.005291620910770358
-0.004812872852742382
-0.00443959058942193
-0.004087336041759351
-0.003740227430422077
-0.003394019761991283
-0.003047861661555121
-0.002724852331322104
-0.002452875837374429
-0.0022345312222268356
-0.0020377251904063172
-0.0018425165032225103
-0.0016572132071277052
-0.001484705374946536
-0.001323088345876531
-0.0011766331001994634
-0.0010507822540934328
-9.432253132475028e-4
-8.468593656339848e-4
-7.588460443646925e-4
-6.752739064513969e-4
-5.958058016608745e-4
-5.286339777671635e-4
-4.6924204590041425e-4
-4.1943793997953083e-4
-3.7425536492706647e-4
-3.3261590393088e-4
-2.9502411548023867e-4
-2.6118515364599994e-4
-2.3171679777578267e-4
-2.070063138609436e-4
-1.8755282992498045e-4
-1.6810371761082814e-4
-1.5052219737136406e-4
-1.3464043692166947e-4
-1.2007847690967811e-4
-1.0637172045867036e-4
-9.351921421336305e-5
-8.209252260119684e-5
-7.240947447596391e-5
-6.363118048995306e-5
