-1.2070748911128104e-5
-1.3869501403178619e-5
-1.5352373182976794e-5
-1.703206134801246e-5
-1.910641379339254e-5
-2.1650133399208473e-5
-2.4935847563102307e-5
-2.8642635765338166e-5
-3.27357696239705e-5
-3.7421598742532055e-5
-4.224297565965698e-5
-4.777407336160527e-5
-5.502737038859006e-5
-6.345267096948542e-5
-7.276758116787099e-5
-8.33660573446667e-5
-9.54566404664558e-5
-1.1043302037385896e-4
-1.2626826471469062e-4
-1.4069367278298547e-4
-1.5679450986192748e-4
-1.7592675001198505e-4
-2.0097287269468418e-4
-2.2850072351563133e-4
-2.5785615634105e-4
-2.9002283077108487e-4
-3.261508777911629e-4
-3.6848656899895164e-4
-4.1518485310397193e-4
-4.6156165258039113e-4
-5.095171364485102e-4
-5.657147474820323e-4
-6.350001058787543e-4
-7.140795195065161e-4
-7.949483053483126e-4
-8.80069258245405e-4
-9.763311984120869e-4
-0.0010886418984548236
-0.001216887302204279
-0.0013559270810969573
-0.0015038816164838788
-0.0016655902722537475
-0.0018498217270376295
-0.0020568319931306596
-0.0022871631010289058
-0.0025619593225176796
-0.002887817003064313
-0.0032465683050050004
-0.0036437795073546355
-0.004063975701014589
-0.0044433625215588605
-0.004784907400935432
-0.005138604557575867
-0.005540174881550924
-0.006012031351337087
-0.006549813023129167
-0.007140603985007723
-0.007799635705596827
-0.00849433641139985
-0.009227667653394188
-0.010270531678290614
-0.010982662062895046
-0.012810318397250907
-0.014217268491765071
-0.01541763229711619
-0.016780667315067683
-0.01835104031650965
-0.020112731655643264
-0.022219114949252293
-0.024492694725980854
-0.02730731354159392
-0.03185959501901559
-0.041545392871712855
-0.05404245255929614
-0.05701288291113549
-0.03342303088840092
-0.03539514717606736
-0.03866593231959458
-0.04290110900493764
-0.0477926258314163
-0.052046581947907324
-0.05496598956956582
-0.06012598214049871
-0.06286414649339805
-0.0658061370482024
-0.06998936780218763
-0.07525729483358976
-0.07748450551740843
-0.08143089547561451
-0.08778354157381
-0.09651797519179703
-0.10650777477842507
-0.11691327981096099
-0.12755102206558244
-0.14042432962393256
-0.1547306168825544
-0.16720896572511731
-0.17657373111870764
-0.18489169599175692
-0.19289148884519822
-0.20220145421942962
-0.2153817967901501
-0.23084408433462256
-0.24567909484088107
-0.26063022387081647
-0.2736369819162
-0.28537673022689664
-0.30276483611977284
-0.3155947403545356
-0.3305362698798336
-0.3363532401232406
-0.34812599293590524
-0.3681679241997862
-0.3950221439547673
-0.42068125535224454
-0.4394660009219642
-0.45469352583227274
-0.4722333726814619
-0.4932594100204716
-0.5144056677481152
-0.5339060812778301
-0.5543501966589213
-0.5775780869545131
-0.60638276051726
-0.6442249310335076
-0.6856600269424171
-0.7212720598466369
-0.748958388888943
-0.7710210508353231
-0.7691272319512547
-0.7692999857056386
-0.7855295712097742
-0.8057309462907908
-0.8195546881219674
-0.8297459831240925
-0.84201223245289
-0.862052207682509
-0.8861443101372409
-0.9052540285663486
-0.9179811735770557
-0.9245338157321056
-0.9350029873742653
-0.9677321510813934
-1.01190702650562
-1.051868947781388
-1.0826241254497366
-1.1070219998340478
-1.1332584008659945
-1.1616077302888164
-1.1883497155971734
-1.2020013865244468
-1.1934716612198126
-1.185976296337016
-1.1859643952299594
-1.1893626733325826
-1.1971434464259254
-1.2111452092005452
-1.2283755496125306
-1.2387042564045352
-1.234822442309918
-1.2267810670992825
-1.228542066921489
-1.2356348826048893
-1.2439353923721608
-1.2526708748126771
-1.2560385975499833
-1.2564135821163263
-1.2573449953445492
-1.2503553846936302
-1.2401001971614973
-1.2314301263792007
-1.217279333066403
-1.1940301500416648
-1.1655642534633055
-1.1392267231819015
-1.1153540578405383
-1.0888146712281752
-1.0627720094422617
-1.0460720013386016
-1.0380539182050368
-1.030957271707806
-1.015148705338134
-0.9893444042482186
-0.9578546922178685
-0.9249046467817917
-0.8959850768902364
-0.8734481888529327
-0.8521880097968696
-0.826826214179323
-0.7984069317241003
-0.7696677509995524
-0.7429897930004177
-0.7198045580578951
-0.6982747624124302
-0.67654271689636
-0.6554121343427197
-0.6329092752922482
-0.6076705289659903
-0.5800909147514232
-0.55195155680237
-0.5270418263448616
-0.5055858203682783
-0.4853976639420276
-0.4656444751281211
-0.4463551601508008
-0.4275715410406078
-0.408847499456756
-0.3894101990596888
-0.3698368689189631
-0.35131213010924617
-0.33438507391057
-0.3175899756743228
-0.30165169318153956
-0.2858070721998452
-0.26925838714495837
-0.25336423839736605
-0.23889321515606918
-0.22531936342301684
-0.2118247021176844
-0.1983859012946232
-0.18566939607248764
-0.1735902498820386
-0.16199963306665982
-0.15081852475831328
-0.13970574679545217
-0.12925519282552972
-0.12048177054416032
-0.11358415987383032
-0.1076359707662952
-0.10173892811877751
-0.09569151823760333
-0.08938322441749232
-0.082677808067979
-0.0761624026735069
-0.07026337765681649
-0.06491449531861371
-0.059995233635039995
-0.05557905638518201
-0.051621850991518704
-0.04799316806477231
-0.044548460187823505
-0.04117052971328157
-0.03793089455910842
-0.034874330530928
-0.03198450864298833
-0.02924753325510922
-0.026655306108621275
-0.024203440970867355
-0.021923240260136232
-0.019896501276789873
-0.018185783063494273
-0.01675648021558016
-0.015496143764994122
-0.01431444932599036
-0.013167051772875448
-0.012040420459246352
-0.010945482147491614
-0.00990597947609116
-0.008954235302620897
-0.008128396196121239
-0.007411973256978697
-0.0067634651385216765
-0.006156110310445259
-0.005585501519599216
-0.005072415537215064
-0.004628535772298814
-0.004229631168774469
-0.0038498253754945936
-0.003473039773245709
-0.00309780060850791
-0.002742958184446581
-0.0024343082877673838
-0.002174180764434401
-0.0019468907050055311
-0.0017395836186863249
-0.0015477512776309198
-0.0013767266750637722
-0.0012295641792020964
-0.001102865020289818
-9.92597003878711e-4
-8.897726188109596e-4
-7.882247472184869e-4
-6.997862713236135e-4
-6.294695044026341e-4
-5.662308081553657e-4
-5.063579219086389e-4
-4.5121954667578704e-4
-4.028030828805194e-4
-3.5863748954124606e-4
-3.1677292682161305e-4
-2.794189733059313e-4
-2.4659619972683655e-4
-2.1688844900983004e-4
-1.900811996442579e-4
-1.6627304214967198e-4
-1.4539931820987975e-4
-1.2735349003945552e-4
-1.1219042719568591e-4
-9.897002587191447e-5
-8.678979360888245e-5
