1.0784357516290502e-6
1.1689334862598213e-6
1.6939954270326542e-6
1.7800191113940695e-6
1.7333069679065565e-6
2.38849521314392e-6
2.7315505794805783e-6
2.502497037110182e-6
3.2096992663363572e-6
4.1654991968061655e-6
3.950017567336381e-6
4.198918946316734e-6
5.559544969132426e-6
6.081600957425588e-6
6.508992149986605e-6
8.21572360626841e-6
9.210493978343322e-6
9.776659156980406e-6
1.2361304853585754e-5
1.4601675645987884e-5
1.5087685379845974e-5
1.760404944304838e-5
2.0688495783175082e-5
2.0504496021189955e-5
2.2416629494913895e-5
2.9150535803673667e-5
3.3501405635897155e-5
3.618680822900114e-5
4.311492570248426e-5
4.878252211948736e-5
5.1764769405288194e-5
6.098862447263975e-5
7.097561871591062e-5
7.342478909583904e-5
8.153405657773286e-5
9.873249106521406e-5
1.0700462214915647e-4
1.1043354371153274e-4
1.2479300612040892e-4
1.3786097734587075e-4
1.4351851897371158e-4
1.5940462749258017e-4
1.801945197635486e-4
1.943475134276263e-4
2.2014622768996625e-4
2.5315375302272864e-4
2.6567668741647434e-4
2.8026774385875e-4
3.2123918759029043e-4
3.5190546298507965e-4
3.677054220286329e-4
4.1006382531968944e-4
4.5064666287073494e-4
4.5336249523191506e-4
4.8120041139045923e-4
5.604059925399373e-4
6.121056788276775e-4
6.241342247992793e-4
6.617889984391646e-4
7.160754602705083e-4
7.48291466278592e-4
7.784414529743305e-4
8.191399028328534e-4
8.574724544556948e-4
8.80740611785311e-4
8.586931314900757e-4
8.343456923694796e-4
9.404337030126888e-4
0.0011554084493172704
0.0012905238615985813
0.0013056368554337414
0.0013033354853513287
0.0012987479371619247
0.0013127340738466684
0.001459011716627326
0.0017636014354768007
0.0021265050534626123
0.0024030971494887025
0.002483517520112633
0.002529181454085718
0.0028212228213102364
0.0031797292089497074
0.0032776316797785182
0.0034223345923753076
0.0039592228098021725
0.00450893496023152
0.004847135797346519
0.005352086074644244
0.005949390246994962
0.006250377770961835
0.006685726227290442
0.00782175366282121
0.009298432347336155
0.010583181462922482
0.01154091724426857
0.012087009185337946
0.012539307935700097
0.01346866135429045
0.014620949242109193
0.015649067214221882
0.017254112466788905
0.019503691700351235
0.02090099889947037
0.021005234387444248
0.021359968675283402
0.02287156756367907
0.02502519021466074
0.027410449211020847
0.02962091517240001
0.030873668500351118
0.03149818924390176
0.033312379788643876
0.03726035514675664
0.041676470420111494
0.044124349105919114
0.0448052685244573
0.04622900015303114
0.04901726809846471
0.051260783264134295
0.05262913079950516
0.05466440367293759
0.05705787150128833
0.05829628757745894
0.05852803806838133
0.05853301048907251
0.05920950165202047
0.06259653827951876
0.06856777186924429
0.0732328081975069
0.0753401015720023
0.07840040802286448
0.08345479876458795
0.08752145346213172
0.0895348985618038
0.09063670907351576
0.09155231968687688
0.09398904970873694
0.09881981560940396
0.10265233042557168
0.10303526137660961
0.10306378260478276
0.1052548476818326
0.1082257400627558
0.11207835196516873
0.11788649048810852
0.12220172219933204
0.12091057878437843
0.1162888067528592
0.11353593031703742
0.11311695424923106
0.11139616257714559
0.10781344346303043
0.10718868869603074
0.1122555704340295
0.11846945042524613
0.121772284298921
0.12460060894066678
0.12766319643455407
0.12674030132065534
0.1233093342440793
0.12392405649141142
0.12680185964804572
0.12519318764566004
0.12112815299341413
0.11999033972462958
0.11920163000835335
0.115225147739006
0.11102813858551326
0.10859143561850194
0.10550246770042067
0.10175764971568554
0.10012165654090266
0.10064411661375626
0.10070202623113363
0.09784095594150309
0.09149991169938688
0.08459104594981173
0.08082336958890304
0.07944817651470437
0.07694574871827817
0.07257128298168927
0.06801878742891869
0.06449688174365084
0.06253286126545152
0.061483034499513804
0.059402424234032095
0.05559351256463351
0.05106038809943314
0.04630324806678854
0.0418673665318337
0.03901563673228179
0.03715638147661495
0.03429415612765148
0.03088507572992284
0.028680921821973005
0.027085296611069672
0.025016328956304904
0.023304842241115092
0.022198163438544017
0.020557755391719258
0.01865512127412023
0.017569100144998327
0.01668247952505113
0.015406759811186407
0.014928922341097071
0.015517868624614918
0.015379653676253463
0.01386417023757477
0.012437500777618871
0.011852788211067378
0.011434405992731768
0.011009659094677894
0.01097649232783656
0.011023392866367056
0.010684111997203505
0.010355007111305279
0.010486379876768781
0.010705115605564093
0.010569276937131371
0.010280928363556523
0.010149512672830402
0.010111944976906852
0.010028560115669074
0.009889555638015378
0.009661254203180406
0.009287096256474902
0.008823546379327977
0.008407078659227738
0.008122728228302687
0.007941039343308658
0.007766270293181276
0.0075416653142283815
0.007263696134219345
0.006917786759116763
0.006503252657246848
0.0060839830726388535
0.00572461066209967
0.00542643634699675
0.005151206533857855
0.004858920198390652
0.0045544550876867405
0.004293832296587658
0.004077845248407707
0.0038296770109026972
0.0035456303863569236
0.0033031758753064586
0.0030968054192177536
0.002866802933566903
0.002641306268177062
0.0024642007412886877
0.0022973581084690833
0.002117244526231123
0.001959204795528072
0.0018264580829133155
0.0016929288231348114
0.0015635157591733357
0.0014454071244919674
0.0013305182111549357
0.0012236888372558188
0.0011225079483255654
0.0010123916346931393
9.101995389488496e-4
8.384871743543455e-4
7.762026716167798e-4
7.029504361104356e-4
6.334036241151373e-4
5.730255961581168e-4
5.133293113627342e-4
4.6423429139098117e-4
4.303743013326312e-4
3.946540680866569e-4
3.5404858755165927e-4
3.194481570709739e-4
2.866533896524076e-4
2.515780970699693e-4
2.2319339384239406e-4
2.007257999216285e-4
1.7650823750815827e-4
1.555030455618044e-4
1.4121476979749825e-4
1.2611597012550518e-4
1.0962577582250676e-4
9.73088163724626e-5
8.687439107688989e-5
7.593312827762654e-5
6.741682851607251e-5
5.992869811526275e-5
5.091609352349202e-5
4.363483993351883e-5
3.8862824161103595e-5
3.318041418280652e-5
2.7750035156501134e-5
2.475155004293482e-5
2.1557839821693383e-5
1.7415710211973377e-5
1.494801809905941e-5
1.3402301179340085e-5
1.0936779918076095e-5
9.067165841807999e-6
8.327005518637463e-6
