-1.1603139689888476e-6
-1.105905344416141e-6
-1.4350090069895546e-6
-1.6039818759527965e-6
-1.4166336198415499e-6
-1.6807604844093739e-6
-2.0875023046607596e-6
-1.9765755315738946e-6
-2.192788196790718e-6
-2.8312340110411043e-6
-2.8926222393173053e-6
-3.236246460170801e-6
-4.477173346071548e-6
-4.854630252065233e-6
-4.724613352942782e-6
-6.172631888913525e-6
-7.551571811174627e-6
-7.422645088831006e-6
-8.49970118958239e-6
-1.0615859044156397e-5
-1.0883905291461413e-5
-1.1604468766887201e-5
-1.4847559678785603e-5
-1.7254135018666804e-5
-1.9234257202832494e-5
-2.361526138882926e-5
-2.6507209778334923e-5
-2.7034717150740098e-5
-3.14451414488708e-5
-3.7427034845741004e-5
-3.9715594727827534e-5
-4.520562781885059e-5
-5.5321150011361305e-5
-5.921187699613834e-5
-6.07089582543435e-5
-7.16593821497303e-5
-8.500137771348414e-5
-9.557026242390363e-5
-1.137601569339534e-4
-1.3498768421039837e-4
-1.4967008559130688e-4
-1.732139621091104e-4
-2.0907324228478487e-4
-2.3127839112247584e-4
-2.4224251523504467e-4
-2.7268515199279085e-4
-3.2299534601388575e-4
-3.786319007440441e-4
-4.396437413870132e-4
-4.916850759973491e-4
-5.252445002908321e-4
-5.75125457741232e-4
-6.580977390656225e-4
-7.358245126586631e-4
-8.000972840725282e-4
-8.947091364003121e-4
-0.001025287043527778
-0.0011429150034760892
-0.0012286182735198826
-0.001347997095201921
-0.0015838222064373099
-0.001881953966234824
-0.0020771298242127476
-0.00217217210762326
-0.0023721056948317705
-0.002724494407883043
-0.003041727126769994
-0.0032375992369530113
-0.003402350855900928
-0.0036327014549836665
-0.0040456621893836635
-0.004672582315024344
-0.005243705316599499
-0.005518036360506492
-0.005699788622263174
-0.006063409643563308
-0.006536084833437164
-0.007015362458696757
-0.007583372292960646
-0.008263393257672771
-0.009042680094349444
-0.009944863590759322
-0.010768061217596424
-0.011259533050029474
-0.01163575067282823
-0.01227822975687008
-0.013107007681848104
-0.013883886853588248
-0.014668457522218844
-0.01541259378485847
-0.015728494586591844
-0.015606028220056599
-0.015750168646260103
-0.016625180523756177
-0.017742594200754087
-0.01859120977166049
-0.019529971122397495
-0.020798622945307925
-0.02170311889022878
-0.02192317234525326
-0.022138744557813648
-0.02250622385761321
-0.022677264693410287
-0.023481733770198267
-0.025748858470212486
-0.028177946424188322
-0.029265802499732485
-0.029554596548737957
-0.0299244152045342
-0.030562745920267954
-0.0321008680864768
-0.0342559171658078
-0.03501074176160046
-0.03443141557406364
-0.03536432153982027
-0.038182816832088
-0.040477355411348344
-0.04215724640178678
-0.044600974873861804
-0.0468910854039461
-0.04834003342663423
-0.0504415219577829
-0.0530981676944101
-0.0547328309445047
-0.056289952097038805
-0.05890854347377956
-0.060584538076428544
-0.060426522213861786
-0.06088015774519546
-0.06256190989913932
-0.06344389772064865
-0.0636971066622983
-0.06499551919180437
-0.06683662411835786
-0.06821948722064078
-0.06948307534937613
-0.07038458489297306
-0.07060119014741438
-0.0716587492491557
-0.07436278803627872
-0.07663836434220825
-0.07678535783735309
-0.07566645428084519
-0.0743089463834666
-0.07271421386329398
-0.07153047524180596
-0.07229265015963354
-0.07566012673398384
-0.08058888794840476
-0.08544552071434387
-0.08933107066482053
-0.09171081646674484
-0.09180271855648331
-0.08988344084965591
-0.0875984766028414
-0.08557749146940977
-0.08361999039974581
-0.08331282093631315
-0.08550718860947769
-0.08670172761563366
-0.08438900245314228
-0.08259804431945796
-0.08517551237847562
-0.08884256330202478
-0.0894356635713305
-0.08867415136099223
-0.0896347325519319
-0.09186513360130505
-0.09402234353558721
-0.09592609613485466
-0.09688106870925946
-0.09584516328807438
-0.09344009554602993
-0.09201904804513159
-0.09350141289304985
-0.09679149425893385
-0.09830291197915342
-0.09670462376786688
-0.0948854904051995
-0.0951333492398319
-0.09601991401633556
-0.0959534348831733
-0.09548665087815018
-0.09492092413601438
-0.09365192650198746
-0.09211716428375383
-0.09145870047013763
-0.0918669494337806
-0.09277991833314195
-0.09364945522247164
-0.09403296552024412
-0.09376070898238804
-0.09300276246509043
-0.0920649676143004
-0.09108741336087027
-0.08950028673741497
-0.08657625096423228
-0.08317529741953954
-0.08100171762503813
-0.07971279544100932
-0.07767196024550536
-0.07519331180727491
-0.07350662451058403
-0.07179695984471475
-0.06879794602641343
-0.0653694648409505
-0.06275001614422027
-0.06057617969813895
-0.058219268620820844
-0.05577000421387428
-0.053184645624883266
-0.05033129503275601
-0.047616715429688615
-0.04529833447912568
-0.042831832857138825
-0.03977576680657024
-0.03674311181151525
-0.03460716471431041
-0.03301678049476273
-0.030835686846507067
-0.028096736109803518
-0.025882397344270298
-0.0242208180435463
-0.02228148752604837
-0.020400018279024223
-0.01941377843245308
-0.01875695501090045
-0.017567230953414104
-0.016291433378253384
-0.015376145089782425
-0.01427114225407604
-0.01283907543275421
-0.011737314925145773
-0.011074337217445529
-0.010394887605093812
-0.009627576833677102
-0.008880714898412028
-0.0080635941087516
-0.00725777986994382
-0.00666837913270671
-0.006214476815276318
-0.005737197829719902
-0.005261969116453064
-0.004819587050169683
-0.004426967317199462
-0.004154943543690546
-0.003935148437489326
-0.0036056807773839046
-0.0032107136453877264
-0.0029016785133729826
-0.0026723921674696085
-0.0024549546882289266
-0.0022494087639884828
-0.002047609222065179
-0.0018376993617127383
-0.0016519654281467433
-0.0014981746005514071
-0.0013543414303032748
-0.001231977705494608
-0.001138151638924191
-0.001050626950583528
-9.707620747213853e-4
-9.048917008235387e-4
-8.317923872965535e-4
-7.530147393711342e-4
-6.903250344317289e-4
-6.317212172260394e-4
-5.647904021162516e-4
-5.069141086800669e-4
-4.5814705246570637e-4
-4.067662609283762e-4
-3.6723590671007864e-4
-3.4297591660181634e-4
-3.129792181641057e-4
-2.821032831233953e-4
-2.653809194802503e-4
-2.467706761593706e-4
-2.1763132902788315e-4
-1.9553561455634485e-4
-1.7975686165400988e-4
-1.5876261033291025e-4
-1.4322830900673921e-4
-1.369278809899823e-4
-1.237285442306218e-4
-1.0537987109920901e-4
-9.553198746037575e-5
-8.884695146144039e-5
-7.935558372723132e-5
-7.399699014456623e-5
-7.035967771071168e-5
-6.139846333794612e-5
-5.349968497613812e-5
-5.049631196549687e-5
-4.561920209276942e-5
-3.942905384103137e-5
-3.6614722634015796e-5
-3.3400308729170645e-5
-2.8347315376320706e-5
-2.6076772386691504e-5
-2.484832108152713e-5
