9.803833207251498e-7
1.082990289520192e-6
9.600181576000716e-7
1.2125503698100643e-6
1.5698257071699925e-6
1.595876047928962e-6
1.8235960606041972e-6
2.2799471192534326e-6
2.4266314011524868e-6
2.7639436181916907e-6
3.4689570273350877e-6
3.6715178192915922e-6
3.900364795658256e-6
5.0051438226373394e-6
5.766234288837824e-6
6.071060751915039e-6
7.63744794869221e-6
9.478983527444645e-6
1.0119012026444896e-5
1.1541429978214199e-5
1.3891387599908235e-5
1.48108855810878e-5
1.6583666768657685e-5
2.14414280183131e-5
2.5169237710526623e-5
2.7077196456217015e-5
3.2010259651320484e-5
3.7521203633163976e-5
3.9413345109955055e-5
4.3653244668509327e-5
5.287966554553e-5
5.9151331548806425e-5
6.162991397549283e-5
6.691934575124692e-5
7.45011998475996e-5
8.360199882520416e-5
9.821513671326996e-5
1.1620726052972442e-4
1.3425794758551693e-4
1.5312552956536012e-4
1.6679478452339346e-4
1.7517997420900177e-4
1.9624309098493012e-4
2.307173803227854e-4
2.5445869363571077e-4
2.662906682370451e-4
2.808092654234484e-4
2.8693335906162235e-4
2.8368998885079194e-4
3.0567077253036186e-4
3.611544969355515e-4
4.2149149012069e-4
4.79383532953936e-4
5.401186714854656e-4
5.962921001661075e-4
6.546757924916156e-4
7.181471432852945e-4
7.654953278323838e-4
8.13949858545854e-4
9.034122458092474e-4
0.001002626485670304
0.0010729058676586872
0.0011507861439626794
0.0012336876720817254
0.0012631447478182926
0.0012944454506605145
0.0014273004610512602
0.0015938092419315259
0.001683780306478316
0.0017571120996476863
0.0019287791797441634
0.0022193883468980585
0.0025869104154743667
0.0029322304433957278
0.003143644604828482
0.003237038857323022
0.0033041730327613645
0.0033652973663479365
0.003448287710082726
0.0036676366249561486
0.004111874313577206
0.00477949514323733
0.0055463435805658805
0.0061552780398376195
0.006516111571133882
0.006910829616922406
0.007542607536667762
0.00819026317053466
0.008592055469207674
0.008681819553716335
0.008453753504204013
0.008269188957092529
0.008921025896407205
0.010588265372856141
0.012369948578412206
0.013563111316057211
0.014508073067091851
0.01562822745158877
0.016668280487821676
0.017322506824329217
0.01775568126618826
0.018278696668688095
0.019090015465697198
0.0202827267147434
0.021711866168006647
0.02306618429233127
0.024356071975820598
0.026115751418217044
0.0288846323379032
0.03249125804898801
0.035895179740620696
0.03793985956706632
0.038529094683494275
0.03883726197221172
0.03997827476841516
0.04190737063836193
0.044228141307879755
0.047284998638433696
0.051279437558937074
0.05503466399996461
0.05721010244550541
0.05826307711163896
0.059553605365188916
0.06099179966356667
0.06162977940090062
0.062360216583017394
0.06542492092679175
0.07071629864700364
0.07520590742582185
0.07702123576303692
0.07751270422357807
0.0782498165251104
0.07873540020058435
0.07840194353667564
0.07838408743411256
0.07979246361167261
0.0818186583665742
0.08294272925745426
0.083509750774223
0.08581941547151463
0.09099157723064236
0.09692865899299861
0.10078855779304428
0.10211720055002853
0.10213435251033258
0.10201239122409199
0.10292326606123853
0.10511181670329889
0.10678386166559696
0.1068413166109266
0.10742155861293746
0.1105618631527671
0.11449933192394683
0.11609823061175124
0.11485060533855322
0.11286253914746629
0.11247889645906094
0.11422981871896658
0.11634730830891733
0.11671801750019037
0.11501144247925739
0.11240959318815619
0.1102884857362844
0.1091151083798604
0.1078327669632435
0.10548852664952406
0.10313933145178837
0.10191359290841474
0.10111053307278016
0.10047810325492598
0.10054425402637056
0.09975517794260626
0.09686852664025161
0.0948155237516193
0.09582677575473901
0.09687404887698567
0.09558974571798233
0.09390694905027033
0.09225339029499847
0.08867859252773942
0.0845107107088434
0.08233558676703931
0.08069333767605935
0.0775768274030921
0.07403398957171271
0.07021230145795045
0.06466165671984883
0.058760344506380034
0.05508878881520683
0.05285369113862455
0.05008762406124307
0.0469524339675904
0.043871045232000284
0.04055283640188637
0.03767121742585844
0.03594577485756532
0.03466484234817621
0.03331800344253915
0.032342892057069576
0.03148155776695345
0.030031759602202036
0.028345680406559787
0.027031459024480783
0.02589120742534812
0.024775974128687164
0.02385621746112635
0.02274268179021115
0.020945154826804473
0.01896237530556904
0.017643504417145173
0.016969749093891817
0.01633443436964205
0.015470010922655519
0.01451207111276621
0.013595985395457819
0.01281430488773968
0.012292019436949372
0.01199182094699461
0.011624246182301158
0.010999561607369989
0.010330627927535679
0.009973319174946808
0.009963683633019395
0.009981308116005169
0.009734265450657306
0.00924780963095346
0.00871654088999383
0.008202439629014277
0.007671451045773268
0.007202350377337619
0.006869970540375877
0.006550852713258351
0.006129840047476559
0.00571369378258257
0.005405950396166674
0.0051160475395003934
0.004764514454758768
0.004427351212723824
0.0041761612168416
0.0039761623879813746
0.0037762930875812235
0.0035703565412413007
0.003373711045180878
0.0032002213755575213
0.0030469977640447494
0.002886645107503275
0.0026887712158360053
0.0024593180751101783
0.0022501639745576216
0.0020987929364065894
0.001970420312038263
0.0018166796281415356
0.0016587613015847879
0.0015368176023169595
0.0014345234523374878
0.0013258226542171973
0.0012216401655748767
0.0011258189266110336
0.0010236461989811079
9.217422045749659e-4
8.356357153952925e-4
7.624648986174076e-4
6.993447470569075e-4
6.462194141832105e-4
5.904739690343607e-4
5.287783242944338e-4
4.774262992330627e-4
4.394680533337004e-4
4.024579615364413e-4
3.670670479305558e-4
3.3831607340521395e-4
3.084108679233097e-4
2.744929034993526e-4
2.4532443892934686e-4
2.2221070530709477e-4
1.9952297219965584e-4
1.7801132164998733e-4
1.6011753224261517e-4
1.4394000219522768e-4
1.2804826540752678e-4
1.125130048751727e-4
9.775825026582172e-5
8.580674828247899e-5
7.687756063344412e-5
6.814809242152218e-5
5.957817246222481e-5
5.32536320842158e-5
4.78544066177994e-5
4.1721887636986986e-5
3.632734927741813e-5
3.201920739691851e-5
2.7431447455572803e-5
2.3275402718810092e-5
2.043082206808709e-5
1.7713776002362843e-5
1.4885436806313007e-5
1.2908632349520915e-5
1.1311407477376626e-5
9.535870441707273e-6
8.279872654199329e-6
