-8.960513946363346e-7
-1.2363864874116357e-6
-1.1675924363831881e-6
-1.2555106164979536e-6
-1.8555947031161661e-6
-1.9020835602115616e-6
-1.690586758377617e-6
-2.4296280125455663e-6
-3.02370617361649e-6
-2.6878511300912556e-6
-3.153412360216447e-6
-4.338387665885835e-6
-4.532699445122e-6
-4.9280053987697585e-6
-6.461622479842994e-6
-7.165433788476732e-6
-7.4475232180912504e-6
-9.133927084334755e-6
-1.0372196721927902e-5
-1.0638100047743794e-5
-1.2801112565913013e-5
-1.564301050682471e-5
-1.6694482550202545e-5
-1.85752210040089e-5
-2.1508969210101202e-5
-2.237061541938392e-5
-2.4027846784955098e-5
-2.870414047241048e-5
-3.2003044176024606e-5
-3.5372818201765874e-5
-4.252760601164698e-5
-4.687140236986689e-5
-4.8948641768789796e-5
-6.169317618787093e-5
-7.970272804367556e-5
-8.62455651581683e-5
-8.885882028781987e-5
-9.987185594548226e-5
-1.1074352070073716e-4
-1.2055622133843115e-4
-1.397401598260702e-4
-1.6067171353548515e-4
-1.7618969471552173e-4
-1.962627123772245e-4
-2.2000921052231227e-4
-2.466889292789804e-4
-2.9476624501279067e-4
-3.595427170600806e-4
-4.184173046074227e-4
-4.831491987107096e-4
-5.559479426318918e-4
-6.036545609013074e-4
-6.446076973076563e-4
-7.185405431971921e-4
-7.846570733875456e-4
-8.289026039346701e-4
-9.301971623250572e-4
-0.0010740852723002152
-0.0011698336788795046
-0.001273164560694217
-0.001444789631904026
-0.001567343614611028
-0.0016395189252652077
-0.0018606786494169971
-0.002210276181116382
-0.0024785081709743535
-0.00269846627268485
-0.002990009869850773
-0.0032556078870854817
-0.003457131696611188
-0.0037035266513393153
-0.003915382403786787
-0.003996648201631553
-0.004175277659946506
-0.004643034638078512
-0.005247442303759952
-0.005823362954581029
-0.006356987374957462
-0.006846187592567943
-0.007318148387743166
-0.007703460871300917
-0.007794334366085057
-0.007797633404099999
-0.008318834564900015
-0.009306719581656395
-0.010038100138666807
-0.010418418305311095
-0.011053594552511271
-0.012173736653199648
-0.013673924611834453
-0.015520996787334798
-0.017149760992802673
-0.01767390945934272
-0.017382704847278767
-0.017545214637594963
-0.018461207126443505
-0.019352151450222115
-0.02011663539242242
-0.02146626235925867
-0.02346256941731753
-0.02544978839464444
-0.027196798229463193
-0.02883053656795638
-0.03007824611401512
-0.030734607055567402
-0.03131591700579407
-0.03224966329080647
-0.033078754189510194
-0.03321996172750505
-0.03286303510232691
-0.03284479667162609
-0.034142070093836394
-0.037038819177997846
-0.04043222859136743
-0.04297610234577205
-0.04475854778877895
-0.04637106973677632
-0.047347659653850856
-0.04755764950390338
-0.048495331522800125
-0.05100084246654993
-0.05368428567286834
-0.055418549485202175
-0.05710289291007287
-0.05943041424748093
-0.061096545601032455
-0.06078374632481291
-0.059589719101713914
-0.05996117126454883
-0.0625539609426401
-0.06572746638126051
-0.06843745171594462
-0.07147539649532293
-0.07499978309242633
-0.0775284201253374
-0.07851672395557921
-0.07930579362992733
-0.08084652578745047
-0.08268571132574278
-0.08389485604178903
-0.0835291058253915
-0.0816417863166608
-0.0805309278427025
-0.08262758776990647
-0.08704447149334026
-0.0905999246553809
-0.09178418099658515
-0.09184947761587162
-0.09266249797458037
-0.09443404876013384
-0.09543866849925103
-0.09461849406113225
-0.09394158645457142
-0.09588454837103894
-0.09943278858447403
-0.1015895335898412
-0.10150009489961698
-0.10020723853187884
-0.0984359354801223
-0.09713724681949823
-0.0978125406308437
-0.10048089984479884
-0.10339734162817235
-0.10536773727674928
-0.10657011125446536
-0.10738508770936495
-0.10777155072115295
-0.10739602303709479
-0.10597172001809599
-0.10379559658624164
-0.10161419441930963
-0.10002607518802999
-0.09943170845641297
-0.09942307678252477
-0.09807456371435073
-0.09435568554301578
-0.09080907878061396
-0.09009020533543978
-0.09026519500965546
-0.0882612323080494
-0.08546052842699893
-0.08459164278100959
-0.08446988031875402
-0.08302964370783025
-0.0817178672827333
-0.08241934388960219
-0.08385680058208723
-0.08418899192239548
-0.08372676311353835
-0.08342956547683658
-0.08349725040079846
-0.08375297017196873
-0.08356118461628512
-0.08216631551139392
-0.08005233797269475
-0.07844466404414137
-0.07726700982024541
-0.07543081834606898
-0.07285770011133316
-0.07036921472180277
-0.06807784374791617
-0.06553729219254771
-0.06297704390121782
-0.06101758697751182
-0.05953721330676391
-0.057850773263696385
-0.05576099533044797
-0.05370303890653625
-0.051966477207594605
-0.05023651303656807
-0.04801281198322898
-0.045412952636423656
-0.04324403883537223
-0.04189664824268471
-0.040641145855200664
-0.03872917638215106
-0.036498499589447266
-0.034503775212768775
-0.032537255132795505
-0.030428412644139737
-0.028592728657294904
-0.027027486014736545
-0.0251159972465967
-0.022875617300677796
-0.021053461583990817
-0.01989729337888451
-0.01900335381902158
-0.018130064959623316
-0.017252215752301098
-0.01624758619604373
-0.015118825333412921
-0.014082731601972629
-0.013208945819701142
-0.012362540762691377
-0.011505607763098806
-0.010749103435107547
-0.010139644093595317
-0.009563064222823481
-0.00888726748031471
-0.008139753881443397
-0.00743227915854033
-0.006762167903424654
-0.0060829364734721275
-0.005468159116712858
-0.004984774480284604
-0.004573378434901661
-0.00420424980256132
-0.0039123295015799225
-0.003643225309857314
-0.0033290424782802634
-0.0030331606758307785
-0.002803896443740971
-0.0025692611102981337
-0.0023066849857817607
-0.002090290041603461
-0.0019349660694570772
-0.0017916509546862672
-0.0016506611348149657
-0.0015245475385564059
-0.0014134588098039806
-0.00132129231556922
-0.0012300148637849203
-0.001106726586994875
-9.748063096871488e-4
-8.837126694115473e-4
-8.198816561277701e-4
-7.459178341058868e-4
-6.715875614622407e-4
-6.115727095399482e-4
-5.508806565650539e-4
-4.885231828228388e-4
-4.4153486803608826e-4
-4.059998110452888e-4
-3.678180098212963e-4
-3.2946506479275653e-4
-2.972682145881762e-4
-2.6867057416596677e-4
-2.407714619559649e-4
-2.1492554070320856e-4
-1.9454580169240082e-4
-1.8040113517537153e-4
-1.6630007563267138e-4
-1.4803712136399842e-4
-1.3158058981456043e-4
-1.2072485134987382e-4
-1.0984804139914679e-4
-9.689883734410487e-5
-8.62135193255973e-5
-7.790315745799333e-5
-6.980434562789638e-5
-6.316237681943909e-5
-5.760991829317071e-5
-5.108981805515884e-5
-4.530405617050428e-5
-4.1557685455262756e-5
-3.738422086459901e-5
-3.258408365714129e-5
-2.9360559352379963e-5
-2.6774476806849244e-5
-2.338643993821839e-5
