0.0750000000	1.0908695668
0.0754013378	1.1080425697
0.0758026756	1.1147678264
0.0762040134	1.1108125587
0.0766053512	1.1191209870
0.0770066890	1.1310505004
0.0774080268	1.1366928845
0.0778093645	1.1419781691
0.0782107023	1.1454283644
0.0786120401	1.1472077274
0.0790133779	1.1498722096
0.0794147157	1.1378229963
0.0798160535	1.1135008628
0.0802173913	1.0993086725
0.0806187291	1.0963056786
0.0810200669	1.0944005476
0.0814214047	1.0930452834
0.0818227425	1.1008385062
0.0822240803	1.1158328774
0.0826254181	1.1381649645
0.0830267559	1.1596331646
0.0834280936	1.1655239891
0.0838294314	1.1708586286
0.0842307692	1.1820708865
0.0846321070	1.1890778306
0.0850334448	1.1821228403
0.0854347826	1.1662329527
0.0858361204	1.1480579773
0.0862374582	1.1294507136
0.0866387960	1.1158892784
0.0870401338	1.1070712952
0.0874414716	1.1016479733
0.0878428094	1.1032277059
0.0882441472	1.1083575476
0.0886454849	1.1119772285
0.0890468227	1.1168983606
0.0894481605	1.1226868560
0.0898494983	1.1224230865
0.0902508361	1.1161706507
0.0906521739	1.1105264670
0.0910535117	1.1076242771
0.0914548495	1.1083310333
0.0918561873	1.1116462026
0.0922575251	1.1147300292
0.0926588629	1.1194627256
0.0930602007	1.1263607712
0.0934615385	1.1294382208
0.0938628763	1.1279510245
0.0942642140	1.1267367268
0.0946655518	1.1275333840
0.0950668896	1.1321848744
0.0954682274	1.1438413962
0.0958695652	1.1578802464
0.0962709030	1.1655775186
0.0966722408	1.1676418225
0.0970735786	1.1649187458
0.0974749164	1.1541398342
0.0978762542	1.1406013299
0.0982775920	1.1267589673
0.0986789298	1.1131954291
0.0990802676	1.1005893206
0.0994816054	1.0643376822
0.0998829431	1.0994012171
0.1002842809	1.1020802458
0.1006856187	1.1114136474
0.1010869565	1.1182566621
0.1014882943	1.1247440294
0.1018896321	1.1363044665
0.1022909699	1.1429630577
0.1026923077	1.1423509519
0.1030936455	1.1449083772
0.1034949833	1.1470886900
0.1038963211	1.1424920383
0.1042976589	1.1252754133
0.1046989967	1.1046469747
0.1051003344	1.1719399838
0.1055016722	1.1929490241
0.1059030100	1.1827780019
0.1063043478	1.1856630568
0.1067056856	1.1883209742
0.1071070234	1.1866017264
0.1075083612	1.1843690132
0.1079096990	1.1810131153
0.1083110368	1.1677356473
0.1087123746	1.1551689776
0.1091137124	1.1464759361
0.1095150502	1.1184594968
0.1099163880	1.1327607250
0.1103177258	1.1304787219
0.1107190635	1.1189117473
0.1111204013	1.1070434118
0.1115217391	1.0968095228
0.1119230769	1.0896513447
0.1123244147	1.0904761274
0.1127257525	1.1062580152
0.1131270903	1.1253058091
0.1135284281	1.1248191851
0.1139297659	1.1119277354
0.1143311037	1.0998711748
0.1147324415	1.0924190072
0.1151337793	1.0885284620
0.1155351171	1.0850006063
0.1159364548	1.0814351630
0.1163377926	1.0789669939
0.1167391304	1.0791180037
0.1171404682	1.0827800691
0.1175418060	1.0867752842
0.1179431438	1.0916342981
0.1183444816	1.1081188928
0.1187458194	1.1450231157
0.1191471572	1.1346489770
0.1195484950	1.0982598169
0.1199498328	1.0850926408
0.1203511706	1.0831188646
0.1207525084	1.0854865212
0.1211538462	1.0896477359
0.1215551839	1.0945256826
0.1219565217	1.1003484844
0.1223578595	1.1058084475
0.1227591973	1.1060830360
0.1231605351	1.1030099367
0.1235618729	1.1036012635
0.1239632107	1.1115437661
0.1243645485	1.1309137684
0.1247658863	1.1391170940
0.1251672241	1.1212353854
0.1255685619	1.1159159833
0.1259698997	1.1164896112
0.1263712375	1.1109590734
0.1267725753	1.1014471916
0.1271739130	1.0935116606
0.1275752508	1.0936769970
0.1279765886	1.1003629823
0.1283779264	1.1076640540
0.1287792642	1.1086377263
0.1291806020	1.1057241111
0.1295819398	1.1067765667
0.1299832776	1.1106175585
0.1303846154	1.1093413808
0.1307859532	1.1065127846
0.1311872910	1.1067641299
0.1315886288	1.1078826208
0.1319899666	1.1094855118
0.1323913043	1.1150297233
0.1327926421	1.1239899620
0.1331939799	1.1327170795
0.1335953177	1.1401821709
0.1339966555	1.1459248867
0.1343979933	1.1500581423
0.1347993311	1.1505463618
0.1352006689	1.1432908911
0.1356020067	1.1282101793
0.1360033445	1.1170122678
0.1364046823	1.1140352094
0.1368060201	1.1190438094
0.1372073579	1.1297410543
0.1376086957	1.1391597292
0.1380100334	1.1415651594
0.1384113712	1.1366337228
0.1388127090	1.1304528349
0.1392140468	1.1276100484
0.1396153846	1.1264228195
0.1400167224	1.1282927571
0.1404180602	1.1359114497
0.1408193980	1.1490116689
0.1412207358	1.1623181088
0.1416220736	1.1694379788
0.1420234114	1.1720501539
0.1424247492	1.1694305014
0.1428260870	1.1604334818
0.1432274247	1.1502465121
0.1436287625	1.1427494144
0.1440301003	1.1381995578
0.1444314381	1.1377593164
0.1448327759	1.1405376067
0.1452341137	1.1422532695
0.1456354515	1.1396931341
0.1460367893	1.1342992732
0.1464381271	1.1303750352
0.1468394649	1.1282089855
0.1472408027	1.1281133152
0.1476421405	1.1310403609
0.1480434783	1.1346701530
0.1484448161	1.1367712601
0.1488461538	1.1384051613
0.1492474916	1.1403785342
0.1496488294	1.1423423565
0.1500501672	1.1448498655
0.1504515050	1.1476697558
0.1508528428	1.1501261161
0.1512541806	1.1519810710
0.1516555184	1.1539348221
0.1520568562	1.1559597530
0.1524581940	1.1577572704
0.1528595318	1.1581582581
0.1532608696	1.1560868688
0.1536622074	1.1530639547
0.1540635452	1.1498212636
0.1544648829	1.1452659258
0.1548662207	1.1379654877
0.1552675585	1.1320061975
0.1556688963	1.1317083513
0.1560702341	1.1353535908
0.1564715719	1.1407317292
0.1568729097	1.1469697116
0.1572742475	1.1523722955
0.1576755853	1.1544162917
0.1580769231	1.1531754836
0.1584782609	1.1510783508
0.1588795987	1.1490271875
0.1592809365	1.1471694078
0.1596822742	1.1454933576
0.1600836120	1.1431897638
0.1604849498	1.1400674634
0.1608862876	1.1374666082
0.1612876254	1.1361641286
0.1616889632	1.1367701726
0.1620903010	1.1393583695
0.1624916388	1.1434198503
0.1628929766	1.1481808890
0.1632943144	1.1522952375
0.1636956522	1.1554787819
0.1640969900	1.1584464979
0.1644983278	1.1602480342
0.1648996656	1.1604385186
0.1653010033	1.1617869372
0.1657023411	1.1665459224
0.1661036789	1.1741298994
0.1665050167	1.1802362399
0.1669063545	1.1817778567
0.1673076923	1.1796623792
0.1677090301	1.1764416879
0.1681103679	1.1735914580
0.1685117057	1.1723288017
0.1689130435	1.1715779886
0.1693143813	1.1705691658
0.1697157191	1.1680307884
0.1701170569	1.1641318669
0.1705183946	1.1613220187
0.1709197324	1.1612614746
0.1713210702	1.1628577983
0.1717224080	1.1635453622
0.1721237458	1.1625335838
0.1725250836	1.1617899083
0.1729264214	1.1635833003
0.1733277592	1.1676725443
0.1737290970	1.1705145759
0.1741304348	1.1686942708
0.1745317726	1.1639308203
0.1749331104	1.1596906978
0.1753344482	1.1576135353
0.1757357860	1.1573837777
0.1761371237	1.1582799848
0.1765384615	1.1604500136
0.1769397993	1.1645386197
0.1773411371	1.1689482051
0.1777424749	1.1709344517
0.1781438127	1.1707612558
0.1785451505	1.1693315953
0.1789464883	1.1676369725
0.1793478261	1.1680048034
0.1797491639	1.1694144822
0.1801505017	1.1697861099
0.1805518395	1.1718566439
0.1809531773	1.1749003444
0.1813545151	1.1746084826
0.1817558528	1.1716229746
0.1821571906	1.1680503677
0.1825585284	1.1650370545
0.1829598662	1.1616980373
0.1833612040	1.1576537340
0.1837625418	1.1551009811
0.1841638796	1.1553327663
0.1845652174	1.1561820246
0.1849665552	1.1571686815
0.1853678930	1.1617516416
0.1857692308	1.1693321552
0.1861705686	1.1753382733
0.1865719064	1.1784905648
0.1869732441	1.1794839421
0.1873745819	1.1763518609
0.1877759197	1.1689707728
0.1881772575	1.1661625420
0.1885785953	1.1655778730
0.1889799331	1.1659966367
0.1893812709	1.1683122125
0.1897826087	1.1710660014
0.1901839465	1.1731458880
0.1905852843	1.1750665662
0.1909866221	1.1744023987
0.1913879599	1.1680335464
0.1917892977	1.1629004017
0.1921906355	1.1616167066
0.1925919732	1.1627753722
0.1929933110	1.1665994935
0.1933946488	1.1707810749
0.1937959866	1.1723531899
0.1941973244	1.1731689302
0.1945986622	1.1742716634
