-8.972943565550246e-6
-9.932705453341411e-6
-1.0907225186926242e-5
-1.1946778422050096e-5
-1.337872499229004e-5
-1.5782750568653503e-5
-1.8825449076315048e-5
-2.152381740751783e-5
-2.3765135106691697e-5
-2.6485792211184055e-5
-3.078060877525105e-5
-3.576040371315065e-5
-4.0283039055282256e-5
-4.391155868597104e-5
-4.759804895392276e-5
-5.364463406664442e-5
-6.393472343447454e-5
-7.622572344280446e-5
-8.701984337348864e-5
-9.583577427892351e-5
-1.032576232134284e-4
-1.10217467184463e-4
-1.212811217538239e-4
-1.4545108711443052e-4
-1.824146737076679e-4
-2.2386504254333936e-4
-2.656673795602361e-4
-3.0862940267017774e-4
-3.5066903026728245e-4
-3.919271723687446e-4
-4.3380664836933507e-4
-4.813976290706952e-4
-5.483082849507769e-4
-6.406215163228692e-4
-7.4816243717537e-4
-8.536389351995759e-4
-9.463834089289372e-4
-0.001025599834214921
-0.0010986611836172433
-0.0011802284818097676
-0.0012798554155771119
-0.0013960174359852796
-0.0015457675246913906
-0.0017688739669960618
-0.002075896301473823
-0.002406520343809412
-0.0026960731377592318
-0.002947812284169393
-0.0031960271285237426
-0.0034686015609507927
-0.003782147033518593
-0.0041617883299127955
-0.004618762260491743
-0.005120903407603127
-0.00564268026237641
-0.006227198281771226
-0.0069566510190994775
-0.007737925209796073
-0.008430022730204998
-0.00909202128622955
-0.009734418667938498
-0.010266674344718977
-0.010894991344238825
-0.011434045286320919
-0.011881192330012348
-0.01239669953376769
-0.013539346900677148
-0.015619917762066423
-0.018339376779868088
-0.021487749869523412
-0.024687456900049358
-0.027574930275390784
-0.030042249153955997
-0.032349222339824235
-0.03449674261446954
-0.03685959564610818
-0.03951778082550341
-0.042623657571445935
-0.0459773023621258
-0.04929681798375404
-0.05299933309124945
-0.057476273223220554
-0.06260313796881484
-0.06655416330134456
-0.071521867011542
-0.07633196202612187
-0.08033325773670091
-0.08401070938264175
-0.08778377844345817
-0.09273757835075723
-0.0992774197271532
-0.10648279227790781
-0.11291424843165139
-0.11848642136061494
-0.12412673345995039
-0.13048334996099592
-0.13801344982524022
-0.14727702073097118
-0.15704829074679919
-0.16596202174959448
-0.1740628282013608
-0.1819716098696311
-0.19105137176398815
-0.2021084555405259
-0.21299477863450136
-0.21729007104328135
-0.22546923655609896
-0.23505287374056832
-0.23973142404002915
-0.2503328617920911
-0.259189418316069
-0.28501174063608975
-0.3108835980428658
-0.33397156961736324
-0.3539145132381443
-0.3727633722907044
-0.3938886561056265
-0.41796168201957373
-0.4429188805306247
-0.4669281875088719
-0.48981207683616
-0.5108130295657285
-0.5279175633829098
-0.5481564718931892
-0.5638694891927558
-0.574865819317541
-0.572493094086571
-0.5542363243467496
-0.5283175363059662
-0.5384523102307771
-0.5743747232912579
-0.6221059698863403
-0.6620746901930217
-0.695107914887244
-0.7208155636377249
-0.7356606294656329
-0.7477980114870366
-0.7685206842449857
-0.8056637017952408
-0.8432076493142734
-0.8679622094307722
-0.884435839558059
-0.8958740834956835
-0.8908438543614351
-0.8954935342273561
-0.9283239696762274
-0.9765426630542635
-1.0229049374327288
-1.054103527511105
-1.0694873907642493
-1.0667003103469508
-1.0542154922565121
-1.0525674880988505
-1.0622651782021277
-1.0766663727649464
-1.0886704349496963
-1.0965980318410957
-1.098369302941066
-1.0955515881302704
-1.093780905945289
-1.0983263189693273
-1.1092166888016766
-1.118893068340735
-1.1207297815824022
-1.1162906624679938
-1.1061632516713413
-1.0909544598657106
-1.0705333157325403
-1.0413270376864836
-1.007257084388175
-0.9787573218325258
-0.9675533419200713
-0.9721413676678671
-0.9710639081472427
-0.9543070203711013
-0.9234124839322638
-0.8981469590690222
-0.8855653377441846
-0.8747404298338095
-0.86457373779843
-0.855534470302202
-0.8415155688478276
-0.8200329070506186
-0.7915586159711397
-0.7622943585153898
-0.7423096790079198
-0.7336089428824357
-0.730098141477216
-0.7222891079951572
-0.703824050250243
-0.6762912318888612
-0.643100187641982
-0.6131055271151862
-0.5870185655330262
-0.562201188083217
-0.5428711266042012
-0.524219442562787
-0.5029340189351574
-0.4838764684277388
-0.4678009354729612
-0.4447081164090316
-0.4232076199660684
-0.4047672549475093
-0.3882080296161941
-0.37371905271303607
-0.3612446259232405
-0.348709444202063
-0.3338561660750203
-0.3162799348557072
-0.2979655648144483
-0.28106008016797673
-0.26555708876641754
-0.2509949477891811
-0.23665556964146583
-0.2221381430498546
-0.2075535508007022
-0.19346180747042743
-0.1802816058965611
-0.16781823270057894
-0.15671256115173196
-0.1469642787111945
-0.1380072543323716
-0.12959224590734542
-0.12108532435979971
-0.11218245723056117
-0.10316472663187734
-0.09495697466344666
-0.08809009737430225
-0.08231426529986857
-0.07727373143102605
-0.07294344058313455
-0.06916716177165694
-0.06537592078729779
-0.06125110921761278
-0.05682809201328828
-0.05248155669871807
-0.04844761753703978
-0.04458081873589579
-0.040781727221185414
-0.03722974592659068
-0.03407293539144271
-0.03132037012938769
-0.028726500621314318
-0.02619065047794064
-0.023774387580283458
-0.021477814725877294
-0.01933842475412072
-0.01746842313263025
-0.01589191267504676
-0.014461276598305244
-0.013111269702733358
-0.011841313884597322
-0.010650540393888668
-0.009564228584912815
-0.008670863849394658
-0.007991762803119624
-0.007417305792762117
-0.00682929733560281
-0.006263202961237132
-0.005770589277137635
-0.005301641270177696
-0.004819505573996083
-0.004326535261586767
-0.0038426286082819537
-0.003424620210722852
-0.003085844745265988
-0.0028001607870996176
-0.002540601918788167
-0.002289742127779933
-0.0020528842797537484
-0.00183557051338137
-0.0016374829296963687
-0.001464867283600737
-0.0013201307186269066
-0.0011944188158614173
-0.0010793637370124446
-9.739314580855989e-4
-8.822531373866538e-4
-7.964247286854415e-4
-7.086260512267648e-4
-6.241986555553613e-4
-5.496148723303085e-4
-4.827575782851614e-4
-4.259354050576217e-4
-3.7682007860480684e-4
-3.3431685735608194e-4
-2.9798257832213104e-4
-2.6555668371899165e-4
-2.3565942952090516e-4
-2.0893757036983954e-4
-1.8575150154835046e-4
-1.641620883069024e-4
-1.442874340730184e-4
-1.2721964045779173e-4
-1.1168736585722706e-4
-9.728869429834446e-5
-8.44783920622018e-5
-7.362137910321584e-5
-6.463017230483056e-5
-5.6943306036137045e-5
