-1.0663686657772005e-5
-1.1874196346889916e-5
-1.3543231416878252e-5
-1.5673321613917515e-5
-1.8644646957720265e-5
-2.2244794592091627e-5
-2.5261786856897203e-5
-2.77920874366467e-5
-3.0863280398712074e-5
-3.510200130233034e-5
-4.063220285854665e-5
-4.683480623681644e-5
-5.2650376444830466e-5
-5.8650976659878957e-5
-6.764537382301221e-5
-8.138756494617571e-5
-9.514957622743933e-5
-1.0722214584668493e-4
-1.1803623043088284e-4
-1.2923656593706915e-4
-1.4251244570078291e-4
-1.6104587742507074e-4
-1.919428194838161e-4
-2.421999220121398e-4
-3.0047395900135255e-4
-3.516668879758076e-4
-3.9614090531005296e-4
-4.417618651526814e-4
-4.8766594444174576e-4
-5.357523147982886e-4
-5.921985791298424e-4
-6.629683516032947e-4
-7.532226309862389e-4
-8.626019316520969e-4
-9.778039193341411e-4
-0.001083372615556589
-0.001175804746571699
-0.0012588559665087846
-0.0013451787376065594
-0.0014561539471418113
-0.001599116502474886
-0.0017721480191316438
-0.002001565965747669
-0.002313915641806005
-0.0026750470983431126
-0.0030110913820443124
-0.0032908710895945964
-0.0035527547851324994
-0.0038480734854590454
-0.0042016155812263775
-0.004612240350018924
-0.005098428667773977
-0.005669086380974122
-0.006285680553071058
-0.0069393894446832015
-0.007683391897245111
-0.008511809184525019
-0.009280227339911011
-0.009988892029692647
-0.01075574721671145
-0.011545456722699644
-0.012269823643632216
-0.013034033256927457
-0.014143801298454958
-0.01532589226024587
-0.016977715533368062
-0.019476662481471004
-0.022721749253151822
-0.026199642741139093
-0.029577870567028278
-0.032442199934370544
-0.03480507624680407
-0.036875864973587455
-0.039609051429804774
-0.04088382164897669
-0.04191381472580115
-0.04530998100742646
-0.04934568688915469
-0.05357730975447676
-0.05776820784957494
-0.062413914436522125
-0.06800991222382631
-0.07543348023575049
-0.07732378735090766
-0.08001146955094691
-0.0838822711974091
-0.08779770612729443
-0.09196819344242799
-0.09661069908239624
-0.10284002868550053
-0.11124955344152558
-0.12047564616754498
-0.12814568713154925
-0.1352939277680581
-0.1455944031858881
-0.1598584733778918
-0.17625443726965734
-0.19256568876640956
-0.2048888717096987
-0.2129537738475313
-0.22026195475242893
-0.2297788274954902
-0.24239842310635332
-0.25890561159041725
-0.2804641535430544
-0.29933571720327795
-0.31452015653715726
-0.3319257167233803
-0.34674690149013115
-0.35320943219040796
-0.36484789729066314
-0.38100836535316523
-0.4031452215977389
-0.42476508482992625
-0.4432646470149265
-0.4614458296765265
-0.48342124726772
-0.5105496711359071
-0.5408600818410271
-0.571047538831144
-0.6006216236347464
-0.6314014492013668
-0.6623371035695019
-0.6980649123073992
-0.7402486931092702
-0.7738364446905676
-0.7928343795987692
-0.7867429301182547
-0.7786412509775416
-0.7699334582058541
-0.7795120687326148
-0.8021635612395664
-0.8296500022111455
-0.8577969928473557
-0.8863472289762054
-0.915644635546007
-0.9479918188846168
-0.9803208762123559
-1.0131311538406642
-1.0435992583671678
-1.0643931317883064
-1.0836183261784236
-1.1041358725826005
-1.1167021371357027
-1.1246322088020415
-1.1530020422381904
-1.192024467489033
-1.224190818600409
-1.2446411137620517
-1.2597516348441626
-1.2693285501014475
-1.2604660791511442
-1.250629060866971
-1.2476499332266187
-1.251388978291568
-1.2581637757272075
-1.2682620076326203
-1.2799694564627677
-1.2926297252648664
-1.3068315566681763
-1.3241706118162355
-1.340839779559511
-1.349126059360315
-1.3477614164190441
-1.3397107934222625
-1.325185679993174
-1.3070715084393594
-1.289611021559457
-1.2719781702433224
-1.2559681517498724
-1.2439112515533393
-1.2343242460035169
-1.226881014291494
-1.2164541646242495
-1.1981373024295767
-1.1706519925833698
-1.1433906753776548
-1.1246774313567027
-1.1061810225538435
-1.0869992277350384
-1.0666402095097516
-1.0429700800190715
-1.0176578708039123
-0.9915950095711179
-0.9662689087154611
-0.946389333922615
-0.9314923643714712
-0.9146499697458126
-0.8892256153502335
-0.8566104678493699
-0.8231223088192352
-0.7907606552731126
-0.7605365279290877
-0.7306676281973239
-0.7018438575009774
-0.674808532896724
-0.6477456972775597
-0.6212033507543341
-0.596981838885083
-0.573546582537194
-0.5436590896657868
-0.5172292729579863
-0.4962359619733643
-0.4776070493039899
-0.45920108479090815
-0.44061906532592243
-0.4217144327270885
-0.40204147822127156
-0.38162740494838
-0.360783570992927
-0.34028204265441225
-0.320887491434226
-0.3028915671192294
-0.286112450473786
-0.27011437767460106
-0.25434797913169854
-0.23898587497839316
-0.2245650829068492
-0.21093680367911516
-0.19833759677956758
-0.18651908581997545
-0.17523869474562648
-0.16478479033696544
-0.1549113618340286
-0.14528116697470247
-0.13566987023086363
-0.12642763174474866
-0.11788819842708445
-0.10994720666476458
-0.10276612843169475
-0.09632297801745571
-0.09013727129080638
-0.08385697861094488
-0.07788993418157014
-0.07216716041375192
-0.06673381165466714
-0.06172633060622621
-0.05706612992720891
-0.052667600791243496
-0.04858495329975953
-0.04482305550215024
-0.041252911990831705
-0.03777737425527989
-0.034457992480999185
-0.03141848386609382
-0.028667823155171853
-0.02612370316937248
-0.023802727863339035
-0.021695480010829757
-0.019756298840888278
-0.0180200185697106
-0.01646523997783943
-0.015064987363349307
-0.013784240709172411
-0.012678810139089867
-0.011754222747210096
-0.010912276118201102
-0.01006454733775157
-0.009210146649607776
-0.008390470078897132
-0.007621645507116329
-0.006901002407417529
-0.006235975777013971
-0.005621317546170444
-0.005077936547809741
-0.004607062360705539
-0.004174923377250373
-0.0037688985034564763
-0.0033872239667051187
-0.003042508416504841
-0.002737044275043129
-0.0024590130415673536
-0.002209706067657927
-0.0019930237207611886
-0.0018010344905053362
-0.0016282524752684606
-0.001469951578014415
-0.00131961598278836
-0.0011764972383013607
-0.0010459725850673904
-9.311272694393511e-4
-8.264198542142758e-4
-7.280837570393304e-4
-6.430458100863162e-4
-5.697895400018193e-4
-5.04596840912593e-4
-4.46655161835302e-4
-3.9525785028063164e-4
-3.492708617508205e-4
-3.0858171486437987e-4
-2.7216031223366635e-4
-2.4009946350560008e-4
-2.121429454597633e-4
-1.8748891757223223e-4
-1.6523470038120114e-4
-1.4526846604319846e-4
-1.2748266892899127e-4
-1.1156468212291028e-4
-9.752900780079142e-5
-8.543161664103751e-5
