9.54193859400431e-7
1.1488568906954691e-6
1.3655813587612052e-6
1.603030173344087e-6
1.8130971413586365e-6
2.008548809058705e-6
2.374018292718338e-6
2.8196154922146754e-6
3.2951469444565686e-6
3.834814071288564e-6
4.43487645620528e-6
5.005742422443795e-6
5.870661756793702e-6
6.845549547383129e-6
7.770077949692445e-6
8.763314087095923e-6
9.863866640554906e-6
1.1313938296703672e-5
1.3161365452131891e-5
1.485579035082659e-5
1.671732275196458e-5
1.900863979805707e-5
2.1218665059672344e-5
2.4199183611097995e-5
2.786421206757926e-5
3.150383722787364e-5
3.4419431324870084e-5
3.923395420060759e-5
4.466777874903352e-5
4.9278106775228055e-5
5.365347742853447e-5
5.957793726677037e-5
6.609360538423657e-5
7.317600175866706e-5
8.191103413356289e-5
9.092552628150721e-5
9.807533897884395e-5
1.0882652943930231e-4
1.1951726778550354e-4
1.2861956457032656e-4
1.405793623086008e-4
1.4955158517616446e-4
1.6105826184221756e-4
1.7224849856193323e-4
1.8630151774749537e-4
1.9950444091840645e-4
2.103344763507564e-4
2.1795338043744967e-4
2.2674631902414006e-4
2.3802412212458465e-4
2.4616414443910976e-4
2.490908776162763e-4
2.5162843991019697e-4
2.557440135661517e-4
2.489732373725683e-4
2.488179585975798e-4
2.4183149407860737e-4
2.2334379068882036e-4
2.0441111588639525e-4
1.8448913116615945e-4
1.6557666611889335e-4
1.457969440448011e-4
1.253729027847917e-4
9.901101138854385e-5
8.017982058015442e-5
4.858117543026755e-5
3.855100759898339e-5
2.4817409867537018e-5
2.295009324279017e-5
3.625827942810559e-5
5.790981745418328e-5
1.1604628096341849e-4
1.8335870952550416e-4
2.6394449704724863e-4
4.0023926568378334e-4
5.800264540405818e-4
7.917963333606195e-4
0.0010394667454920042
0.001327531115499762
0.0016480349675201918
0.002071944973433485
0.002455978496363979
0.0029479200889205755
0.0034946643937226506
0.004148609746012932
0.004868093324761387
0.005619025482198969
0.006438651621827378
0.007301096941059343
0.008299034267130103
0.00931642496726839
0.010444246939148234
0.011635719771308678
0.013041931466973062
0.014421326415451997
0.01585623179730116
0.017378503222358697
0.01909712942523857
0.020769215952936335
0.0225742914490208
0.024461691018417227
0.02643103542801984
0.028596180076871574
0.03075380257017681
0.032993981330666
0.03533368958936558
0.037762785493649184
0.040279699469898546
0.0429215406419793
0.04549810076312033
0.048288625307878544
0.05176301183870956
0.05443033324463493
0.05728481694987014
0.060527572484646235
0.06399457670279249
0.0666140268693866
0.07004169289699269
0.07291404205475406
0.07648905056803171
0.07989702921241318
0.0834249353460943
0.08651687977744565
0.08991785298785218
0.0942453136278544
0.09741762016144265
0.10064761013758688
0.10406985631509091
0.10738863792361233
0.11033313363152424
0.11365391676571063
0.11652726921904241
0.12021874888563562
0.12371471331263248
0.12644270352948223
0.12942322871899276
0.1321461307202436
0.13401620128745972
0.13696143247458892
0.13947535583220277
0.14233716052890577
0.14380610716947578
0.14641253577240218
0.14769059079442431
0.14944346898196403
0.15135306102260346
0.15263219340064366
0.15350777012169767
0.15473198420851983
0.15443614171804804
0.15493087537022637
0.1546325689553971
0.154239837057758
0.15482252496442628
0.1550929841344366
0.1545334855333807
0.15367260250562848
0.15186415495380085
0.14971033683017762
0.14713467464023097
0.14557434232578673
0.143856198391994
0.14170499884053261
0.13844119948841643
0.13543821271242956
0.13262209543951803
0.12859806308665328
0.12491980972315933
0.12097221683413872
0.11667945234276286
0.1124811030344585
0.10793504386336863
0.10337602816654069
0.09913645506465744
0.09411878473693851
0.08907521446733054
0.08436267785274422
0.07910697945133414
0.07410551002877513
0.06957834739434027
0.06378635636886265
0.05777543366065834
0.05277762515552067
0.04771996868953071
0.04310460970041387
0.03831981054624056
0.03388267842359326
0.029320862116072842
0.025437304935327254
0.021553025548372805
0.017742460381883176
0.014856970802659259
0.011849299352426537
0.008870432633336341
0.006905867272293351
0.004814467963280901
0.003117425039478227
0.0022074523990941054
0.0012419784957084273
7.126327086862857e-4
5.709233828250583e-4
5.198367726238758e-4
8.828977234632196e-4
0.0012186195877390647
0.001820639953820917
0.002510563431274438
0.0034089146484424728
0.004279289512725537
0.005315513529225574
0.006282995640283573
0.007264580634049242
0.008206024763876532
0.009083847877705237
0.009865408927512326
0.010538636344900557
0.011172216311504972
0.011650570271702871
0.01212375764046774
0.012466402798247456
0.012693451397463033
0.012896067070405196
0.012977552284593172
0.012987180351849396
0.012992245308241765
0.012797293937680592
0.012616038108470368
0.012380571750952474
0.012088721735596102
0.011748016015739975
0.011404801794267125
0.01103392107320983
0.010628740063869713
0.010237691693744791
0.009788354003380188
0.00935130691075678
0.008933213732352768
0.008486198760307019
0.008047916400139018
0.007612089993607135
0.007194750330091355
0.006781173665098035
0.006382247543804206
0.005992870886127566
0.0056190331598803605
0.0052604802360406095
0.004909454653043987
0.004575517707000661
0.004260090066090619
0.0039576471226318456
0.003667899809288723
0.0033937680751260483
0.0031395816232042207
0.002897277986153774
0.0026706046660392203
0.002461907936817902
0.002260234948837735
0.0020736331108292027
0.001899814088183296
0.0017374371708301127
0.0015858691629853313
0.001443195220338422
0.0013196942742833547
0.0011992120321374822
0.0010874949623171275
9.84811268819013e-4
8.906124903022637e-4
8.039584294306641e-4
7.243643448004689e-4
6.54492324393312e-4
5.880796979885998e-4
5.271930215094438e-4
4.7221974111151787e-4
4.2234577519520346e-4
3.769348363838127e-4
3.3511702274604014e-4
2.9809699530264285e-4
2.6445409377102405e-4
2.3401834070313067e-4
2.0613529581483034e-4
1.8270864439726863e-4
1.6042150046492016e-4
1.4057947160961299e-4
1.230179056086746e-4
1.0755109296318427e-4
9.332020473329746e-5
8.085376058195506e-5
7.014899461137153e-5
6.030841349016597e-5
5.170842622231989e-5
4.417646845275853e-5
3.763448928325068e-5
3.188545160261735e-5
2.694157225155e-5
2.260229266585711e-5
1.8845484437001486e-5
1.5560506205689504e-5
1.2844825573767323e-5
1.045262989287885e-5
8.498303734401604e-6
6.842788845343538e-6
