-4.061217864238333e-7
-4.83752370420462e-7
-5.475659483377186e-7
-6.180946500675032e-7
-7.357018843945152e-7
-9.647990694991378e-7
-1.1484040524655892e-6
-1.3002633098157743e-6
-1.480579149080201e-6
-1.6926552931042713e-6
-1.938387994376932e-6
-2.3714372050435646e-6
-2.7186643045016163e-6
-3.07271798884917e-6
-3.584714477455226e-6
-4.266141429178531e-6
-5.1665477494279514e-6
-6.0240593277221515e-6
-6.7473854248319156e-6
-7.840376966485548e-6
-9.282484281947974e-6
-1.0723585034697479e-5
-1.292143315748047e-5
-1.49841951377707e-5
-1.6808398636927042e-5
-1.906996344990421e-5
-2.2993792011965745e-5
-2.6258264977945224e-5
-2.9735821047717498e-5
-3.494836611930152e-5
-4.165243421558399e-5
-4.835325189187695e-5
-5.72772238644507e-5
-6.660848604135075e-5
-7.505468008810073e-5
-8.463451140111147e-5
-1.003133372705723e-4
-1.1388360516288911e-4
-1.3063869575670846e-4
-1.5034046255426263e-4
-1.7482684827272224e-4
-2.0560676361314924e-4
-2.3504723399474117e-4
-2.714968022524494e-4
-3.0901426480528906e-4
-3.520261386437034e-4
-4.070624936372317e-4
-4.6432433776590466e-4
-5.35182726715861e-4
-6.043402887746139e-4
-6.905649659937375e-4
-7.852804195522639e-4
-8.874380856493244e-4
-0.0010174008667438996
-0.001158659985514897
-0.0012988705116985474
-0.001477182451546935
-0.001674787967629999
-0.0018762831319749642
-0.0020906984887805987
-0.002341078595398602
-0.0025784387922418504
-0.002889182729277447
-0.0032001190210237352
-0.003532521832912458
-0.0038871423562869024
-0.004278800587790658
-0.0046939835331152166
-0.005129263671229164
-0.005553166577077788
-0.005999014486235621
-0.006496764811937
-0.007005644019146758
-0.007526407629804987
-0.00805274448382776
-0.00858291433279479
-0.009079428073838448
-0.00966269788415818
-0.010160406923662914
-0.010781343993922141
-0.011386880472598865
-0.012040554054973552
-0.012724614879338505
-0.013323218748276468
-0.013782563082062205
-0.014350898752624821
-0.015128862879962516
-0.01582934547642044
-0.01657955763398517
-0.017138992003752424
-0.01781080999232931
-0.018449349635071915
-0.019020333396549897
-0.019587379377854403
-0.02045513033236531
-0.02129118894100932
-0.021665722824190735
-0.022726254771736874
-0.023725738877700686
-0.02438976659143385
-0.025088453664464834
-0.02589131468290535
-0.026765233963562493
-0.02757656557630459
-0.028418013385618505
-0.029650557992203223
-0.030492913527025732
-0.03078561200773689
-0.03232584159018568
-0.03332048115409374
-0.03347718023832558
-0.03475425000113487
-0.03637655241720511
-0.037338744030558216
-0.03824251805143171
-0.03913365891548294
-0.039958265048831924
-0.041548880139776756
-0.04245149777571244
-0.043790351197324454
-0.0449865514072063
-0.04649757219627434
-0.048043992210465895
-0.0492659564110981
-0.049261553790294364
-0.050730567772847596
-0.05270636835109308
-0.05414038266847849
-0.05560184167571878
-0.056135141459717125
-0.058158372092902616
-0.05946667640688484
-0.06125158597955474
-0.06262011995628415
-0.06398539116669014
-0.06620273966444418
-0.06779775193297766
-0.06878491229803903
-0.06940841850140958
-0.07088759821136484
-0.07322407139213048
-0.07485903233351995
-0.07629169598589297
-0.07865261328241867
-0.08066322117176408
-0.08108454880793925
-0.08263705470979309
-0.08474953585410883
-0.08720432966720931
-0.0889632021271769
-0.09049330259191224
-0.09200404079135452
-0.09416594179694834
-0.09554357840228883
-0.09668235769949104
-0.09890197391028402
-0.1014143653102742
-0.10340486043901978
-0.10567899598676586
-0.1072814839565603
-0.10791899070328166
-0.11006262042901083
-0.11249258972114487
-0.113991091825998
-0.11651085678916934
-0.11899565109159188
-0.12086225218104767
-0.1222311083947963
-0.1242075159258785
-0.12654997631093098
-0.12876691514994693
-0.13050349758725704
-0.13083254532553718
-0.13282094231617553
-0.13487668769096273
-0.13630470240294829
-0.13797284850065253
-0.13930593146230966
-0.1408746200887137
-0.1421455931053241
-0.1436086727648087
-0.1441954861987476
-0.14548903124706147
-0.14626269014181834
-0.1459531080875614
-0.14646987814308282
-0.14672318705981102
-0.14677441142274272
-0.14589936105822043
-0.14503437448243803
-0.14393723161900926
-0.14260760909318299
-0.141069466887787
-0.13866012877258982
-0.13639309823035914
-0.13411338036310405
-0.1307699594892338
-0.12751660879476837
-0.12358596931437835
-0.12016161082385071
-0.11585548354686745
-0.11137007075965431
-0.10692077545453263
-0.10233250770042059
-0.09767989582062966
-0.09269434305067073
-0.08815139294586619
-0.08334241796029745
-0.07866019017624547
-0.07397304197937372
-0.06949624352437644
-0.06490353490916692
-0.06094153800292398
-0.056870300060049
-0.05303920467003018
-0.04918826291776672
-0.04552740082534689
-0.042342585713816425
-0.03919978574277174
-0.036259859960899185
-0.033495804198163906
-0.03090101659126867
-0.028547303820827315
-0.02614877247439361
-0.024138826979168367
-0.022172216033918408
-0.02050788776303942
-0.018781949814874264
-0.017267171511812354
-0.015960918316475024
-0.014642870043921256
-0.01342218563297488
-0.012332369267373564
-0.011265524417847768
-0.010339588865522168
-0.009494328223265232
-0.008696633853624083
-0.007940713197722975
-0.007321900367172106
-0.0066989659123740265
-0.006119775608998209
-0.005614043733789068
-0.005144540064019643
-0.004707281315805593
-0.0043054847904949066
-0.0039540043423508895
-0.0036236598380890808
-0.0033155229862742988
-0.0030309797012302315
-0.0027721884648639
-0.0025329892653424375
-0.002327887392234205
-0.0021368069164758056
-0.0019444808969808335
-0.0017774770168525271
-0.001625595845345459
-0.0014887791268250873
-0.001358283482834702
-0.0012463336743882296
-0.0011397594246023368
-0.0010415233012431246
-9.442136752203084e-4
-8.723688833470735e-4
-7.997926648483351e-4
-7.312777307363638e-4
-6.685468079446552e-4
-6.080794833942256e-4
-5.51116598699038e-4
-5.074246183556789e-4
-4.659035145097203e-4
-4.25080390049523e-4
-3.888721560551898e-4
-3.5634778618907524e-4
-3.2593605303627197e-4
-2.9759603333669914e-4
-2.7134109977151237e-4
-2.469188109969925e-4
-2.258822661111995e-4
-2.0601976432590443e-4
-1.8779082422709902e-4
-1.7205648765468472e-4
-1.5731255527864663e-4
-1.4328945674037962e-4
-1.3057093859258751e-4
-1.1923153738844846e-4
-1.083383387623984e-4
-9.904579098970411e-5
-9.047890808456014e-5
-8.22412018366484e-5
-7.499566851111922e-5
-6.822712636491889e-5
-6.185965957761035e-5
-5.628583697833108e-5
-5.113913696296418e-5
-4.64385407504085e-5
-4.209844478229246e-5
-3.816160294304739e-5
-3.44923634425384e-5
-3.1087387152842075e-5
-2.806814159544693e-5
