1.2334346344854473e-6
1.3779375840571217e-6
1.4825730829944361e-6
1.7721350960953617e-6
2.0663151264850344e-6
2.266428355515113e-6
2.6660628377247967e-6
3.136226765888314e-6
3.420703669035747e-6
3.932161866407665e-6
4.761337342641505e-6
5.357281202142309e-6
5.908561527862745e-6
6.835917142459446e-6
7.714635964466267e-6
8.621973738530806e-6
1.009096252670422e-5
1.1421863475104267e-5
1.2414199438882006e-5
1.4459484576042944e-5
1.7167031761881262e-5
1.8812188166063577e-5
2.048872369882408e-5
2.370736254770261e-5
2.697878194853851e-5
2.9685076831939724e-5
3.33547265231283e-5
3.788821910047128e-5
4.290020077685185e-5
4.908724214751223e-5
5.513261563913053e-5
6.0628787049349565e-5
6.863719608100361e-5
7.815915514143742e-5
8.504541885728265e-5
9.221075802738548e-5
1.0318752695966475e-4
1.1323382341319718e-4
1.2128926410180814e-4
1.3344110252959336e-4
1.489572598592927e-4
1.642858682802226e-4
1.8183244926875627e-4
1.989382554969402e-4
2.1112898531615586e-4
2.2532231871912116e-4
2.4177411102652434e-4
2.4885854066476103e-4
2.550726074816541e-4
2.7712533537146245e-4
2.999111562638015e-4
3.057540445929783e-4
3.0844999100935897e-4
3.1709286693040246e-4
3.268487609183658e-4
3.4182032453456286e-4
3.419952212537382e-4
3.007946144292609e-4
2.745172435620086e-4
3.245252337478424e-4
3.6842779352694294e-4
3.1748621648495763e-4
2.640207213984069e-4
3.0042181653942894e-4
3.3344313486216093e-4
2.891608482440068e-4
2.591643208677546e-4
2.9408349469891535e-4
3.184627440919007e-4
3.160254418627241e-4
3.50537984050316e-4
4.129651163872226e-4
4.472141657156861e-4
4.760235635264906e-4
5.668083264469883e-4
7.253427547687776e-4
9.025546084763225e-4
0.0010790198393227127
0.0012866710648595802
0.0015495259119076455
0.0018737244420253159
0.0022860068272718506
0.002770063286806777
0.003236165225730449
0.003701806813045918
0.004310341398181877
0.005023247839549924
0.005639176734458944
0.0062038230996831175
0.006940256360192183
0.007859199717010233
0.008941608277789618
0.010326153454318402
0.011826877357326482
0.012966569956933873
0.013863984749287961
0.015128168407118392
0.01675824793311422
0.01830145634345346
0.019884707055974643
0.02185149902350732
0.02390172111796819
0.025740636269438538
0.027769262241581206
0.030139803460377347
0.03211767673664005
0.03327436146564772
0.034399775688282924
0.03642521576724016
0.03913452554248219
0.0417489246373037
0.0442905716380748
0.047290379920792144
0.050415492960929544
0.05283619210257175
0.05482565271105563
0.05732740388954936
0.06029704571965864
0.06321586021501024
0.06633071273175896
0.06979062965241145
0.07313461386328109
0.0766821487434771
0.08117474775492853
0.08577162619203102
0.08903708783806433
0.09135974669134797
0.09394798966285817
0.09673768861062484
0.09912714187635706
0.10123828504058877
0.10362160541174226
0.10676688639969466
0.1104320122936668
0.11332418389226054
0.11494990609871084
0.11674978415088921
0.11958292379669182
0.122375187272144
0.12473740777201624
0.12770160711972348
0.1310976336597677
0.1335376750102527
0.13485318008032898
0.135878531941651
0.13673460118972378
0.13703616450183853
0.13695650293303552
0.1374713024380164
0.13943823495072089
0.14207273284993766
0.14366581147630605
0.14428829202576998
0.1451043141937701
0.14518629733457422
0.14280357224315215
0.1390175207648926
0.136317841337178
0.13518466889914557
0.1344244435143797
0.1331255046485356
0.13150276307452313
0.1307016955516851
0.13062978938580513
0.12882412053603262
0.12418205751123422
0.11925169623259134
0.115966829707229
0.11319061149236452
0.11007064996553491
0.10686269291675725
0.10281904012915832
0.09777081076496356
0.09326180677482616
0.08944038385538523
0.08514129602590174
0.08112613713073677
0.07813793063094168
0.07419423555505396
0.0683513128213652
0.06283250249754277
0.058588839021280675
0.054010146667660706
0.04886735853304628
0.044522633211621525
0.04100212152205404
0.0374855849997565
0.033933154780601854
0.03035861256177915
0.026432739499240857
0.022281182621241867
0.018434139825046894
0.015342269922910219
0.013147303376963064
0.011423387877208377
0.009702302233424828
0.008201055664098974
0.0071333894668092965
0.00616037411925459
0.005255730748643576
0.00472775013944086
0.0043487317838972065
0.003976829409079932
0.004183099664834171
0.005005307119894723
0.005581023450768528
0.005679123642509404
0.005895656002337662
0.006399482329362112
0.006971330965187089
0.007648911023068672
0.00836751295554818
0.008857303065695892
0.009219623163736179
0.009736099198935828
0.010308692366846004
0.0107315901166632
0.011048533756643025
0.011308738842739868
0.011457766499865333
0.011529329751605913
0.011586140568724455
0.01157506865788564
0.011448179093538857
0.011282861067295098
0.0111636201606972
0.011045082679042853
0.010831668689854706
0.0105364805923768
0.010229367072308553
0.009889332547718966
0.009481484483598528
0.009071906298804307
0.008699913498260702
0.008308646907005576
0.007897743849650722
0.007525412651312225
0.007167142136565028
0.006782185489689612
0.006412062509485265
0.006072933405368315
0.005719955304773999
0.005359088120585642
0.005025222232440072
0.0047024532059375965
0.004381255251776085
0.004087449306053891
0.003817656087980238
0.0035526843540539623
0.003300053238827433
0.003059558053266863
0.002820302555382825
0.002597158743829058
0.002400694816520288
0.002213967304638793
0.002033458425574997
0.0018693843574096858
0.001714283644695239
0.0015639832634028038
0.0014299730374402496
0.0013099959227965868
0.0011940481583031348
0.0010866486504864342
9.89784118714562e-4
8.971747729150947e-4
8.123313163948612e-4
7.380837880779025e-4
6.66330417880151e-4
5.971866335589511e-4
5.375762909049101e-4
4.8345586997598826e-4
4.310913864012863e-4
3.8584119816454027e-4
3.4654864091765046e-4
3.076838792620932e-4
2.725077589638894e-4
2.4326851220474334e-4
2.1560258903489238e-4
1.9035636307134063e-4
1.7024870074285875e-4
1.510588160836443e-4
1.3125622607703758e-4
1.1510663046508923e-4
1.0171690205941858e-4
8.784850434564063e-5
7.583740020259938e-5
6.6834792681418e-5
5.7834239332403236e-5
4.9056646794301e-5
4.23858966348337e-5
3.6336394582954803e-5
3.0293782070065158e-5
2.5868744747322806e-5
2.231236603325785e-5
1.835093587002441e-5
1.5215678246521984e-5
1.3170087424223186e-5
1.0842137065734885e-5
8.633414585146226e-6
7.372197952098464e-6
