-6.966287621913609e-7
-1.0236801457525696e-6
-1.0233677483958885e-6
-8.867200093392661e-7
-1.3150364210731167e-6
-1.5660364672237736e-6
-1.2942178791500788e-6
-1.625665915281345e-6
-2.2283937442302323e-6
-2.0444752380043807e-6
-2.1870244232671544e-6
-3.0834114291520753e-6
-3.1461890170352018e-6
-3.070533456128247e-6
-4.320788234014876e-6
-5.083395935491178e-6
-4.874911683517795e-6
-6.1876005279462855e-6
-8.028474680769048e-6
-8.25317923796986e-6
-9.256072280307618e-6
-1.1706392831434656e-5
-1.276733926786365e-5
-1.4185382914307432e-5
-1.811372102090407e-5
-2.0878330005489843e-5
-2.2387736942269907e-5
-2.6584822623485025e-5
-3.0960642395094566e-5
-3.4127933529680127e-5
-4.091609345670603e-5
-4.8149706409891495e-5
-5.106526727733978e-5
-5.8476616962687706e-5
-7.253532058997504e-5
-8.152234053067364e-5
-9.014467439859451e-5
-1.1034115454289539e-4
-1.3053490678164618e-4
-1.4342136725098122e-4
-1.6357811688903843e-4
-1.8893322874833008e-4
-2.0976219832973155e-4
-2.4178897836106116e-4
-2.8508616836079665e-4
-3.1631144098872893e-4
-3.5326395110058846e-4
-4.2046259102498267e-4
-4.8301422759636616e-4
-5.272051792859459e-4
-5.997218423989298e-4
-6.9780426062526e-4
-7.831838973526818e-4
-8.864211066907286e-4
-0.0010293244727767078
-0.0011657133333536668
-0.0012992954132777948
-0.0014593371001635404
-0.0015978545064531747
-0.001731256266291858
-0.001977191792158326
-0.00229754819106584
-0.0025492198070813307
-0.0027867785304311445
-0.0031095447443463425
-0.003410432274520286
-0.0036420605337423176
-0.0039741147816862435
-0.004464528313954875
-0.004976248330326015
-0.0054407831237266256
-0.00589409043808513
-0.0063873867701725665
-0.006950008605755088
-0.0074752598865793765
-0.007843067825414675
-0.00819728810240959
-0.008692321933236605
-0.009203011324487713
-0.009715367989705253
-0.010407781260010608
-0.011123283696312002
-0.011631286455523063
-0.012194811284733268
-0.012953041089239965
-0.013538567029563084
-0.014019141704278907
-0.014888435498636004
-0.01586873370745402
-0.016351587438656102
-0.016676287326058383
-0.0173706222490434
-0.018038194663082673
-0.018276301146836895
-0.018484849437651853
-0.019031372607625476
-0.019781499169504845
-0.02060301703174756
-0.021452017551274086
-0.022164564193484275
-0.0226494280293365
-0.02309421330774813
-0.023785689409367726
-0.024606096217894342
-0.025017766689361922
-0.025209092965422467
-0.026372727777523367
-0.028631917901207178
-0.03037506747641623
-0.0309825403460483
-0.03166066941623734
-0.03275034141012171
-0.033483352621194326
-0.034269166103405954
-0.03581500483551381
-0.037301661915284653
-0.03810986142892802
-0.03885660613797339
-0.03948821296327748
-0.039624513598616316
-0.040265026965208145
-0.04191842942231465
-0.043271987427762316
-0.04396363506950931
-0.045103329513335434
-0.04640375863534736
-0.04699871529049713
-0.048006798266445744
-0.050305411695650636
-0.052252328975727354
-0.05263088481337097
-0.05271648675904494
-0.05379862275231021
-0.0556060557928424
-0.05744920382789563
-0.0588211624533716
-0.05950138011799133
-0.05998031128496781
-0.060916809302208635
-0.062353754342582085
-0.0640166119186502
-0.06567584128816707
-0.06728218550460603
-0.06914021817067723
-0.07118737917077965
-0.07266393739266806
-0.07366049726644235
-0.07523711484717457
-0.07704770255884393
-0.07766194610109091
-0.07748248978261338
-0.07808935876750285
-0.07954803921386605
-0.08127341701148086
-0.08353848102181091
-0.08608207152041675
-0.0878436138449707
-0.08889160165810503
-0.09020309189427969
-0.09198647448979706
-0.09380028683421694
-0.0952367549531054
-0.09629569296622592
-0.0979461163512124
-0.10084859156264595
-0.10352151549789572
-0.10448581976196819
-0.10494468661672914
-0.10634307830839974
-0.10806979351046553
-0.10988665581279629
-0.11249077134872275
-0.11471215732360562
-0.11499059702813692
-0.11489536978640334
-0.11647852369410293
-0.11854483161602919
-0.11954119151541436
-0.1205999451600144
-0.12270163930127444
-0.12462144250398409
-0.1255824922584079
-0.1265185229447289
-0.1277427793310737
-0.12819374915096352
-0.12754577782120435
-0.12684776209436935
-0.12655635154397762
-0.12589210699808456
-0.12478617581696594
-0.1242628948747146
-0.12408400743438466
-0.1226418587298588
-0.11982511164753736
-0.11705741544090406
-0.11462478227072077
-0.11200166383857624
-0.10963062480402966
-0.10767164392176119
-0.10511107996164519
-0.10178468541315566
-0.09849095187439777
-0.09488901139581071
-0.09033325292624121
-0.08569616043736773
-0.08180649229526887
-0.07807884802824241
-0.07410081355057543
-0.07018806341583943
-0.0662738519155483
-0.06232797696291914
-0.05881974064370256
-0.055584875598086114
-0.052021376374838245
-0.04846403429861036
-0.045443228928857674
-0.04252174030663711
-0.03935840403511316
-0.036388768221064904
-0.033742393693776684
-0.031114857793868737
-0.028605430032919744
-0.02641646316607367
-0.024406056509666603
-0.022552369234207656
-0.020959766066517387
-0.019449303561793634
-0.017885142588138673
-0.016407928339829663
-0.015033740714889825
-0.01370573711035017
-0.012588556789450107
-0.011722957641112456
-0.010861889949955551
-0.00993765577521405
-0.00910229716249821
-0.008345079662251433
-0.0075794182445642205
-0.006866827042054697
-0.00627212831049043
-0.005773486383009017
-0.005341274665873412
-0.004927616289700929
-0.004514057493619618
-0.004169385127250737
-0.003898226710630269
-0.003605795928616694
-0.0032910776114977946
-0.0030175071148296666
-0.002756447805123767
-0.0024901373746127656
-0.0022762548906636827
-0.002094038283466693
-0.0018793951282189971
-0.001679890130371317
-0.001546805098402247
-0.0014264902140229802
-0.0012932936386252781
-0.001184908362973041
-0.0010914059943877936
-9.912649303751707e-4
-9.116140978060683e-4
-8.488373821283422e-4
-7.663118029974216e-4
-6.815331060509124e-4
-6.258658810510373e-4
-5.8032772140248e-4
-5.303241980720333e-4
-4.887040646858627e-4
-4.497205412441986e-4
-4.050816322255846e-4
-3.691612320335842e-4
-3.4288541204081815e-4
-3.1230421255764185e-4
-2.8256469384350426e-4
-2.6048955727711316e-4
-2.3677811445078095e-4
-2.1159389723070422e-4
-1.9373057846487597e-4
-1.787214680929568e-4
-1.6182950911715807e-4
-1.4793254202362778e-4
-1.36003336067361e-4
-1.226964271283806e-4
-1.1226371792519353e-4
-1.0429035518293244e-4
-9.350635190344269e-5
-8.346756842907102e-5
-7.788536784489001e-5
-7.161368758188784e-5
-6.35534645810134e-5
-5.8153913664185146e-5
-5.3809144342678915e-5
-4.7935064717640204e-5
-4.330530207419713e-5
-3.998045286223471e-5
-3.544367841958922e-5
-3.156424566299117e-5
-2.9495890290502132e-5
-2.6580446032878664e-5
