1.1470598423250186e-6
1.2589130682442029e-6
1.5664006484446933e-6
1.7041539980522803e-6
1.7912230777021103e-6
2.222761830112702e-6
2.6455005965159997e-6
2.900649946007877e-6
3.5065793288779035e-6
4.197086279160359e-6
4.48577717596805e-6
5.077530458854073e-6
6.176269807583437e-6
6.943831090287235e-6
7.80953073490154e-6
9.391261099574728e-6
1.0553120522093286e-5
1.128946405091001e-5
1.3145998340772734e-5
1.5245978069415388e-5
1.6297602924596947e-5
1.8226447329546876e-5
2.1689631116917294e-5
2.4428826818225563e-5
2.699975725259086e-5
3.114112172479314e-5
3.506127393709105e-5
3.869411570299734e-5
4.496733500357228e-5
5.179624333821472e-5
5.561225699547233e-5
6.009044574717834e-5
6.839198123570741e-5
7.637235548717139e-5
8.253420659390327e-5
9.116603849505887e-5
1.02519327607912e-4
1.1194500676268161e-4
1.1736780125579013e-4
1.2275642901541953e-4
1.3545402887138778e-4
1.5514104853038283e-4
1.710638038557992e-4
1.8228220784141669e-4
2.0096157449876222e-4
2.2204345944910347e-4
2.2607180302307078e-4
2.2039439599383023e-4
2.299144723440663e-4
2.511693206998767e-4
2.6475592054308656e-4
2.740441471745871e-4
2.912664094378099e-4
3.13856837643809e-4
3.3522880088074505e-4
3.481165790787913e-4
3.401997962686348e-4
3.1529410947914155e-4
3.0033679390445856e-4
3.0906897485678445e-4
3.2369642031876547e-4
3.2910597107594004e-4
3.3488765934208984e-4
3.3867319180695227e-4
3.069574482082828e-4
2.4326853946847989e-4
2.2169453559905394e-4
2.7006276339624705e-4
3.016393804996209e-4
2.7146866402933317e-4
2.7731894456309026e-4
3.8430280556844604e-4
5.114853425335068e-4
6.00476559761982e-4
7.053494374746791e-4
8.411360656357317e-4
9.529146402472415e-4
0.0010850101228183308
0.0013750393545545146
0.0018258929296241847
0.0022561245837499676
0.002554568653453223
0.002850990281937413
0.003322907057440792
0.003943974399086091
0.004568582634668142
0.005163914955278252
0.005801958750210173
0.006519834863205025
0.007337264994689059
0.008338135370815698
0.009575909119011112
0.010878855377836125
0.011947809781819982
0.012825403027428444
0.01399147629323113
0.015672947746097184
0.01748047764340668
0.019084933063418706
0.020631152906157985
0.02224012386314155
0.023853437526180177
0.025511513460514675
0.02717030390808755
0.02884043192948454
0.031062352538501183
0.033998535415119005
0.03666439074606242
0.03875641250446254
0.04154770906414204
0.04515854693125399
0.04781673340426445
0.04934429407843599
0.051633349717600655
0.054933351961703195
0.05771542540928769
0.05985251033924219
0.062295776852706694
0.06501999530517591
0.06781052426478244
0.07100405802798226
0.07449706139254937
0.07805557005453088
0.08183143844380067
0.08521178906010811
0.08732434433257716
0.08902033725280839
0.09166031360382076
0.09479468391494125
0.09747184150050472
0.10010120162597927
0.10338875222113295
0.1071823911392548
0.11084715029309135
0.11384767137407535
0.11654656917093327
0.1199970338996381
0.12381373188441086
0.12614927285993474
0.12678955211610662
0.12743456178926654
0.12883412621072401
0.13073570100278967
0.1333745707977275
0.13627548640113227
0.13792764771409458
0.1383013205599684
0.1388245286953127
0.13973233948304403
0.14035403366986912
0.1409380061636004
0.14181701420152007
0.14246426710001997
0.14266531412074104
0.14270152707346262
0.1421530030263561
0.14041425600365556
0.13805310235904117
0.1360946927898726
0.13450664896828138
0.13266454707262784
0.13075231918607966
0.1293645238247671
0.1280947760091035
0.1260054562685657
0.1231837832786608
0.12034231744962985
0.1175437023850794
0.11463753607078593
0.11169373887791752
0.10816977209768733
0.1035006219194655
0.09856812846578095
0.09447327607911249
0.09071395799563661
0.08641224016280656
0.08167020866884822
0.07667968103911312
0.07158841099692333
0.06711047955462221
0.0632716789559585
0.05890271801939283
0.053796015445977924
0.04911369080491134
0.04508225886226129
0.040839145040663376
0.03630547174744062
0.032043585982412304
0.02813797243516564
0.024486961322350696
0.021068721764535475
0.017724737519052576
0.014643322560689556
0.01229001379379987
0.010363973916577212
0.008188991041431833
0.006056027723668073
0.004679085191037914
0.003918596670891849
0.003301814759579052
0.0028945208981329632
0.0028155605699394337
0.0028213737017259823
0.0027744896369723978
0.0028297127383511375
0.0031355850298177067
0.0037352795048954963
0.004574471301704202
0.0054839868413493345
0.006333083024681228
0.007110113496686833
0.007784408444021379
0.008321471198576241
0.008821305076258489
0.00939583513883677
0.009982365439709595
0.010463031331496148
0.010842786170486625
0.01116777749908814
0.01140795958118569
0.011537859526163083
0.011604355074718319
0.011630537537399836
0.011586282991197247
0.011491745971987271
0.011388440319135232
0.011223786119146833
0.010946369004851816
0.01063194103827047
0.010340366727986163
0.010006186176344758
0.009607332583792884
0.009227100821521806
0.00887708491353454
0.008489839857844293
0.008079194290803565
0.00770142138565039
0.007333081407199623
0.0069368165216798505
0.0065380635244592904
0.0061602148595009095
0.005792172399035285
0.005432880975144795
0.005092415494749142
0.004773323902888001
0.004476697001337778
0.0041933167129466304
0.003907018820758735
0.0036250870043545392
0.0033634925527429656
0.00311349877473299
0.0028681189328135814
0.0026439864165673566
0.002445332760189197
0.0022553003388796787
0.0020709330470810774
0.0019009611925422385
0.001742629861783464
0.001592683864869406
0.0014560036602270139
0.0013302795618480435
0.0012088878485051863
0.0010961363321858634
9.98546258656631e-4
9.115344850429011e-4
8.270408664283703e-4
7.442674104714594e-4
6.683207200219269e-4
6.0310788507077e-4
5.462518928391943e-4
4.923724413805861e-4
4.407183482379585e-4
3.939848132365503e-4
3.5213603211121014e-4
3.1361727211680427e-4
2.784455358824992e-4
2.4655468150476355e-4
2.1778949567221285e-4
1.9305032255780856e-4
1.716340046239865e-4
1.5107621461411515e-4
1.314363879420106e-4
1.1484588316338036e-4
1.0120670893771296e-4
8.872195842227495e-5
7.690602659407239e-5
6.63064545522676e-5
5.7212880662194394e-5
4.956188232032275e-5
4.287860595625452e-5
3.6676520550882536e-5
3.1086043708344134e-5
2.6312242463767893e-5
2.215729974643565e-5
1.8552634800983637e-5
1.5555134678066702e-5
1.295078624629699e-5
1.0645866182097479e-5
8.800905554032212e-6
7.306074156181206e-6
