-6.468940151116491e-7
-7.336499174885727e-7
-7.073238643670026e-7
-8.549419630812065e-7
-1.1264740426467755e-6
-1.1999419142385642e-6
-1.30698852826833e-6
-1.6355976574613241e-6
-1.7768596660710242e-6
-1.8080590748902675e-6
-2.213817727677215e-6
-2.6611627327050727e-6
-2.8601611067402216e-6
-3.3409228590177946e-6
-3.977949786548456e-6
-4.230134255964518e-6
-4.7244248890560575e-6
-5.798152821139578e-6
-6.563350154371543e-6
-7.247769824705405e-6
-8.815292709910319e-6
-1.054579286376599e-5
-1.1831663199741864e-5
-1.3646867300171603e-5
-1.6057207514292312e-5
-1.850084542009477e-5
-2.1546357439452938e-5
-2.4768380789023964e-5
-2.7275550956931566e-5
-3.0871307875383095e-5
-3.651986735267213e-5
-4.183036667162782e-5
-4.698050829279696e-5
-5.491542075506932e-5
-6.50084616067171e-5
-7.528089620163752e-5
-8.597394905087073e-5
-9.731989106909943e-5
-1.1246937459936811e-4
-1.3558084142351046e-4
-1.601746771518055e-4
-1.796172846464354e-4
-2.0577366712083361e-4
-2.4576097048531145e-4
-2.8106177167863574e-4
-3.0576117289026665e-4
-3.456553043541844e-4
-4.0922503616426807e-4
-4.72348200221331e-4
-5.265096069885553e-4
-5.902496499931183e-4
-6.76795520385554e-4
-7.842659635566087e-4
-9.007207392733324e-4
-0.001016378173133054
-0.001144563672664655
-0.0012948682265056623
-0.0014344796667448661
-0.0015463602305269147
-0.0016862180022283746
-0.0018990283350537045
-0.0021477583637865604
-0.0023933848923815082
-0.002660443853100159
-0.002978933179525561
-0.0033282136775314945
-0.003662735757497553
-0.0039813802649654615
-0.004343770527492376
-0.004758658275072539
-0.005137223212185849
-0.0054852405557774256
-0.005959415028237448
-0.00656694137133577
-0.00710798848599273
-0.007548735710363181
-0.00804736217358579
-0.008584832101248552
-0.009027181833859881
-0.009432170368830673
-0.00989567267933047
-0.010387798404516766
-0.010972827905209507
-0.011736940227005992
-0.012479837808050355
-0.013007384070465084
-0.013530946374374235
-0.014276841178407582
-0.015056049432968377
-0.015615547984933784
-0.01603848691030437
-0.01655318122740398
-0.017199545731575665
-0.017799807850159496
-0.01824574076947853
-0.01873528057449976
-0.019442782289001273
-0.02012201150219606
-0.020569780674580214
-0.021093865402610785
-0.021854968874467928
-0.022460739161836777
-0.022868066680332425
-0.02362673810030669
-0.024717190047539427
-0.025467143866385898
-0.02587917375377064
-0.026613960529372677
-0.027703860727742717
-0.028649536199748984
-0.029477417019575722
-0.03055634252656384
-0.031840024718345364
-0.03308852880838881
-0.03434512881239869
-0.03578644290013303
-0.03744199308556923
-0.03908863678838081
-0.04037909727541996
-0.04134204059245835
-0.04240034189246979
-0.04351959083662545
-0.04421574054970671
-0.04475931525427699
-0.0459802553080819
-0.047682285027079
-0.04901102983139483
-0.050258460626924045
-0.052329352656584664
-0.05488395540786792
-0.05680306945521852
-0.057659263165765647
-0.05756849084708895
-0.05698819931350411
-0.057151636245424714
-0.05892444677429991
-0.06140877436351512
-0.06340212685313835
-0.06523350815297695
-0.06755183812951475
-0.06978977080000222
-0.07114940826226984
-0.07175156730869567
-0.0722630156798796
-0.0734482383482559
-0.07580538852504222
-0.07891323457085353
-0.08179982907546221
-0.08402763324736716
-0.08562559429648352
-0.0865820295875563
-0.08714018442522413
-0.0877232375897617
-0.08849570327216959
-0.0899005928303416
-0.09261737716027574
-0.09605681047742223
-0.09876383638177037
-0.10075272507809217
-0.1028017612167154
-0.10403018205325784
-0.10381415527787005
-0.104524782127875
-0.10790332290970284
-0.11113543063969551
-0.11139917067987666
-0.11110546767067644
-0.11355921262742151
-0.11705639474443476
-0.11821724176947919
-0.11768130053125134
-0.11828177693810454
-0.12048812204751021
-0.12262125455362874
-0.12356616911127877
-0.12394202809805441
-0.12552081589999203
-0.12896657412281426
-0.13214812786487148
-0.1327760589190289
-0.1319694003823997
-0.1321966527579172
-0.13313168513928045
-0.1330042757822825
-0.13221239082646363
-0.13227317400969937
-0.1330488516173306
-0.13352374934166675
-0.1334717688880449
-0.13286924816246126
-0.1315517524128602
-0.13003728970334175
-0.12879419624597452
-0.1268771631952651
-0.12338917717624315
-0.11972265779831799
-0.1179136561846859
-0.11727534217762103
-0.11521852781704651
-0.1110062165680527
-0.10617560938476832
-0.10174403338465947
-0.09752359902023106
-0.0936295148030975
-0.09032306645135985
-0.08693988320712556
-0.08271546815957752
-0.07791684198368162
-0.07317404250740565
-0.06871356783939807
-0.06464774365391662
-0.061004786940860214
-0.0575379994848433
-0.054154892348026555
-0.05098841678725005
-0.04782270285573605
-0.044330654138955566
-0.040777163345589854
-0.03760085213947645
-0.034708221720737065
-0.0319028922741655
-0.029400619614975098
-0.027378535388764575
-0.025587651702158258
-0.023717835071304105
-0.021751187244881492
-0.01987433907361506
-0.018248436386164656
-0.01684446270751257
-0.015500209972348253
-0.014178616305918169
-0.013002202907473047
-0.011993740866866245
-0.011034145860801113
-0.010106006630455217
-0.0093182997698014
-0.008662135703729174
-0.007975425878351662
-0.007202165284865619
-0.006497938325045417
-0.005993448635058894
-0.005605623744014395
-0.005190541810422793
-0.004745313683266018
-0.004338710958364902
-0.003972035493001687
-0.003622709487401343
-0.003313806312850543
-0.0030579868124203406
-0.002821723168439153
-0.002585355923465969
-0.0023682516834559594
-0.002181245448619495
-0.0020054091408618483
-0.0018249890979465766
-0.0016498949992170633
-0.0014949923381152137
-0.0013585088353767906
-0.0012370252508269348
-0.0011371457993658955
-0.0010527544071123438
-9.63745322879648e-4
-8.713834166567911e-4
-7.953317804983585e-4
-7.358024694693814e-4
-6.781182933733224e-4
-6.189894058044502e-4
-5.600020215592527e-4
-5.020779910855633e-4
-4.5487966707362544e-4
-4.220622149287466e-4
-3.8994675614550223e-4
-3.5303407845361633e-4
-3.220000067605448e-4
-2.9782555968915547e-4
-2.719072190614293e-4
-2.4576754576738705e-4
-2.236244144365946e-4
-2.027480519876721e-4
-1.83957638694126e-4
-1.7007525418881241e-4
-1.563829995486072e-4
-1.4032594724731654e-4
-1.2710731894707353e-4
-1.1726244914950779e-4
-1.0646342655673565e-4
-9.579945142379758e-5
-8.744887259957625e-5
-7.939647518197066e-5
-7.165632314900729e-5
-6.599875146369489e-5
-6.060398251512189e-5
-5.4298875955500505e-5
-4.917456996072685e-5
-4.513750939005368e-5
-4.0553174289496195e-5
-3.643416470647594e-5
-3.3377082876528484e-5
-2.996529957000308e-5
-2.6548236515203727e-5
