1.0052226349788138e-6
1.1770856788155636e-6
1.3632880020522857e-6
1.5994806440265742e-6
1.868393781512126e-6
2.175091331499368e-6
2.5288130777955335e-6
2.9336333426718168e-6
3.3942443606472035e-6
3.910835557460076e-6
4.501336617061326e-6
5.2130651417557226e-6
5.985516757025896e-6
6.84856610354958e-6
7.897900351737649e-6
9.021549643340608e-6
1.0351141207055754e-5
1.1794210310526622e-5
1.336111078777987e-5
1.5267700896650284e-5
1.7310619791022113e-5
1.9724849034734953e-5
2.237312346637397e-5
2.5320496001502662e-5
2.834212706572124e-5
3.177313323754132e-5
3.5862619152237065e-5
3.991625137719291e-5
4.5007153146766066e-5
5.0441224368067786e-5
5.600868417831575e-5
6.262515921988514e-5
6.926414725414407e-5
7.579097215629313e-5
8.439939878293476e-5
9.327259866351299e-5
1.0252233981600619e-4
1.1243552458405345e-4
1.2261374704244764e-4
1.331744289169347e-4
1.4470579307553717e-4
1.5580534788225752e-4
1.67984383744185e-4
1.7969710000705378e-4
1.9078653750956903e-4
2.0397345365248426e-4
2.1352200528855787e-4
2.258119056857422e-4
2.36317710075105e-4
2.4593145129685694e-4
2.5249071242828067e-4
2.592452377766903e-4
2.614964912679413e-4
2.6216746136398776e-4
2.570587811079668e-4
2.5166833824552927e-4
2.394676661799273e-4
2.2489633922349287e-4
2.185945618227487e-4
1.989003398262663e-4
1.7517448492531545e-4
1.504200232694803e-4
1.1713947390962513e-4
9.221794157413969e-5
6.957192442920724e-5
4.045317865510968e-5
3.208955767239549e-5
1.555280500909754e-5
6.917904561845204e-6
3.207315903115797e-5
5.385920108491358e-5
1.014627473430832e-4
1.6295636220627497e-4
2.580574299808035e-4
3.8622837616917097e-4
5.782125113610124e-4
7.510641850261297e-4
9.936980000484939e-4
0.0013268006965889484
0.0016177322319151349
0.002004259436127713
0.002468809927502397
0.002946133817440777
0.0035178313067803155
0.004193552735459642
0.004846351156776812
0.005564433994054011
0.006462933060578081
0.007434939804879925
0.008409324565080423
0.009526837059680483
0.010759408384420396
0.011962464879111723
0.013299805219022994
0.01449444209937592
0.01618927025762192
0.017897509020419963
0.019244834207733014
0.021189647592249505
0.02286895230914912
0.025183669702015445
0.027157472730068934
0.029048416227478828
0.03131794081467399
0.03356770476895979
0.036360811247427446
0.039083446566273015
0.0417386465098817
0.043545588256332216
0.04684008593106387
0.04919907945806081
0.05209039672029594
0.055507229828363674
0.058464024061860534
0.062062582444107756
0.06465618315155189
0.06745089597822156
0.07084591933865714
0.07458513644574204
0.07829951839892244
0.08179903662482507
0.08534488607397689
0.08817853715122129
0.09213085315173337
0.09532008592262467
0.09890765546697358
0.10249207610674342
0.10561248863230113
0.1090787609120887
0.11329117439325974
0.11646884982004517
0.11964319691420572
0.12325701883929056
0.12600503761377024
0.12957450890678607
0.13288262505967063
0.13465660514674505
0.13810386713121425
0.1400687300866471
0.14262732500356579
0.14497534690063574
0.14834521183041852
0.14952637974526195
0.15192553903773454
0.15314091293618826
0.1535796263723596
0.15599877791305602
0.15722362665401526
0.15783760662701446
0.1582066103603012
0.15852150597820297
0.15964250899686278
0.1595819141536373
0.15785037258607484
0.15699290552070133
0.15743317102289567
0.1560196663042327
0.15478305007301213
0.15367089485346674
0.15162401867233344
0.14983688100266376
0.1474603422476277
0.1439280611858785
0.14159645033300258
0.1385636171308126
0.1359611149306349
0.1319461594405219
0.12778999573970162
0.12379293008931358
0.11904514627966052
0.11478379667999533
0.11092099598723994
0.10608705067897342
0.10110359914207369
0.09610864374180773
0.0912389186629905
0.08572703419985299
0.0806668804674562
0.07513627166695852
0.07044459078744425
0.06455792102120592
0.05904942688924873
0.05398705873479172
0.04895294774985919
0.04389373561814824
0.03892353725958672
0.034393201686953166
0.030102736614772863
0.0258506035124074
0.021739737901056554
0.01780904955215447
0.014635741885858028
0.011537215410152383
0.009091284329612637
0.006646088074286054
0.004617522293823829
0.003340564856675547
0.001990799592230404
0.00104656193673427
4.6926114076635333e-4
2.320368468913918e-4
2.534162288574725e-4
5.569918839905519e-4
0.001042622470159573
0.0016674036754501093
0.0025365287253374807
0.0034876408742181087
0.004351865581773813
0.005330710890171763
0.0063399370217774725
0.007340259541897691
0.008336056044782183
0.009200124592242136
0.010018946885804621
0.010732954816268703
0.011408574353421906
0.011953473430391081
0.012405130415385573
0.01280750198169919
0.013059482493951956
0.01321469760536032
0.013294666849263797
0.013314730119129117
0.013224953423086777
0.01313225276798929
0.012942800652664578
0.012691522018761364
0.012406910946794589
0.012074175974485363
0.011721449640193145
0.011334276306762611
0.010919539181156214
0.010488199809996055
0.010052113735882797
0.009603958747632237
0.009150030763095226
0.008705346613921932
0.008266602712774147
0.007828879892135888
0.0073869603815138836
0.006966583055706447
0.006548246551634665
0.0061499261883789
0.005762595289687541
0.005399702305962097
0.005039563733279037
0.004694575263626671
0.0043684597315308046
0.00405797493342543
0.0037639911179915115
0.003486143014377021
0.0032238035875944
0.0029750839663746213
0.002740660590382797
0.002523219378044233
0.0023190924824766273
0.00212777327855524
0.0019486855979046784
0.001782037143861008
0.0016267460552777543
0.0014836356070886652
0.001350816319589965
0.0012275259139173647
0.0011141928930648013
0.0010096265922080582
9.134291424194511e-4
8.26311378219983e-4
7.447998694919042e-4
6.699697860298572e-4
6.021254277086695e-4
5.402283395945579e-4
4.83856607122605e-4
4.324163467519035e-4
3.858153776631114e-4
3.4388758421819625e-4
3.0584617357253674e-4
2.7105987145216833e-4
2.4011440189013446e-4
2.1251666763079496e-4
1.8697723096335641e-4
1.642555998144915e-4
1.4393581888210008e-4
1.2605420930069454e-4
1.100021874103142e-4
9.555773085132458e-5
8.291531247265051e-5
7.158482905219348e-5
6.164719345415381e-5
5.292259677714313e-5
4.525595525949855e-5
3.853755708212048e-5
3.262740059557766e-5
2.7507843565662648e-5
2.3058592953695627e-5
1.9221485319804944e-5
1.5930814778972042e-5
1.3109790523004847e-5
1.0704773461016878e-5
8.67850669318092e-6
6.957036966867845e-6
