-4.114216986598068e-7
-4.804717617811912e-7
-5.661912809485766e-7
-6.692929139895959e-7
-7.832999996583052e-7
-9.165894200460763e-7
-1.0706076151875883e-6
-1.2493013611619415e-6
-1.4596347416284219e-6
-1.6953273253797494e-6
-2.0093842249011026e-6
-2.340538634794749e-6
-2.711153408318162e-6
-3.2058803098443188e-6
-3.7311187607395136e-6
-4.341367755427625e-6
-5.063417227713151e-6
-5.849479696195637e-6
-6.893035438956174e-6
-8.02952809942521e-6
-9.366332959682633e-6
-1.0900154696974444e-5
-1.2625773687110956e-5
-1.4596398586931263e-5
-1.6807235641233844e-5
-1.988135718551035e-5
-2.2969038331042726e-5
-2.6726719410442477e-5
-3.12018890684817e-5
-3.6067617247234884e-5
-4.126382532574598e-5
-4.8122736637534436e-5
-5.5276868900057445e-5
-6.495163110579517e-5
-7.538324721293364e-5
-8.69926020706877e-5
-1.0035680965439592e-4
-1.1578121774354687e-4
-1.3322047064520594e-4
-1.5395799767138073e-4
-1.7731763206519456e-4
-2.0416584726054313e-4
-2.3542670890480582e-4
-2.6999723208891494e-4
-3.116703329601104e-4
-3.5592020186589544e-4
-4.0838881802536336e-4
-4.656209336291056e-4
-5.347498977543109e-4
-6.127737911181422e-4
-6.986588393500562e-4
-7.934093268691024e-4
-9.053385524609906e-4
-0.0010266075827543054
-0.0011664904152743946
-0.0013208247083284263
-0.0014860585544738195
-0.0016538472641537323
-0.0018661956413514092
-0.002104673211735469
-0.0023492169031496084
-0.0026258681989016572
-0.00290283390179861
-0.0032313685478548198
-0.0035592055242318196
-0.003913525395978834
-0.0042591477911040915
-0.0047031258450611554
-0.005131888023905455
-0.005560534933133635
-0.006066733838884418
-0.006517606174908946
-0.007012364963354223
-0.007543461780607434
-0.008049479249207243
-0.008546945342268387
-0.009184646701828177
-0.00971837530406896
-0.01019797983665798
-0.010860356772229334
-0.011464862467092912
-0.011976043429545603
-0.012643715088691785
-0.013328267058095674
-0.013858514517039566
-0.014289837098958721
-0.015033204571137741
-0.015721110684324344
-0.016338182130472452
-0.017066959810942396
-0.017761086003640496
-0.01827675379545849
-0.018911879568281678
-0.019289818934813296
-0.020251026596223166
-0.020994943517409905
-0.02145075886180832
-0.022442917014945822
-0.023250214117292303
-0.023697097780513886
-0.02446015069261475
-0.025041471379749318
-0.026152383287565986
-0.026904622701186726
-0.02797988331967685
-0.0288208547286439
-0.029405935085477657
-0.0299307924162862
-0.03119491982524829
-0.031867173188653584
-0.03293370814867949
-0.03461162329505954
-0.0351218648119251
-0.03593217622451256
-0.036690875068620094
-0.03767141466219068
-0.03949827886724268
-0.04055986849652147
-0.04141298628926983
-0.04231990598992355
-0.04323662664686257
-0.044574193122836794
-0.04565377544374326
-0.04681541513929646
-0.04821740202364985
-0.049526372358524515
-0.0503749349096201
-0.05180641280543148
-0.053025217373615485
-0.05439013034619343
-0.05560586265257576
-0.05679913802879277
-0.058410279542626335
-0.059760843886198525
-0.06100169114774404
-0.06213432062174511
-0.06363405592487081
-0.0658132570195934
-0.06709680932764671
-0.06835230367441632
-0.06941786328256835
-0.07129962645630106
-0.0729468359224095
-0.07433286577413944
-0.07648729733731431
-0.07808430517734449
-0.07958741559959193
-0.08097178109451458
-0.08247032856359968
-0.08441938917396224
-0.08627170805591897
-0.088073388596533
-0.09021317608073642
-0.09194782851478187
-0.09383517981943107
-0.09518215273089244
-0.09737816851339243
-0.09936921534775119
-0.10118384351324669
-0.10319756053889968
-0.10484289772597757
-0.10692610992521771
-0.10920502294544317
-0.11128289188348091
-0.11336178045796552
-0.11552549323626952
-0.11724342753050089
-0.11928203003752891
-0.12163850063314964
-0.12347983115277
-0.12551322939898824
-0.12713425994669264
-0.12890383359130375
-0.1308961534550323
-0.13317319359177174
-0.1348330883015793
-0.13659920940951775
-0.13841823158195876
-0.1398536207920434
-0.14120885458553767
-0.14265050487525766
-0.1438847105427547
-0.14484609441276086
-0.14541149479335924
-0.14587601513651688
-0.14664201594566423
-0.1467487518458904
-0.1462187118647177
-0.1459847897721494
-0.14542295934665322
-0.1449374465463138
-0.143298395039844
-0.14140573744163684
-0.13955586227437974
-0.13721080871284713
-0.13437465069423127
-0.13132480519388795
-0.1279996307451062
-0.12460683543466661
-0.120507781001852
-0.11632689751327713
-0.11190976071095848
-0.10738300248840885
-0.1028726871951622
-0.09819155805286879
-0.09321573713989126
-0.08845105533401798
-0.08360543635333656
-0.07884757923902262
-0.07407675495090715
-0.06958946924625078
-0.06518901780398723
-0.06085006241974405
-0.056763141581888256
-0.05278873604514674
-0.049068858704341814
-0.04553783076957918
-0.04225741946035377
-0.039094876032222045
-0.03616616703589111
-0.033297661406275214
-0.030676231321796702
-0.02829620651313652
-0.02597825884747118
-0.02398079269266028
-0.02197641506485679
-0.020254765807328115
-0.01864178856738085
-0.017109257609390853
-0.01568417376986353
-0.014364228341639616
-0.013213198642948839
-0.012074051485245187
-0.011104724856906393
-0.010145302534260566
-0.009287929775388035
-0.008518817008333578
-0.007787496292684667
-0.007138209105073198
-0.006533165149933151
-0.005993098014710619
-0.0054626806465463374
-0.00501527554239451
-0.004592927121584154
-0.004207963755208339
-0.0038374544880150734
-0.0035161909528306358
-0.0032263037321080667
-0.0029442770602960584
-0.0026864380225466865
-0.0024672018760323296
-0.0022543555172734654
-0.0020586264146437083
-0.0018785917544343362
-0.0017223977849834759
-0.0015832920459203047
-0.0014411032776239592
-0.0013226040001115813
-0.0012096662126639935
-0.0011081737730286
-0.001011407648292243
-9.22869052239024e-4
-8.444410264436122e-4
-7.753325052382246e-4
-7.087552545944028e-4
-6.449604539364106e-4
-5.906244599002672e-4
-5.408700987620725e-4
-4.958074629014233e-4
-4.530217790197313e-4
-4.143264491954028e-4
-3.7927642324623906e-4
-3.454429354966703e-4
-3.1505574978163333e-4
-2.8802318343367075e-4
-2.6419426193860106e-4
-2.4146735322073086e-4
-2.204546626651743e-4
-2.0177707954460058e-4
-1.8410962652819164e-4
-1.684571742148027e-4
-1.5377088351436563e-4
-1.404133375685571e-4
-1.2839073527375088e-4
-1.1722109284176709e-4
-1.0712103464027134e-4
-9.756936703687758e-5
-8.882815186313048e-5
-8.115804990548405e-5
-7.395295454817958e-5
-6.736483616767274e-5
-6.140660990477457e-5
-5.585941526020209e-5
-5.078670476485437e-5
-4.6025018956278036e-5
-4.177935179683637e-5
-3.7907286807156876e-5
-3.4318663147962534e-5
-3.10552684400919e-5
-2.8019113958158167e-5
