0.0750000000	0.0413902474
0.0754013378	0.0402220962
0.0758026756	0.0403380515
0.0762040134	0.0471413806
0.0766053512	0.0560800032
0.0770066890	0.0665944495
0.0774080268	0.0750558335
0.0778093645	0.0807581529
0.0782107023	0.0905139270
0.0786120401	0.1065360260
0.0790133779	0.1094670196
0.0794147157	0.1027011699
0.0798160535	0.0952914282
0.0802173913	0.0909138775
0.0806187291	0.0968552796
0.0810200669	0.1115245070
0.0814214047	0.1180885663
0.0818227425	0.1268790979
0.0822240803	0.1475750337
0.0826254181	0.1388278202
0.0830267559	0.1054948355
0.0834280936	0.0845195820
0.0838294314	0.0780555669
0.0842307692	0.0807932838
0.0846321070	0.0908150150
0.0850334448	0.1013097852
0.0854347826	0.1059009618
0.0858361204	0.1077279805
0.0862374582	0.1118317340
0.0866387960	0.1139307668
0.0870401338	0.1135010002
0.0874414716	0.1102742164
0.0878428094	0.1035946727
0.0882441472	0.0913707934
0.0886454849	0.0796009957
0.0890468227	0.0711038409
0.0894481605	0.0640843589
0.0898494983	0.0596415522
0.0902508361	0.0557867797
0.0906521739	0.0515712445
0.0910535117	0.0504375460
0.0914548495	0.0534461928
0.0918561873	0.0587242189
0.0922575251	0.0637636248
0.0926588629	0.0654054253
0.0930602007	0.0643016328
0.0934615385	0.0650363006
0.0938628763	0.0698843945
0.0942642140	0.0759722341
0.0946655518	0.0814342828
0.0950668896	0.0906232223
0.0954682274	0.0989350624
0.0958695652	0.0971408672
0.0962709030	0.0887992317
0.0966722408	0.0797411476
0.0970735786	0.0728878159
0.0974749164	0.0685652644
0.0978762542	0.0685282275
0.0982775920	0.0729935065
0.0986789298	0.0775305431
0.0990802676	0.0765155995
0.0994816054	0.0700353781
0.0998829431	0.0714104314
0.1002842809	0.0672790362
0.1006856187	0.0706954027
0.1010869565	0.0799677487
0.1014882943	0.0890251821
0.1018896321	0.0927798935
0.1022909699	0.0919505190
0.1026923077	0.0925236320
0.1030936455	0.0980065031
0.1034949833	0.1052903511
0.1038963211	0.1118419920
0.1042976589	0.1292522009
0.1046989967	0.1480875733
0.1051003344	0.1306952623
0.1055016722	0.1250755350
0.1059030100	0.1301025778
0.1063043478	0.1330359965
0.1067056856	0.1237772307
0.1071070234	0.1082682674
0.1075083612	0.0938725009
0.1079096990	0.0844449821
0.1083110368	0.0807534765
0.1087123746	0.0780607341
0.1091137124	0.0762964673
0.1095150502	0.0778334757
0.1099163880	0.0844685753
0.1103177258	0.0942125999
0.1107190635	0.1072223829
0.1111204013	0.1171923970
0.1115217391	0.1151690191
0.1119230769	0.1044164915
0.1123244147	0.0946994414
0.1127257525	0.0897002959
0.1131270903	0.0870833239
0.1135284281	0.0867930029
0.1139297659	0.0896177585
0.1143311037	0.0953869371
0.1147324415	0.1026703143
0.1151337793	0.1060437674
0.1155351171	0.1011496453
0.1159364548	0.0920258013
0.1163377926	0.0830788825
0.1167391304	0.0766425425
0.1171404682	0.0735378115
0.1175418060	0.0738234529
0.1179431438	0.0787547250
0.1183444816	0.0880246176
0.1187458194	0.1107756288
0.1191471572	0.1384784866
0.1195484950	0.1613242337
0.1199498328	0.1400774507
0.1203511706	0.1260719439
0.1207525084	0.1235398578
0.1211538462	0.1250348241
0.1215551839	0.1228705269
0.1219565217	0.1146356454
0.1223578595	0.1040921700
0.1227591973	0.0960366357
0.1231605351	0.0922338668
0.1235618729	0.0931692464
0.1239632107	0.0979864072
0.1243645485	0.1049686505
0.1247658863	0.1161734231
0.1251672241	0.1368438902
0.1255685619	0.1381953864
0.1259698997	0.1371916528
0.1263712375	0.1381804235
0.1267725753	0.1355257036
0.1271739130	0.1326841058
0.1275752508	0.1358724411
0.1279765886	0.1457546896
0.1283779264	0.1595650226
0.1287792642	0.1806840401
0.1291806020	0.2187130574
0.1295819398	0.2531699935
0.1299832776	0.2365691072
0.1303846154	0.2053142337
0.1307859532	0.1774338126
0.1311872910	0.1565661752
0.1315886288	0.1463420486
0.1319899666	0.1458150648
0.1323913043	0.1522475485
0.1327926421	0.1592068542
0.1331939799	0.1627863084
0.1335953177	0.1645886964
0.1339966555	0.1666562186
0.1343979933	0.1653904637
0.1347993311	0.1629917925
0.1352006689	0.1608448308
0.1356020067	0.1569839104
0.1360033445	0.1542690774
0.1364046823	0.1548537712
0.1368060201	0.1603043598
0.1372073579	0.1613490884
0.1376086957	0.1583054608
0.1380100334	0.1625588555
0.1384113712	0.1664797357
0.1388127090	0.1623847840
0.1392140468	0.1560255156
0.1396153846	0.1557330510
0.1400167224	0.1611046761
0.1404180602	0.1699355490
0.1408193980	0.1774556261
0.1412207358	0.1806375138
0.1416220736	0.1817309594
0.1420234114	0.1790448877
0.1424247492	0.1697030060
0.1428260870	0.1587080426
0.1432274247	0.1508509434
0.1436287625	0.1463589890
0.1440301003	0.1453511519
0.1444314381	0.1489139809
0.1448327759	0.1539394248
0.1452341137	0.1543231387
0.1456354515	0.1519475998
0.1460367893	0.1527119367
0.1464381271	0.1573087551
0.1468394649	0.1644627257
0.1472408027	0.1739320228
0.1476421405	0.1844729913
0.1480434783	0.1932408321
0.1484448161	0.1983553656
0.1488461538	0.2024085124
0.1492474916	0.2083982553
0.1496488294	0.2158484180
0.1500501672	0.2207853188
0.1504515050	0.2200876300
0.1508528428	0.2154371374
0.1512541806	0.2089826916
0.1516555184	0.2029170733
0.1520568562	0.1998301359
0.1524581940	0.2003657762
0.1528595318	0.2033911759
0.1532608696	0.2072748784
0.1536622074	0.2116248144
0.1540635452	0.2147148067
0.1544648829	0.2149020087
0.1548662207	0.2115201277
0.1552675585	0.2059672535
0.1556688963	0.1997040793
0.1560702341	0.1939534102
0.1564715719	0.1896865215
0.1568729097	0.1879176569
0.1572742475	0.1889564906
0.1576755853	0.1910403601
0.1580769231	0.1927524457
0.1584782609	0.1942200393
0.1588795987	0.1952900331
0.1592809365	0.1953316903
0.1596822742	0.1956057373
0.1600836120	0.1987621261
0.1604849498	0.2046610654
0.1608862876	0.2116937209
0.1612876254	0.2178995381
0.1616889632	0.2227385755
0.1620903010	0.2262685111
0.1624916388	0.2267399116
0.1628929766	0.2236087828
0.1632943144	0.2194875511
0.1636956522	0.2158267466
0.1640969900	0.2133908296
0.1644983278	0.2128724140
0.1648996656	0.2143971133
0.1653010033	0.2178767246
0.1657023411	0.2241023708
0.1661036789	0.2333501726
0.1665050167	0.2431655327
0.1669063545	0.2488060721
0.1673076923	0.2475100074
0.1677090301	0.2420743675
0.1681103679	0.2344497650
0.1685117057	0.2261107678
0.1689130435	0.2158929290
0.1693143813	0.2079801053
0.1697157191	0.2025391421
0.1701170569	0.1977475829
0.1705183946	0.1940798703
0.1709197324	0.1924410704
0.1713210702	0.1926447627
0.1717224080	0.1943285298
0.1721237458	0.1971720130
0.1725250836	0.2008463492
0.1729264214	0.2055578852
0.1733277592	0.2099823212
0.1737290970	0.2108432749
0.1741304348	0.2072397739
0.1745317726	0.2020870639
0.1749331104	0.1986534759
0.1753344482	0.1975286507
0.1757357860	0.1973935806
0.1761371237	0.1984969732
0.1765384615	0.2024838360
0.1769397993	0.2099879557
0.1773411371	0.2199338493
0.1777424749	0.2294353365
0.1781438127	0.2349221238
0.1785451505	0.2357676830
0.1789464883	0.2328338945
0.1793478261	0.2277830063
0.1797491639	0.2236449598
0.1801505017	0.2224746709
0.1805518395	0.2250625382
0.1809531773	0.2306074055
0.1813545151	0.2361753643
0.1817558528	0.2397708450
0.1821571906	0.2434823120
0.1825585284	0.2483045018
0.1829598662	0.2528155839
0.1833612040	0.2560361758
0.1837625418	0.2542959270
0.1841638796	0.2463659533
0.1845652174	0.2343067116
0.1849665552	0.2213640256
0.1853678930	0.2120074010
0.1857692308	0.2074671299
0.1861705686	0.2078651720
0.1865719064	0.2118319864
0.1869732441	0.2152483460
0.1873745819	0.2136060144
0.1877759197	0.2048168270
0.1881772575	0.1982810669
0.1885785953	0.1953374677
0.1889799331	0.1962297815
0.1893812709	0.2003825983
0.1897826087	0.2078006308
0.1901839465	0.2152409962
0.1905852843	0.2176016806
0.1909866221	0.2143336435
0.1913879599	0.2072686342
0.1917892977	0.2016607725
0.1921906355	0.1991738878
0.1925919732	0.1992525634
0.1929933110	0.1998017721
0.1933946488	0.2007649078
0.1937959866	0.2038107583
0.1941973244	0.2071384617
0.1945986622	0.2087737598
