1.460677167450075e-5
1.7114568165842098e-5
1.995485125001032e-5
2.3117204555261593e-5
2.6660214247439233e-5
3.0359637930791876e-5
3.444456938759146e-5
3.9494612416987116e-5
4.496847557621012e-5
4.9966180081928836e-5
5.572078104383402e-5
6.331385741467917e-5
7.260787512235813e-5
8.454053173595201e-5
9.752872276879599e-5
1.0924358896683247e-4
1.2268894589964976e-4
1.3852218432549977e-4
1.4942469928788682e-4
1.6169162078884014e-4
1.8864504732332463e-4
2.231375332115589e-4
2.60714347558919e-4
3.003662883161736e-4
3.389004269323113e-4
3.770894087576262e-4
4.1970096691506745e-4
4.662550161753952e-4
5.121336517212331e-4
5.63296094875126e-4
6.186684538067961e-4
6.808415570114859e-4
7.545688573219057e-4
8.491434024380411e-4
9.671050025758464e-4
0.0011046350879061458
0.0012605605933129153
0.0014283368251987022
0.001613964786706522
0.0018315827856364658
0.002071856122489424
0.002324459269731149
0.0025834608998227277
0.002844027309839523
0.00312797264200792
0.0034688890595094227
0.003852598640122532
0.0042455321475699855
0.004646157199564712
0.005080984168917618
0.005512481194282771
0.005927339599960015
0.006439036994955
0.007060973239476926
0.00780094765069822
0.008652179506192525
0.009593777551745244
0.01060134533737252
0.011620053007327484
0.012623967742573424
0.013764509328091808
0.015179837195593668
0.016732330372684522
0.01871131387338281
0.020419414357985093
0.02198925966269303
0.023432446739163018
0.02500227846886132
0.026979828927416155
0.029312084385552446
0.03171209657555852
0.03384965071461611
0.035624885637991974
0.036605484127105306
0.039089362727370444
0.042934742632408096
0.04597327561009454
0.04903746214523571
0.051454538743971615
0.053738381212609994
0.05692573609317263
0.061351445287678275
0.06661549548721345
0.07216248972902654
0.07852309299722729
0.08589918265618773
0.09196818970499013
0.09797488054965872
0.10328178366002938
0.10682876939389059
0.10867268412816516
0.11127562561136885
0.11672904708894444
0.1244392512786054
0.13295216611310517
0.14234372722921546
0.15257849635629633
0.16243243403184585
0.1707446157887596
0.17675711339289363
0.18111644493135398
0.18688854291002957
0.19545859879594493
0.20600911307459996
0.21792958316966404
0.22998075051467634
0.24153893473518318
0.25396417170537317
0.26577115604789925
0.2717975278274819
0.275189464924771
0.2880176398691301
0.30069558995605844
0.3074727986078436
0.3110150622746629
0.30985797748900956
0.30702011896492676
0.3092978144361378
0.3188609522582118
0.3321978001340101
0.3455380082218772
0.35596085751616935
0.3609150728359649
0.35997816702488855
0.3541035132906155
0.35120297639982506
0.3697811898252883
0.3791838381849759
0.39629059264305183
0.411036572346837
0.41397380541792744
0.4077273383097624
0.3982683093457696
0.3880600706768327
0.37152591009577474
0.3606622793483927
0.39760818840720324
0.4569923649255085
0.46882663134932046
0.4595449471109118
0.44976599621339236
0.44381293524552745
0.4378224911267509
0.4345077310557337
0.44423745641748646
0.46242006832676325
0.48110262221932576
0.49181576243362757
0.49091900075626527
0.47788631182791363
0.45152843471423854
0.41765020317444934
0.382641017878304
0.3492904310245104
0.3234089494876484
0.3096662365677013
0.2976302971737286
0.29680286015348883
0.3138763316735752
0.3319048998582632
0.3279381105630391
0.3099665659268038
0.29515857770875104
0.2946506740555994
0.30897027287884715
0.32131848072296065
0.3264979795715097
0.3333008157299566
0.33593462562933485
0.32883286631343134
0.31577144127252177
0.30188497937100245
0.29042763506191605
0.2849061262508051
0.28682679162338093
0.28649378398448416
0.2761369220439689
0.2629364660126703
0.2535068165344852
0.24672072566745892
0.23922830085339059
0.22973963066972186
0.21921338747118777
0.20837037628801963
0.1979584630015939
0.18727826013563756
0.17700202015417604
0.168111713893293
0.16273472377508932
0.15894136971277523
0.15367968122555292
0.14564084105932298
0.13861253034539617
0.1352829674571751
0.13482939064019012
0.13377167773300452
0.1307931976983939
0.12820817772817567
0.12929192678268572
0.13548390739493105
0.13977998136708242
0.13727571978404743
0.12986791921965135
0.12110665977001474
0.11404148950936938
0.10948411293509802
0.10698099655933728
0.10576639629980233
0.10504389216110695
0.1029715862621355
0.09891191018485639
0.09479477747134801
0.09251372844820369
0.09083864587057892
0.08862735355294946
0.08572482363203161
0.08223172852014056
0.07778370858725131
0.07206536018094548
0.06588478525398521
0.060527304281493055
0.056055581356025466
0.052429155471381154
0.05004066339946064
0.048654349709340405
0.04747195017178933
0.04605539315427737
0.044516441860303735
0.04277860602149742
0.040648783696537405
0.03838978267666076
0.036431021565651464
0.034705964906441136
0.033057862521066156
0.031450738947751314
0.02988376315476175
0.0282173581114412
0.026345518464845764
0.024477631759101077
0.022782315119635285
0.02132753514722717
0.020056689163363173
0.01883249389476204
0.017585322111878472
0.016395343018931748
0.01535176512761463
0.014437077470576331
0.013552311290031564
0.012589868239639368
0.011540839463271084
0.010537614166749676
0.009683298181288168
0.008951254571224487
0.008295286475466294
0.007712505831408706
0.007191825378163116
0.006723289134291747
0.006298799377594261
0.005866555394515553
0.005409033815737065
0.004939767845656143
0.004464199398185367
0.004022589429715824
0.0036523617401293886
0.0033477129088592215
0.003094877832567928
0.002871218829173302
0.0026508357221896955
0.002431566393409931
0.0022195899500297668
0.002009791996578729
0.0018221090735274024
0.0016648964113429006
0.0015333394546176381
0.0014098195770677088
0.0012776995697330012
0.0011426069071212332
0.0010157938121735468
8.964924746068736e-4
7.831153432159594e-4
6.845390400899299e-4
6.114495111612304e-4
5.489142443269068e-4
4.912695287460767e-4
4.387066594722144e-4
3.914280604366267e-4
3.504153032357105e-4
3.163707857546125e-4
2.8741883434741213e-4
2.610892434143847e-4
2.3677818531323876e-4
2.1295216055031792e-4
1.8871137745011765e-4
1.6555408005152636e-4
1.4499512527319812e-4
1.278084419771422e-4
1.1355512224399236e-4
1.0152778984986504e-4
9.075705401332781e-5
8.07576710226963e-5
