-9.321694584354304e-6
-1.050642331022401e-5
-1.185580807402314e-5
-1.3229036328234547e-5
-1.4733461532567253e-5
-1.665449811050508e-5
-1.9014911996939998e-5
-2.1414516615188598e-5
-2.405306064804869e-5
-2.7621812079734667e-5
-3.268682938699784e-5
-3.842632827963725e-5
-4.4442775277215675e-5
-4.954258313543501e-5
-5.4185004311513397e-5
-6.058322744621713e-5
-6.894576312479645e-5
-7.695799662161658e-5
-8.928412536578947e-5
-1.1169517816839034e-4
-1.3297398582432217e-4
-1.49319021899289e-4
-1.6331462824572784e-4
-1.7712446752267587e-4
-1.9401953824097905e-4
-2.1675800357298078e-4
-2.457299203866818e-4
-2.809927220301358e-4
-3.240666207356063e-4
-3.736795701369388e-4
-4.3325116714862475e-4
-5.027513234442677e-4
-5.810754833129962e-4
-6.658538551685998e-4
-7.485846109023973e-4
-8.294073450658165e-4
-9.139961864917544e-4
-0.0010075763271077658
-0.0011104424074947982
-0.0012137840450544865
-0.0013180753234288691
-0.0014291133905883653
-0.001558903835958446
-0.0017242116794782244
-0.0019235054034183376
-0.002128212401977222
-0.0023311875498542418
-0.0025500942739363937
-0.0028047817722095018
-0.0030861620955676215
-0.0033946715218675615
-0.0037864124910284448
-0.004263528110082979
-0.004805457643995225
-0.005352981960957141
-0.005879597097686973
-0.006401115158955509
-0.006906905535621861
-0.0074346333083068145
-0.008092652754009255
-0.008873926007026878
-0.009682122482352368
-0.01031641296429794
-0.010864164786123166
-0.01162832398686144
-0.01248573648879076
-0.013624714813223821
-0.015024062556929074
-0.016432505064444193
-0.01765703326432705
-0.018783918642423184
-0.020277569132402425
-0.02238568173101232
-0.0247418963408318
-0.025593456028637492
-0.02813096163993815
-0.030967471599822053
-0.03317839533289225
-0.03652755733895582
-0.041654846813488
-0.04712644308608782
-0.05186890303471524
-0.05577345280724319
-0.059183490184131236
-0.062152475207475376
-0.06447912050846129
-0.06806234585408974
-0.07122984939829838
-0.074839636500501
-0.07980437585101356
-0.08733460155366314
-0.09718895724564233
-0.1069622477007229
-0.11506439129529807
-0.12189831531381348
-0.12787744943862273
-0.13295048320355202
-0.13796974430600978
-0.14399121142165625
-0.1521287117154817
-0.16372940861754243
-0.1777123170182584
-0.19147044357324092
-0.20412262363960937
-0.21518316775695276
-0.2253266501595964
-0.2349172355931391
-0.24167194782240642
-0.24689622846902548
-0.2500399865931097
-0.25212291412123367
-0.24689201140733052
-0.2703053742044472
-0.2961297710968893
-0.31807417677385225
-0.34219427255507706
-0.3710487377812987
-0.4000472849895831
-0.42438296225571254
-0.4436177047846451
-0.4597075954421906
-0.47472078684820124
-0.491562043174976
-0.511941579948612
-0.5326059552884709
-0.539816348806399
-0.544748047998272
-0.5611925169920411
-0.5675604795011775
-0.5801594996112491
-0.604632703118765
-0.630844288202018
-0.6514638775579173
-0.666922423241521
-0.6781270587133036
-0.6599624752883481
-0.5963006898966081
-0.5771300338994001
-0.6258434020068127
-0.6916594939019721
-0.7484488706990828
-0.7861102727757765
-0.809172791849982
-0.8183714225491391
-0.8125591401411907
-0.8021892782398616
-0.7929085016490445
-0.7900970928288304
-0.8029423739004109
-0.8286242996526458
-0.8661610560794144
-0.9128136032920013
-0.9576671354450642
-0.9944595030713204
-1.0148236023032586
-1.0288480066984746
-1.0464877048902184
-1.0400615845547565
-1.0150733877593436
-1.0007123002541403
-1.0107143639010627
-1.0238780250433894
-1.023794720926475
-1.0029437962007839
-0.9683546906450886
-0.9415043885030949
-0.9240380972246177
-0.9096751890114028
-0.9083781197271712
-0.9179910764248821
-0.9276382255885139
-0.9320353754791431
-0.9279748946645998
-0.9106706540512859
-0.8832548277110207
-0.8638816928919322
-0.8575369667170621
-0.8491452238895394
-0.8314791540276962
-0.8076211017360427
-0.7814792394897585
-0.7560944134781107
-0.7340201899618761
-0.7166202651501515
-0.6999789896926103
-0.6814672658161245
-0.6611374482269681
-0.6423155246371676
-0.6258594799844249
-0.6116012358511422
-0.6002421807966378
-0.5909488434355233
-0.5776899574808465
-0.5575175202996683
-0.5325532402234796
-0.5078453012984157
-0.4851208502815705
-0.4634338781467431
-0.44062364091297934
-0.41550503413657747
-0.3938828113261957
-0.3795760510722725
-0.3699054717542335
-0.3608126663260338
-0.34880863999645173
-0.33311882599294484
-0.3153350860340969
-0.2970145949707752
-0.27887635819885737
-0.26282290707401845
-0.24974544500598886
-0.2371348379782382
-0.22207604176791707
-0.20602189116688796
-0.19083502438838673
-0.1773807889625099
-0.16567309961936977
-0.15597595055184363
-0.14902889558945628
-0.14401704468181625
-0.13882001174102732
-0.13298226382893735
-0.126389639873624
-0.11854785608227723
-0.10973498692320996
-0.10083087055432922
-0.09218702036826748
-0.08371897243777844
-0.07596146104267354
-0.06979602968748097
-0.06519651134267643
-0.06116855526985456
-0.05742938530812203
-0.053913077241900205
-0.050759330890485635
-0.04751812801630547
-0.04436018419030852
-0.04158937569646595
-0.03896401759238251
-0.03626075116102675
-0.03344756863442814
-0.03062044568624865
-0.027943581412534446
-0.025506064896763835
-0.02321358362271999
-0.021035548418148177
-0.019111226626265493
-0.017525832019730576
-0.016229630161106186
-0.015102016937594324
-0.01399994235230661
-0.01286727645000082
-0.011722779793783934
-0.010573177273241748
-0.009416007124139677
-0.008293424680045007
-0.007269641626768692
-0.006399045996804064
-0.005715525566600647
-0.0051981342262954104
-0.004792416027693281
-0.004446346816865865
-0.004097178425282068
-0.003704506655252132
-0.0032864139741510152
-0.002881679353562445
-0.0025218482546258527
-0.0022105103786551486
-0.0019400078502451812
-0.0017095229081460059
-0.0015244938712597358
-0.0013754010675140703
-0.0012492671329693197
-0.0011343097410892742
-0.0010321559851488404
-9.449679119328193e-4
-8.66151567413242e-4
-7.867267678659425e-4
-7.122378504277082e-4
-6.523498540747243e-4
-6.034414642880244e-4
-5.536356823309664e-4
-5.009829626830984e-4
-4.4972115185987953e-4
-3.999093200814063e-4
-3.5225165165834283e-4
-3.0576541873277436e-4
-2.620226628173015e-4
-2.2523694365099735e-4
-1.9616716054223155e-4
-1.7265605772052013e-4
-1.5263828659796438e-4
-1.3615711562627608e-4
-1.219471037604245e-4
-1.0906063777015306e-4
-9.637628795840009e-5
-8.357835437668582e-5
-7.159989840668843e-5
-6.147545736506739e-5
-5.304507034617922e-5
