1.1906205591168035e-6
1.2486283182727436e-6
1.8836726298516052e-6
1.9607015060624055e-6
1.7880988247831788e-6
2.446138007607622e-6
2.908940963202155e-6
2.793915182738904e-6
3.6035387839541497e-6
4.605606384355375e-6
4.485503421870146e-6
5.102179946709677e-6
6.759550523366939e-6
7.004045245323119e-6
7.11048355480157e-6
9.205288640504973e-6
1.0720371201519281e-5
1.1138370393483387e-5
1.3427052228650296e-5
1.5755234223806207e-5
1.6196098938726514e-5
1.867311529034482e-5
2.2856911049845254e-5
2.4523559591388258e-5
2.7024316909089964e-5
3.261725801306293e-5
3.579874611760181e-5
3.8428987957801166e-5
4.579263982303418e-5
5.117324813302427e-5
5.290648552060696e-5
6.168059313094935e-5
7.369958648329812e-5
7.843198939214617e-5
8.536145626815596e-5
9.920160182008621e-5
1.0652875472252166e-4
1.1232960919241736e-4
1.291311148404197e-4
1.412291868816701e-4
1.4291052392550465e-4
1.5828050441126724e-4
1.840654311457634e-4
1.967920539670771e-4
2.093891115483719e-4
2.3412573952931708e-4
2.477163462325729e-4
2.483120893803437e-4
2.5784664489232736e-4
2.6991762583649043e-4
2.7551783418314826e-4
2.8034051587526624e-4
2.7499018653107284e-4
2.787551732160327e-4
3.367463317020628e-4
3.9597340643290874e-4
3.5973552996815863e-4
2.8230559524642415e-4
2.8068038248818213e-4
3.317983956024233e-4
3.658201160899387e-4
3.865222427987134e-4
3.8572876615413726e-4
3.55280490139021e-4
3.462248037059742e-4
3.424582766388419e-4
2.821543805687263e-4
2.5614434833869494e-4
3.5085444442509996e-4
4.104263897641806e-4
3.285359031499957e-4
2.9548572899401414e-4
4.3875369727679815e-4
6.049061658659523e-4
6.819062748004278e-4
7.350768616900688e-4
8.061573055490266e-4
9.188914238618706e-4
0.0011603292703738564
0.00152206701541994
0.001860762948894701
0.0021340180048647784
0.0024593941294798307
0.002917194666981166
0.00350137363024748
0.0042228141605472145
0.005039988292653688
0.005759841042797934
0.006276874013146815
0.006841488999852183
0.007796171017967544
0.009118253312942989
0.010477521249656854
0.011652503500653697
0.012749663144322888
0.014065047890709196
0.015654546735796408
0.017136558242519428
0.01828651301629609
0.019502261127430944
0.021108669891228747
0.022841396131487512
0.024601114833409817
0.02673179223903745
0.029131867338718854
0.031213958047578687
0.03282941104046634
0.03440404250219054
0.036597664458519356
0.03993317748137974
0.043728885677574235
0.046248324782013545
0.04733422552162774
0.04908387389469839
0.0525426091746722
0.05636632829419362
0.05966156258232261
0.06298982114299635
0.06629655963917665
0.06892960027881799
0.07123510965864073
0.07376542136649787
0.07629738423438036
0.07913037555599027
0.08311201078629561
0.08753027307648614
0.0906424769546645
0.09260859194544203
0.09513018472124354
0.09835146368757232
0.1009910333423095
0.10309635267599356
0.10577839696761726
0.10887108711443262
0.11158212277570737
0.11446794019617648
0.11827353682683796
0.122119600938993
0.12493326219363644
0.12728220870139223
0.13023637824442758
0.13351157487209395
0.13589065424037725
0.13729557822623378
0.13931062280876338
0.1423241568063916
0.1438377386047217
0.1426917150373637
0.14207235125156875
0.14388064131375944
0.14484104543587448
0.14310390141332405
0.14193758564518216
0.14272098464983707
0.14262931434558937
0.1413337128080236
0.140986221257458
0.14039520659414692
0.13758588278328435
0.13451468509309922
0.1330649254918074
0.13202208465489557
0.13087671227766276
0.1301410134915645
0.12847964641921839
0.1252201884889349
0.12235705029576471
0.12059420505350145
0.11826716257424422
0.11475700952449558
0.11025643973870919
0.1044830106717317
0.09879483090382123
0.09512574796792574
0.09206670990167806
0.08736915705306572
0.08241184859185247
0.07889368328617717
0.07501300280030475
0.06934793795151784
0.06383362028890117
0.05992471619891093
0.056236102407115296
0.05146268969179225
0.046161780259751886
0.041236299273283955
0.036845903746988824
0.032741313763491764
0.028778824031001904
0.025235591836082653
0.02246182448911976
0.02014955567227399
0.017619905420039803
0.014768936835417286
0.011988951558645088
0.009467246649134651
0.0073057783044974504
0.005890834372912517
0.005373667116124042
0.005163049146852795
0.004617602882021709
0.003876130157740325
0.0034319449732254327
0.0033742198707906058
0.0035737748508668445
0.004025545231013134
0.0045912806571128326
0.005036016876220707
0.005489647102599279
0.006229584355673136
0.0071296857492958166
0.007922678221129706
0.00864689137363781
0.00936849937734369
0.009960991882574348
0.01042479218121716
0.01089867197134289
0.011311065768865031
0.011503342443260315
0.011571323948697147
0.011685743299301388
0.011785896025764228
0.011746509186243086
0.011621113803130838
0.011515950656238097
0.01141566506120574
0.011257062413989593
0.011024977034975939
0.010719892194553259
0.010351428005968171
0.009969883798930353
0.009614761545234716
0.009268694034501675
0.008910487949331596
0.008537352418312822
0.00813217126349562
0.007701805736911627
0.007299120643724995
0.006932288294194229
0.006553138362459104
0.006166403954787525
0.005815973153695955
0.005484579588135453
0.005137530495157399
0.0047969248914486425
0.004483916624876277
0.00418372490368315
0.0038956510833873244
0.003626340300786124
0.0033633606121647283
0.0031105951537140305
0.00288371976973632
0.002668035467502649
0.0024516564081785513
0.0022550842565306874
0.0020817139374189808
0.0019110918463058515
0.0017466082239949055
0.001599697811422228
0.0014604744114656116
0.0013282768320445576
0.001215258049044034
0.0011125462334713933
0.0010080113342344288
9.113751802293385e-4
8.269959915711386e-4
7.462931096568463e-4
6.728368375573807e-4
6.113690033974631e-4
5.518417345088591e-4
4.915462079457742e-4
4.395592105141637e-4
3.946439574429821e-4
3.5129877063444726e-4
3.132698169601601e-4
2.808075709575679e-4
2.4827772318275016e-4
2.1794082147443816e-4
1.9385931859885357e-4
1.7240351529714733e-4
1.517722819075386e-4
1.343449199793386e-4
1.183836947824862e-4
1.022677704851769e-4
8.890970147474554e-5
7.825223289235294e-5
6.740342619008393e-5
5.754998311131175e-5
5.019254502644678e-5
4.322933205833762e-5
3.6280884584941685e-5
3.1102103457299424e-5
2.690273114765586e-5
2.2472123534924285e-5
1.8784960500336654e-5
1.597114879448571e-5
1.3089451186549018e-5
1.0622899030753852e-5
8.997032076035113e-6
7.38873395663362e-6
