-7.790037875394456e-7
-8.651269460260199e-7
-9.176251962127939e-7
-1.0238399683018755e-6
-1.1404025998439224e-6
-1.2368962736229043e-6
-1.464745416638256e-6
-1.7474320669847114e-6
-1.8661531446832995e-6
-2.0271541555198627e-6
-2.4087295772004266e-6
-2.701625896799121e-6
-2.910153448186263e-6
-3.4186148088376297e-6
-4.0874987765180395e-6
-4.712950979532664e-6
-5.529118748080579e-6
-6.312412215271593e-6
-6.831852568262658e-6
-7.859188899815246e-6
-9.583809229762402e-6
-1.1072051812741167e-5
-1.252703325991844e-5
-1.464905252908927e-5
-1.6742793400018427e-5
-1.8920906483503537e-5
-2.2273260511035258e-5
-2.5573869869294604e-5
-2.8214298321544975e-5
-3.3278046217955084e-5
-4.0711141577974005e-5
-4.601173439948626e-5
-5.01961048922525e-5
-5.805708686252254e-5
-6.776707553709867e-5
-7.655003872000297e-5
-8.81710693054645e-5
-1.0365151453758971e-4
-1.186196996414149e-4
-1.335739575080699e-4
-1.525000909878657e-4
-1.7682066086250207e-4
-2.0754721879386094e-4
-2.4142961485322178e-4
-2.723992256556013e-4
-3.0686204977415786e-4
-3.526810842306238e-4
-3.975428934561867e-4
-4.3910008063230123e-4
-5.074979648389586e-4
-6.092996409652876e-4
-7.026600373223087e-4
-7.683648558327112e-4
-8.39244501717051e-4
-9.477582064702359e-4
-0.0011018694318929373
-0.0012794766527464605
-0.0014236074228331083
-0.0015240919141611877
-0.0016721884593215192
-0.0019236290806415907
-0.0022053619911490056
-0.0024643517126596475
-0.002747382058252059
-0.0030638454744786278
-0.003366599712112341
-0.0036759216716585968
-0.0040335727566516676
-0.004398216132702899
-0.004729342406726398
-0.005068878868860112
-0.00547405921924941
-0.005967973164384472
-0.006540483660854364
-0.007148663966388885
-0.007749626023243347
-0.008278258964786834
-0.008642354039901065
-0.008945477763576055
-0.00949136279115337
-0.010233142346393798
-0.010721399891448548
-0.011009689045156215
-0.011736392798091376
-0.012831457825039671
-0.013354454308672381
-0.013141452293044913
-0.013238535962013315
-0.014218107996617001
-0.015422302463660612
-0.01623546627781693
-0.01687375597204746
-0.017623980677944996
-0.018274468163050173
-0.018599967935550174
-0.018812160379079644
-0.019251860794994573
-0.0199826829975235
-0.02097132495123987
-0.022283690517216292
-0.023642013847299158
-0.024367895682337267
-0.024441372671334168
-0.024755397012022094
-0.025614408368173473
-0.02631031352872192
-0.02675447995206034
-0.027634953089399512
-0.028684310313230536
-0.02918328412061126
-0.02993739189692216
-0.03197450186688897
-0.034167719533701874
-0.03507415189686212
-0.03549637906464234
-0.03644041570859732
-0.03703741663997886
-0.0369973247463854
-0.03787947919623396
-0.03987697762530769
-0.04107093376513868
-0.041203165865692275
-0.04212516041701367
-0.04397338362308424
-0.04507492151929425
-0.045489391751716214
-0.04673711473569218
-0.04872624566712137
-0.050186800439924815
-0.05102575797394625
-0.0519465801742982
-0.053033926132400426
-0.05400402308273103
-0.05477831879372249
-0.05552926993232847
-0.05662523989636178
-0.057954344683926726
-0.05872098598633544
-0.05898820305332908
-0.05998826596563005
-0.06182070625851445
-0.06324537739931115
-0.06435658851295689
-0.06634432035906125
-0.06881289615967685
-0.07059708254576362
-0.07198014869376082
-0.07337401220988293
-0.07424978066298456
-0.07516937253442708
-0.07751355266302899
-0.08057901468893149
-0.08260051643246381
-0.08389715035334167
-0.0855710791155684
-0.08702993750547855
-0.08762181308256976
-0.08824391105323454
-0.08964671403446835
-0.09160519895553852
-0.09398508402566572
-0.09644254127961291
-0.09807441712617443
-0.09899495759926122
-0.10049732936603727
-0.10280110933293807
-0.10474072151458173
-0.10584191061235282
-0.10673467507562819
-0.10789193586925576
-0.10948080096143904
-0.1117306895716876
-0.11444745167107681
-0.11688651331478724
-0.11845230684194917
-0.11902523806854501
-0.11905431217208758
-0.11967111671599605
-0.12160447988141165
-0.12386506876609288
-0.1250742768451383
-0.12567774874233653
-0.1267123196510739
-0.12744997132019462
-0.12701966264559114
-0.12676871098781897
-0.12793092660960012
-0.12898958388543408
-0.1282553106685334
-0.12657841266452202
-0.12524581496456874
-0.12403149692623346
-0.12266779386459899
-0.12139010764423504
-0.11981520755912062
-0.11768910155280657
-0.11566689256905693
-0.11362960412826906
-0.11042152142916657
-0.10625304667188501
-0.10262802319936062
-0.09967468271832364
-0.09624060831062299
-0.09210261091971836
-0.08783107523751175
-0.08349854651804287
-0.0791105579542713
-0.07510388358307558
-0.07152789871407941
-0.06784093425288355
-0.06383623739395042
-0.05988516352902042
-0.05623342423859532
-0.052703577374226825
-0.04914138726729122
-0.04572879178657969
-0.042652659550774435
-0.0397583446648356
-0.036847791514401845
-0.03401919629548556
-0.03139494947454593
-0.028919226094196823
-0.026638861398799032
-0.02469877300830037
-0.02301297447031774
-0.02136916934530417
-0.019699328927339544
-0.0180071101998853
-0.016364328849368642
-0.014981000584445115
-0.013901909623027295
-0.012873719438128739
-0.011781220623468156
-0.010779837928386257
-0.009904843329848808
-0.009055296642572517
-0.008278447487991178
-0.007644767681788875
-0.007061295900246677
-0.006454166059649597
-0.0058663138216404325
-0.005328964231701176
-0.0048607359751075135
-0.004490357421674422
-0.00417355793834172
-0.003850520921670337
-0.0035476012348615357
-0.0032824233296081533
-0.0030163443686380817
-0.002759582582955599
-0.0025399398511267313
-0.00231686705862953
-0.002079113299996586
-0.001889996166567065
-0.0017548748097022649
-0.0016147632724451506
-0.0014671894551782645
-0.001342187407044651
-0.0012274050740032527
-0.001112286107934962
-0.001013331279446798
-9.285148187641994e-4
-8.463520706527108e-4
-7.733184433102213e-4
-7.088897473759103e-4
-6.433612836762801e-4
-5.82912947074099e-4
-5.342587497228396e-4
-4.910779955309481e-4
-4.524519846671713e-4
-4.19311839725402e-4
-3.837234781157016e-4
-3.464843439883571e-4
-3.168561381273951e-4
-2.9163218339028625e-4
-2.649630868140863e-4
-2.4161519272537804e-4
-2.213844301391864e-4
-1.9840556427954791e-4
-1.7716578932217749e-4
-1.627950271060413e-4
-1.4990910235496404e-4
-1.36284966145441e-4
-1.2556546184288545e-4
-1.1565264352575892e-4
-1.0420763997410474e-4
-9.484250221321413e-5
-8.75449981229003e-5
-7.888583365714083e-5
-7.075017706362945e-5
-6.50826694713118e-5
-5.924106659282022e-5
-5.313088512925138e-5
-4.878257645558273e-5
-4.458564988290647e-5
-3.9605180105955545e-5
-3.598121752995318e-5
-3.321521055485476e-5
-2.9472499086464148e-5
-2.6205198572736654e-5
