7.286945296398084e-7
9.253731224436268e-7
1.040563439902306e-6
1.1865420544770298e-6
1.4794487460422375e-6
1.7767801243658744e-6
2.0345231029196287e-6
2.367332091871949e-6
2.608560062364281e-6
3.1900400840593724e-6
3.7701742768893403e-6
4.237349291312995e-6
4.966981469267954e-6
5.758086533518565e-6
6.7331218020706816e-6
7.884754485430283e-6
9.081567887572843e-6
1.0639192140771232e-5
1.233966472659892e-5
1.354460888465763e-5
1.6058850055883547e-5
1.854383074326098e-5
2.0240831826733067e-5
2.2093377646394645e-5
2.5413729243010733e-5
2.9555195903007372e-5
3.1817905109271315e-5
3.569211833422254e-5
4.211299715342233e-5
4.775281162684356e-5
5.946354087260517e-5
6.806050112217912e-5
7.640064821706438e-5
8.177677524829736e-5
8.612823744646182e-5
1.0047175409785791e-4
9.575851525405252e-5
9.550942897544946e-5
1.1576240166751992e-4
1.345556453388609e-4
1.5436211112012358e-4
1.7458755814475386e-4
1.9513541225582343e-4
2.1654364762416277e-4
2.360308018221839e-4
2.733582302021301e-4
3.0346555362487386e-4
3.326885865800359e-4
3.549450822337788e-4
3.891293461511502e-4
4.0825617393424143e-4
4.0422634675956696e-4
4.665636046258071e-4
5.71774912797815e-4
5.924253448370251e-4
6.458396804710206e-4
6.808222703808654e-4
6.92973840755124e-4
7.478138263462331e-4
7.467821175499883e-4
7.503085357600331e-4
7.651070769753957e-4
7.538144790973558e-4
8.36440230757999e-4
8.972550603735117e-4
9.329265581097538e-4
0.0010234217874058777
0.0010547441741288618
0.0011410755709400698
0.0012635501646271908
0.001145521557138207
0.0012121205083165866
0.0012799819398086447
0.0012827954403589123
0.0011903031286396458
0.0013782464296742357
0.0015536437678796142
0.0016783802894529607
0.0019449742620322177
0.0021292677949736037
0.002181622953161947
0.0024843285769357167
0.0028784158162105866
0.0031113577715104483
0.0033463935315476124
0.003992656451685773
0.005124195637094845
0.0057989815948615835
0.006528276340052189
0.007118902720193665
0.007601415703960233
0.008470799967218378
0.009313328426166334
0.009771928648884456
0.010621041566506069
0.011918701112527219
0.013250697388498042
0.014843412179301345
0.016610773902849676
0.01723816642941694
0.018180923128016665
0.019752657060149677
0.021511091878525096
0.023562319673918624
0.024985076060836647
0.02635273127524624
0.028363683777534093
0.03162010450230655
0.03409027410300014
0.03513345214356633
0.03559642550778135
0.03769695046403412
0.04017757160593648
0.044252536193903756
0.04756444536482605
0.04920068893566469
0.04992078351487409
0.051159588848589836
0.05430975992041968
0.05589860007477943
0.05732882608904678
0.059062143507480375
0.060795840503937645
0.06390088851286567
0.06706128134447914
0.07051882037595181
0.07321815226041364
0.07728661956385637
0.08180721164410938
0.08420946620819011
0.08600637567767148
0.0887160455320907
0.09221388619090046
0.0925121254420068
0.09272661556740774
0.0925989124208484
0.09392437028928143
0.0989853412207969
0.10166631963449119
0.10382769690998117
0.10617829186647898
0.10895645129759715
0.10869878499161008
0.10846747897767878
0.10804537528657596
0.10929576992860003
0.11118428470908341
0.11374221387455431
0.1150641921788051
0.11497761032563093
0.11212324552210783
0.11044800074330274
0.11546660736509282
0.11837702094880397
0.12253273798940605
0.12610642270068387
0.12524896410138442
0.1224026802940535
0.12276586951024769
0.12261688500238326
0.1207431784098294
0.11896283619531568
0.11957019616630157
0.12037673417539825
0.12129591897669077
0.11829645049986087
0.11295054033169027
0.11006954006394151
0.10744617254281255
0.10492460177954877
0.10101228422638049
0.10059182051581547
0.09844120243614253
0.09319616006637
0.08826450633998285
0.08671266875950137
0.08560370671689585
0.08123938136500237
0.0788382436721739
0.07554089645697683
0.07171071486211678
0.06871466532414283
0.06697662887557326
0.06369296011471096
0.05892052301679073
0.05424365080571728
0.04966786734266667
0.04564381102723804
0.0429508371679554
0.039362780336267236
0.03660375403396006
0.03309536435418885
0.03178108541332681
0.02976495107228311
0.027023355726136417
0.023889525532219884
0.02098394361090366
0.018705583772281924
0.016807902423257488
0.016279355270968836
0.01610476075987899
0.015124678470380981
0.013814581423175461
0.01287144663331341
0.011941376930694922
0.011543016278364486
0.010943235614244751
0.009941873263824359
0.009721343499121779
0.009422728375789257
0.009180384321026986
0.00925977986262281
0.009812013154167713
0.009970758399748422
0.0095537915117459
0.009465799362061449
0.009471972832367608
0.009948945881357757
0.010041333875569996
0.009897118568065055
0.009793602093582592
0.009621918448326624
0.009544302437214354
0.00956697989216761
0.009395214484696712
0.009159635938856265
0.008923818887956063
0.008802235855312495
0.008675655509213861
0.00842720989110231
0.00803036412650054
0.007709058123920088
0.00741897383871868
0.007087104471049131
0.006698880792377701
0.006323554420097176
0.005998725074310708
0.005645720688692081
0.0053094452616075346
0.005021832057683833
0.004721123846664676
0.004410081587311927
0.004130351805051615
0.003908970494643841
0.0036663709264109865
0.0034288562552277175
0.0032014854078487895
0.002976309747651241
0.002744379749352214
0.002550681181048891
0.002390660538089186
0.0022239444572939456
0.0020809134956729118
0.0019065872837047155
0.001750405219908639
0.0016207648979373998
0.0014888657198855247
0.0013796835248613463
0.0012609510028609883
0.0011446674434084357
0.0010445987834476872
9.520571422821007e-4
8.701594309672946e-4
8.080033684939985e-4
7.362699528187026e-4
6.606692849291764e-4
5.877439120953872e-4
5.294852326256861e-4
4.822477606997257e-4
4.3935207187702674e-4
3.9656545956938237e-4
3.5554357287840725e-4
3.189713550374408e-4
2.878058126891237e-4
2.576989930323204e-4
2.3123487613992038e-4
2.0449507870169792e-4
1.8126450066482044e-4
1.6004344000055938e-4
1.4245914231133253e-4
1.2532013352635666e-4
1.1017828653575438e-4
9.780577104617702e-5
8.681773959276302e-5
7.597600160729032e-5
6.602376820851059e-5
5.752697748220187e-5
5.004850155417318e-5
4.3484232122278165e-5
3.73321855462025e-5
3.206131019669664e-5
2.7686417589774004e-5
2.370884928374075e-5
2.040439260883887e-5
1.7393940763934084e-5
1.4718933923147718e-5
1.2513646820792206e-5
1.0532069803548253e-5
8.863838057006424e-6
7.457312716208672e-6
