-5.981109377072382e-7
-6.445390394711711e-7
-7.14390182520822e-7
-9.269681349076372e-7
-1.063494810249832e-6
-1.1587359432552037e-6
-1.3526700637005773e-6
-1.5383461146461537e-6
-1.8189475801042923e-6
-2.152562148219107e-6
-2.3599052107250527e-6
-2.8588583673218494e-6
-3.3260341291678515e-6
-3.876835692005325e-6
-4.48779882916886e-6
-5.041360748277446e-6
-5.771199362777337e-6
-6.4845172916451025e-6
-7.128520931908682e-6
-8.251311887824467e-6
-9.491651677804321e-6
-1.0340964950531767e-5
-1.199570700426253e-5
-1.4587397485019631e-5
-1.708488348961342e-5
-1.8046932467694523e-5
-2.1864331599696533e-5
-2.7369063442391743e-5
-3.103513427396018e-5
-3.511533945905078e-5
-3.341875785671266e-5
-3.846642803870491e-5
-4.244611146886829e-5
-4.778722862557003e-5
-5.605392534054892e-5
-5.751690823199064e-5
-7.277152822091875e-5
-1.0075639338279091e-4
-1.1807362061181719e-4
-1.3311442590075681e-4
-1.5056300495925725e-4
-1.6895684050280692e-4
-1.8995289663509745e-4
-2.0344503490147373e-4
-2.16737407474494e-4
-2.5036200650204967e-4
-2.8833421431177775e-4
-3.221430794243024e-4
-3.65807661332123e-4
-4.0582869720739756e-4
-4.4409757321595925e-4
-4.931459314980067e-4
-5.327439833954736e-4
-5.474366421992391e-4
-6.578568759679233e-4
-7.394428631758731e-4
-8.836762314684389e-4
-0.0010243817140611516
-0.0011212388431976442
-0.0012918788978929657
-0.0014703151029481338
-0.001647534796900451
-0.001791432430327203
-0.001856170920714924
-0.0021644375556104855
-0.002550075328220224
-0.0027736789233867225
-0.0030061383346463664
-0.003139233711255756
-0.003334860828026403
-0.004009654087697798
-0.004445514821460901
-0.004770506726375253
-0.00538050949883933
-0.0061829759791361145
-0.006533071658933744
-0.007021385372221588
-0.007526096484381929
-0.007809367541981803
-0.008463334458338502
-0.009312030050555673
-0.009917732423002317
-0.010460906588738205
-0.011241137343288016
-0.012041905075038347
-0.012276053410588827
-0.012107138722141886
-0.01248118759624045
-0.0132824523951726
-0.014271357839871613
-0.015396030512033134
-0.015808881196763512
-0.016686405011288805
-0.018173550435464723
-0.019296412693414724
-0.019913554208187745
-0.020307714759080712
-0.020655689619792163
-0.02108570264697093
-0.0225478774514902
-0.024004212964187945
-0.024920927496262523
-0.025591688636911997
-0.025408610419691707
-0.02598442941172815
-0.02702433025485044
-0.027180703492277965
-0.026826283972916445
-0.02751693824435345
-0.02903678718526213
-0.03003943596151635
-0.031040826003332113
-0.033052028884702316
-0.034059245152714045
-0.0343052620399217
-0.036119397697493616
-0.0378631596183432
-0.03932729558813086
-0.04011073615986145
-0.04170949805936797
-0.0430665304984154
-0.04442693184310888
-0.04717863171025016
-0.04801625946231882
-0.047141303264936534
-0.04815086848321551
-0.05033218422797033
-0.0527898544290271
-0.05352498154007781
-0.055753331877555816
-0.05843907747042714
-0.060151365899332995
-0.06190440101587456
-0.06540652582016196
-0.06798661268159485
-0.06870700619394712
-0.06905846445998123
-0.07001350980830905
-0.07199164745952397
-0.07262992559789977
-0.07321652381509745
-0.07477705541853061
-0.07847538696405529
-0.0797540098398512
-0.08123766104187317
-0.08200390294567476
-0.08309969644864953
-0.08093139966302827
-0.08039379313021665
-0.08096460294931057
-0.08499265594096972
-0.0877355132034307
-0.08690373861366162
-0.08657405426183233
-0.08492040171884728
-0.08498794432184768
-0.08717579034508818
-0.0876909022309637
-0.08735914285980445
-0.08740661691523971
-0.08865494371367752
-0.08794534518055452
-0.08666347605455725
-0.0880887767518245
-0.09102611324075825
-0.09593774288133551
-0.0993814635560753
-0.09837435547712259
-0.09702200909339408
-0.09783083381878929
-0.09894819312854361
-0.09828810633625946
-0.09868528993731893
-0.1017336590378061
-0.10418869754026187
-0.10341421778975442
-0.10171254254728886
-0.10344697393992318
-0.10376298941496331
-0.10362952246994431
-0.10285895976787457
-0.10324127336578107
-0.1030247400675877
-0.1026334993869265
-0.10319614258605865
-0.10373658829874322
-0.10425843902265573
-0.10533566415385934
-0.10510153741160949
-0.10415361289866139
-0.1014713985604604
-0.10165374076029904
-0.09942177225484644
-0.09739640772386422
-0.09605367296534191
-0.09549878622214861
-0.09478619155168261
-0.09468986534267866
-0.09281605434768031
-0.0892298202511606
-0.08508148795671128
-0.08158377869501701
-0.07919927845505972
-0.07747850015426111
-0.07526158820823288
-0.0720073080903245
-0.06899220007507602
-0.06606298758471617
-0.06315159857087237
-0.06048212183806121
-0.05754897243865466
-0.054305096419955776
-0.05110358875872787
-0.04855865956567518
-0.046646195682725204
-0.043741359547328475
-0.0406191593313655
-0.037273326747775615
-0.0343030714786599
-0.03202661787961559
-0.0299693932221831
-0.028318222049902832
-0.02591340490157484
-0.023640127787360563
-0.022122367401376918
-0.02035166268261323
-0.019047317201193265
-0.017659589111674753
-0.01609211032428444
-0.014783588394247666
-0.013982909105149861
-0.013075025637653647
-0.01190418177088599
-0.01097907843461146
-0.010138757262703763
-0.009433915879809105
-0.008740807548315781
-0.008130563605121878
-0.007478413316957593
-0.006859978793299602
-0.006421733410432352
-0.006005817685084824
-0.00558521051656278
-0.005090597553555537
-0.004575477810528871
-0.00417550404209042
-0.003915557714094555
-0.003649391431576915
-0.0033577185054540397
-0.003036865644064697
-0.0027522915820888164
-0.002523108090655755
-0.0022551502891605167
-0.0020741376505843366
-0.0018953086111237023
-0.0017446056513632751
-0.0016137006836213388
-0.001455615085795478
-0.0013459046230116394
-0.0012498661285417283
-0.0011554610778239797
-0.001046141179699303
-9.392746007174349e-4
-8.424576728086776e-4
-7.668791296603101e-4
-7.028625962454197e-4
-6.511352454384141e-4
-5.88030483996913e-4
-5.371465374799293e-4
-4.8424606466136174e-4
-4.348624784081848e-4
-3.997529623243513e-4
-3.6539759704021344e-4
-3.2749027329451706e-4
-2.9526696046240945e-4
-2.683646770025556e-4
-2.4934198845220104e-4
-2.260395403696341e-4
-2.0552698011508004e-4
-1.8513756969525756e-4
-1.6856568299567466e-4
-1.5223924021484018e-4
-1.366136191344013e-4
-1.2300866898308738e-4
-1.106083181997879e-4
-1.0093242746176794e-4
-9.183225197649239e-5
-8.312966918021045e-5
-7.508146329583561e-5
-6.872170899182972e-5
-6.249995543532196e-5
-5.6255352688939085e-5
-5.056964615549846e-5
-4.5142710865655087e-5
-4.0822578691342956e-5
-3.662107253115941e-5
-3.278932920726571e-5
-2.9740451114711528e-5
-2.6726563090098544e-5
-2.375106393314236e-5
