1.4127480945538583e-6
1.5137954473922274e-6
1.4405257887570683e-6
1.9153523414730172e-6
2.241704538250765e-6
2.0539489586943657e-6
2.510454234212741e-6
3.287472751338582e-6
3.2669466106219186e-6
3.6016184431538708e-6
4.731216927252134e-6
4.93968419294189e-6
4.923446147212691e-6
6.210927081662629e-6
6.956225287126667e-6
6.878930193672061e-6
8.630932058763236e-6
1.083715804233914e-5
1.1341212797952282e-5
1.3159644775739511e-5
1.6637523330457566e-5
1.804317966229646e-5
1.9560515982180518e-5
2.393291408060272e-5
2.6901546307035392e-5
2.8672282295413712e-5
3.4121484805308014e-5
3.932843678755437e-5
4.143539363120612e-5
4.757226610510015e-5
5.659894745135575e-5
6.104477878321925e-5
6.723250130990141e-5
7.962460059180037e-5
8.79061863027425e-5
9.29151019376504e-5
1.050164262257005e-4
1.1841920856657537e-4
1.293048879317947e-4
1.474204960057507e-4
1.669845671811086e-4
1.7861527462167314e-4
1.9554777523176294e-4
2.1928003482265295e-4
2.3534641748791953e-4
2.5853241914391154e-4
3.0089088306866875e-4
3.3473671968878863e-4
3.58734252425584e-4
4.0204814939157134e-4
4.403071069588572e-4
4.430416581500635e-4
4.561438317996773e-4
5.100385354484719e-4
5.597439489172694e-4
5.874844114039525e-4
6.246318195345501e-4
6.788296125415939e-4
7.3913354350912e-4
7.829582455664903e-4
7.854392494903271e-4
8.036671310664798e-4
9.057962828671972e-4
9.980273585715482e-4
9.776675288457389e-4
9.472150937024642e-4
9.986363316817537e-4
0.0010495030284034406
0.0010762946137789903
0.0011332269218988344
0.0011538619135857023
0.0011244096327347308
0.0011958385909021276
0.0013331661052778574
0.0013116880474475434
0.001178929207935209
0.0011956572860228518
0.0013797844119282422
0.0015381155878692338
0.0015888257340966364
0.00162598614373036
0.0017666304966360337
0.0019402200220087645
0.001954930083419125
0.001901046781850719
0.0020570424861639895
0.00232006154053969
0.0024422349144205724
0.002677655711517598
0.003354012875621418
0.004256605780400974
0.005146963170938482
0.006173047915888228
0.0073571483436153905
0.008391568867896472
0.00895129808548163
0.008914800522013789
0.008760189274102345
0.009445817413801998
0.011123679998005492
0.012847010530033755
0.014135690407675532
0.015396986225839602
0.016721008025526538
0.017946968947065576
0.019291337094282945
0.020487434729447532
0.02082680244528224
0.020933818212926687
0.02231817417852903
0.025075410933665818
0.028344050238687347
0.03197673569778053
0.03555111199532757
0.03781014057036026
0.03878881482824636
0.0398163739710428
0.04099316907383685
0.04199162252838474
0.04422340193595595
0.04825548362696789
0.05143536946199329
0.052031481142997986
0.05242367036841123
0.05504880910346656
0.05919781216225945
0.06360414190388196
0.067994778491521
0.07172638816347057
0.07410330582234843
0.07517464400489574
0.07567956189280622
0.07816227965979781
0.08481605435577644
0.09178973696788138
0.09312287828720942
0.09179392352276236
0.09545489065301577
0.10216141159850639
0.1046208570395518
0.10450918666981898
0.10774879970144217
0.11291565097763503
0.11649528212924397
0.11914678744234772
0.11984552155017972
0.11684964633114725
0.11520480785057603
0.11950848231619185
0.12430690705945815
0.12380125669228784
0.12136571026634495
0.12072371530231786
0.12008360058188632
0.11969294338225225
0.12259929306562611
0.12700360044293782
0.12844853022881902
0.12750059277441916
0.12754368698020183
0.12860848799987706
0.12868687851686447
0.12789845649617546
0.12760913020507691
0.12690519645248086
0.12328440683129842
0.11772960217831738
0.115178413495105
0.11702471643338805
0.11828619228009425
0.11615467871720203
0.11436550930316391
0.11465348119055892
0.11248656421969526
0.10603098532499958
0.1004953454691532
0.09939679480335402
0.09969271643436839
0.0983042676472502
0.09599307153279375
0.09340689220285818
0.08979700098711828
0.08586612048569824
0.0828143522382225
0.07974058757931718
0.0756452950299179
0.07146488694638882
0.06770041842566116
0.06346121278295579
0.05902524601436924
0.055709346368784905
0.05343837363160283
0.05158269136364994
0.050347033857803904
0.0489536701556413
0.04560608247643804
0.0407409727961701
0.03670714285551373
0.03401898935582127
0.03151938463662957
0.02923637367044574
0.027769206715785057
0.026417339519671765
0.024400983477004912
0.02222171192156965
0.0204062245491466
0.018642651143980008
0.01685790180098737
0.015663558645651537
0.01532734329586076
0.015242832363448209
0.014671641184446454
0.013569471679454739
0.012503527587221138
0.011928853759181917
0.011758317393809559
0.011627063942724102
0.011340490922591267
0.010943338174937834
0.01048014949274899
0.009884103623841019
0.009169454204092757
0.008575334450264038
0.008334975389594197
0.008371880856006845
0.008365059153524692
0.008081829953897517
0.0075862091041728075
0.0071138305293473305
0.006771979896842437
0.006490501745900852
0.006246525429585842
0.006073070587056968
0.005892972919716972
0.005660569231065872
0.005511005086932908
0.005479528940653196
0.0053616871260116685
0.005046331253299685
0.004640267547627816
0.004240996500499688
0.0039047744174324044
0.003687753934403134
0.0035229414283577303
0.0033079543964982363
0.003099280286589004
0.0029469186086930094
0.0027596013104123126
0.0025400954401685097
0.002407844117031561
0.002327544749262956
0.0021790572720678503
0.001992512341504918
0.0018310871686620471
0.0016652834309423645
0.0015034778462149727
0.0013869757326370235
0.0012733896334680844
0.0011362640234482584
0.00103751788455503
9.862461198832195e-4
9.206719057653828e-4
8.383983508394015e-4
7.732147214582259e-4
7.16429043619824e-4
6.606769680603415e-4
6.154969408011139e-4
5.660445368599615e-4
5.065107731755608e-4
4.6055872623252894e-4
4.251709340704976e-4
3.7747486882966765e-4
3.279633776370978e-4
2.9319111554125315e-4
2.6282258052585846e-4
2.3289534988372393e-4
2.1161798990203896e-4
1.9207543272588423e-4
1.6789917530872544e-4
1.4842334805246056e-4
1.3521632662797642e-4
1.2044204928782242e-4
1.0575520189843781e-4
9.422600924305921e-5
8.262445304836645e-5
7.24636139354839e-5
6.619392749333358e-5
5.918518501340263e-5
5.054893030622024e-5
4.4915165257792686e-5
4.073544647666014e-5
3.471542144035249e-5
2.9773353419182514e-5
2.709451691334694e-5
2.366130781998533e-5
1.9979486515834797e-5
1.7812001692407192e-5
1.5492054522025986e-5
1.268679978372757e-5
1.1163322837335112e-5
