-1.1199401279198547e-6
-1.4055428953447276e-6
-1.3237567142563387e-6
-1.3525937283293439e-6
-1.7346634544022482e-6
-1.8324536328987028e-6
-1.8955150602774002e-6
-2.4429484896082984e-6
-2.680920471037497e-6
-2.5200814242858967e-6
-3.0418602210430213e-6
-3.7187758368558708e-6
-3.7493982427799236e-6
-4.327440759082672e-6
-5.587510248663979e-6
-6.2263322541190965e-6
-7.0906593005459745e-6
-8.826127359043742e-6
-9.703646815954298e-6
-1.0296039299954976e-5
-1.2414402332394665e-5
-1.4115474604686412e-5
-1.4764021694497982e-5
-1.7382323388219514e-5
-2.0709618135966442e-5
-2.1968127399834006e-5
-2.4540422379710796e-5
-2.9667221839237785e-5
-3.310619899478995e-5
-3.630105698248684e-5
-4.243617632642152e-5
-4.786947693994286e-5
-5.301404840779135e-5
-6.203759629726101e-5
-6.988340808611709e-5
-7.547948513574778e-5
-8.881321724380352e-5
-1.0640383350452894e-4
-1.1771833019697724e-4
-1.3158733634179668e-4
-1.5295175814028297e-4
-1.699988211572937e-4
-1.9046119589867822e-4
-2.2576865748107308e-4
-2.531939506466203e-4
-2.6694735914837095e-4
-3.0195091490159805e-4
-3.5681637272601155e-4
-3.969925556110197e-4
-4.311529371216451e-4
-4.804508874472871e-4
-5.42084302600345e-4
-6.316225274460846e-4
-7.39792605780243e-4
-8.060781335818149e-4
-8.596510660350128e-4
-9.984822437777005e-4
-0.0011715819564861645
-0.0012734444309485053
-0.0013802155598336952
-0.0015760613824982188
-0.0017801779394559887
-0.001976937914712615
-0.0022505116839460805
-0.002541409462570553
-0.0027681130606092845
-0.0030119704079636907
-0.0032994515585130064
-0.003594682862579984
-0.004045747506492119
-0.004707286789317248
-0.005250791050582876
-0.005476494861069519
-0.005706545433533461
-0.006303000801129723
-0.007185877415240808
-0.007951386546595884
-0.00832381952776465
-0.008584546613152545
-0.009280568296564994
-0.010357871487264489
-0.01131341139760157
-0.012182823340473947
-0.013319312872903563
-0.014551997981166624
-0.015610547942225342
-0.01662921363598014
-0.017599741460197525
-0.018374179411177596
-0.01915765755212497
-0.020002978557798996
-0.020608505222849422
-0.021079267085670993
-0.021595174256291896
-0.021906241272929946
-0.0225489918956871
-0.02463546547515191
-0.02733745791065131
-0.02864317031258381
-0.028938308152546176
-0.030131253972843584
-0.03196064288845157
-0.032934181640569576
-0.03331905267836074
-0.03416604812380612
-0.03555647042817026
-0.03757302678872984
-0.04048169631571594
-0.04331156949309668
-0.044577228438369254
-0.04427293100214388
-0.04348889854947275
-0.04281202757804499
-0.04244306539020996
-0.04310507257811839
-0.045522684108846724
-0.04928855541992851
-0.05321175843726344
-0.05633248071063533
-0.05780142071283931
-0.057241035580570955
-0.05634599374875409
-0.05774390179755526
-0.061354333067237865
-0.06476321020685587
-0.06669188982710264
-0.06694518931788056
-0.06562909617081056
-0.06517706380400802
-0.0682143087352609
-0.07221388613617552
-0.07291367721509782
-0.07161726529716747
-0.07185681974810024
-0.07324447330074971
-0.07485027382354183
-0.07757407289712905
-0.07962480048797352
-0.07832133533592317
-0.07606857876825758
-0.07581802162453524
-0.075036333360709
-0.0717506308989348
-0.069504059492871
-0.07127095825785275
-0.07560629232143037
-0.07965832568777428
-0.08053298667261147
-0.07741568866502255
-0.07501429389528198
-0.07784083627227299
-0.08234402813976294
-0.08368237852665246
-0.08473648625631684
-0.0885241514196681
-0.09046112478523241
-0.08771486104346624
-0.08573164743868689
-0.08744700039356096
-0.08743527505024329
-0.0831794464720498
-0.08061122941371797
-0.08319310401614334
-0.08625270832120929
-0.08646640767790087
-0.0873150825870305
-0.09131494311662061
-0.09477716517213747
-0.09375289615750083
-0.08989786852339371
-0.08786755492954824
-0.0892171481352569
-0.09056595077073669
-0.08874453182245859
-0.0864099711832274
-0.08783079130020365
-0.09033290732193679
-0.08801030484172574
-0.08252755955040862
-0.08041378426912849
-0.08201231362099777
-0.08289199020158439
-0.08231452957943149
-0.08210077858136228
-0.08209405785671699
-0.08191812946693654
-0.0820924652041387
-0.08206586186843752
-0.08139883249769046
-0.08086649636653634
-0.0801319544677899
-0.07825799442678569
-0.07601016989237815
-0.07388039202390628
-0.07138161378468273
-0.07011567002003417
-0.07154038890346422
-0.07279005302569816
-0.07143797786098506
-0.06995236841585317
-0.06976458742446748
-0.06831796644646164
-0.0654214250944211
-0.063768431263667
-0.06279434866651393
-0.06034185873061737
-0.05765472200249548
-0.05618867640339695
-0.05434822281957623
-0.051221828916585076
-0.048102004491398925
-0.045457725941155935
-0.04301036679320065
-0.04115207747028795
-0.0394870597082075
-0.03705085076306016
-0.034548170663514385
-0.03300719838207964
-0.031585436461015116
-0.029440275270787675
-0.02732571918325132
-0.02583230809856716
-0.024569151474913523
-0.023218553834346085
-0.02159420154840161
-0.019626152860308697
-0.01798938197990462
-0.017219348699857886
-0.016581598376798012
-0.01531548498250506
-0.013864015418697305
-0.012804375509378182
-0.011973988390617144
-0.011145998509860092
-0.010328399273173505
-0.00941821562964314
-0.008381215887204632
-0.007463157925418967
-0.006849681523557265
-0.006444145317621467
-0.00603796622012776
-0.005540431014090354
-0.005072894591552959
-0.004749550894910825
-0.004432582097052485
-0.003997834023742191
-0.003604909627658958
-0.0033555562163111925
-0.0030827628725546862
-0.0027272496946813525
-0.002438428231326354
-0.0022344779358363116
-0.0020187472660879503
-0.0018183545323122744
-0.0016772003064979256
-0.001543275400858975
-0.0014125924564230257
-0.0013284091564621813
-0.0012519826719976502
-0.0011358644680708122
-0.001011897384832569
-9.095553077943842e-4
-8.244132413992748e-4
-7.6016700232898e-4
-7.032599627958409e-4
-6.284998433590792e-4
-5.542808931987582e-4
-5.029708122480331e-4
-4.5328874323832455e-4
-3.9733469321461397e-4
-3.586642640614145e-4
-3.3420695825271267e-4
-3.041657583789259e-4
-2.7388346501074095e-4
-2.494041097916725e-4
-2.230112293584271e-4
-1.9891213452545334e-4
-1.8262973498216027e-4
-1.6449575498857387e-4
-1.4349490693467615e-4
-1.292902878064569e-4
-1.185078424826838e-4
-1.0551211770073448e-4
-9.600487241826136e-5
-8.96591380598602e-5
-8.000536481314888e-5
-7.079654652999672e-5
-6.566540377360514e-5
-5.9044527545361195e-5
-5.100226294897662e-5
-4.677574322907595e-5
-4.3395856737014415e-5
-3.7472318623688194e-5
-3.287146299386004e-5
-3.0281638824558282e-5
-2.6702237180153416e-5
-2.3954022271845526e-5
-2.3263904969065862e-5
-2.1223422161213065e-5
-1.791692499084838e-5
