9.653391918744847e-7
1.1369177488549037e-6
1.3250815167352967e-6
1.5498527764254477e-6
1.8100313188471699e-6
2.1096298923352723e-6
2.4590485624122084e-6
2.858175016444152e-6
3.2957811281394123e-6
3.7979922138615417e-6
4.352349689623645e-6
4.859753259179019e-6
5.723823209780112e-6
6.6400094248758975e-6
7.636928513555913e-6
8.765574300580873e-6
1.0059107904109174e-5
1.151369172844029e-5
1.3130899618118743e-5
1.4893374860648434e-5
1.687144483028741e-5
1.9081997467717736e-5
2.122164270161899e-5
2.435712907876321e-5
2.7617903977786093e-5
3.099586426082936e-5
3.4826791055116765e-5
3.94463879760713e-5
4.420793054073304e-5
4.921997783915369e-5
5.467852466719346e-5
6.112027675010791e-5
6.768978873844598e-5
7.447276777832567e-5
8.307850830503765e-5
9.119410713775081e-5
1.0054034723162972e-4
1.105316084507231e-4
1.2063709846745385e-4
1.3108819426077244e-4
1.4352822321027573e-4
1.5299251285488718e-4
1.6547202537167628e-4
1.7469883837320543e-4
1.8830518556908475e-4
1.9837183633598257e-4
2.1092951060166002e-4
2.1719994096769098e-4
2.405068945223346e-4
2.520790271083389e-4
2.5985660433165594e-4
2.608476156437047e-4
2.6569187402105776e-4
2.610379603193251e-4
2.601268131115553e-4
2.52764521685009e-4
2.3129726902125736e-4
2.223459049330055e-4
2.128501710741298e-4
2.543813363712426e-4
2.1316024117940834e-4
1.8091854792565444e-4
1.6648220294752074e-4
1.318235336586953e-4
9.656180417266013e-5
7.00980758616466e-5
3.848678116555627e-5
9.511436589338147e-5
7.835648877022894e-5
5.90554822870326e-5
1.1605406128943238e-4
1.2844035154810116e-4
1.7042022991640613e-4
2.626147869092274e-4
4.318792349455708e-4
6.99609309876562e-4
7.225966730092976e-4
0.0010139512049269091
0.001270906687860381
0.0016257598273160029
0.0020485064848922378
0.0024813307774989965
0.0030154608066669027
0.003320267892252356
0.00400028651992399
0.004517862854410234
0.005096133330303859
0.006122561774726967
0.00712349409401676
0.00834316660026963
0.009208468702517986
0.010647778940910402
0.01150837987936159
0.012590513690942773
0.013972466195929708
0.014965124058901543
0.01671658142886773
0.018757337486536477
0.020304929730394793
0.022314121914344294
0.023569292736651364
0.025636698736865183
0.027653990162571716
0.03033179870193572
0.03351047638499881
0.034966870426665145
0.03688115145398872
0.039867292716368095
0.04202444069913882
0.04392062105158927
0.047007021716606465
0.05033128649178783
0.05441721662256027
0.058038338600599065
0.06067105542569415
0.060349330914929125
0.06364505307238422
0.06759475727184286
0.07074135115482623
0.07593052051411586
0.08068522086914781
0.08482049405289643
0.08787886125596502
0.0895289544181786
0.08974660301806744
0.09445385376207421
0.09675245877857205
0.10141004748496883
0.10705839603562156
0.11292295291452015
0.11552044265713449
0.11915677959063622
0.12084075629921655
0.1211385838492919
0.12383892770804757
0.12417128628843398
0.12931288688950043
0.13381428936823023
0.1386072727875669
0.1419057651264482
0.14470569049188317
0.14558882693918773
0.1457305559401771
0.14549202593374547
0.14597945991976258
0.14709796948631726
0.14857640472281572
0.1501545231217739
0.1538533882649284
0.1535159241331316
0.15482760419384126
0.15555819433371743
0.15548088022403384
0.1550099863813545
0.15539838200275927
0.15505737430301175
0.1523100632501116
0.15102218760270192
0.14998458939305043
0.14819785630578058
0.14678685036404815
0.14280364596298134
0.14111153053218073
0.14121772780651362
0.13816067018017245
0.13443240027908682
0.12919671367197375
0.12562685490506187
0.12222482980412597
0.11849060105946484
0.11235950502730768
0.10844328730304299
0.10622960678278004
0.10162476690558928
0.09638844550853531
0.09111422926115474
0.08457954946873955
0.080470400114767
0.07617244597670017
0.06780566545275941
0.0638800875923917
0.05879249145821861
0.05376841408321364
0.049613510298677665
0.04444258482829897
0.03953702322132347
0.03496524942356851
0.03117821436992252
0.02683554597947092
0.022940020241360607
0.02018254690831307
0.016270337379557666
0.01334831346881965
0.010644405632337626
0.008312735001703033
0.005997761382910291
0.00431474876842812
0.0028582670540612315
0.0023289175427192747
0.0017462203604846028
0.0019378738989833384
0.0016151251258987582
0.0016304189819874753
0.0020205509933563133
0.0024576278397777387
0.0026337078014060282
0.0033017947413772493
0.004506613154365342
0.005611238892288905
0.006615947470324689
0.007632836156188905
0.008555555934568708
0.009477698480357125
0.010148023607957104
0.010693373742247105
0.01111610544655909
0.011538585917154731
0.011884789249744732
0.012354963852460099
0.012831285450461596
0.013392116486434175
0.01365910198385227
0.013355218555726476
0.01301591442972435
0.01256575962750359
0.012361996493082377
0.012241549773220053
0.01197275143760065
0.0116298447858389
0.011349525991755609
0.01093415984158587
0.010501569607788936
0.010051925762032786
0.009669546892458986
0.009268428544660482
0.008831137765915278
0.008345127389302636
0.007915108709857892
0.007564903913508824
0.007215730876970871
0.006754403012702253
0.006363073061472264
0.005929696207565458
0.005548393915868773
0.005178825683343381
0.004885937539926606
0.004600711880404981
0.004302877609775
0.003977404215750496
0.0036738017584087325
0.0033485389254181274
0.003084750252498161
0.0029053079820943544
0.0027196187653689054
0.0025167820841300497
0.002278539056717802
0.0021056661347747608
0.0018965722359650227
0.0016963945852847967
0.0015634301028314619
0.0014416314037421368
0.001318212866440268
0.0012045102829365203
0.0010965371776511463
9.90489745986551e-4
8.885746929545859e-4
7.960590081288022e-4
7.219704271097647e-4
6.565194200772216e-4
5.888760617749848e-4
5.28630804902236e-4
4.753224918491824e-4
4.2797533252495314e-4
3.8105605491112177e-4
3.370007870105691e-4
3.001671955612772e-4
2.683344956530603e-4
2.389451014367215e-4
2.0917788617666228e-4
1.8344527569681901e-4
1.6146896447397216e-4
1.4073916819127414e-4
1.229001055278941e-4
1.0758664204345755e-4
9.39857121814088e-5
8.186498440246987e-5
7.016815730416532e-5
6.077903485925377e-5
5.269665533802705e-5
4.478770783143266e-5
3.8882127119062826e-5
3.290994208058473e-5
2.7380926214435266e-5
2.3111224678227635e-5
1.9078086039281754e-5
1.56777655162587e-5
1.3030670506220073e-5
1.0643969251825142e-5
8.750661304540397e-6
7.085629666040342e-6
