-4.455032837055757e-7
-5.202917644497697e-7
-6.052935841680428e-7
-7.17275928688159e-7
-8.382548345883768e-7
-9.7769922779303e-7
-1.134787739029891e-6
-1.3123748053511156e-6
-1.507780931490554e-6
-1.7757261121772898e-6
-2.0127740988054304e-6
-2.5123165427061245e-6
-2.9655923395114303e-6
-3.43335350339881e-6
-3.974393404486858e-6
-4.636283005277932e-6
-5.376946055129336e-6
-6.2209630015784415e-6
-7.15826145890794e-6
-8.26337448535637e-6
-9.639961628269263e-6
-1.1076662851566232e-5
-1.3202509628792553e-5
-1.5432759331223073e-5
-1.771430417367161e-5
-2.0656900783461416e-5
-2.3943324069035574e-5
-2.7589508970287984e-5
-3.178478707995256e-5
-3.6722409541565217e-5
-4.24029021148672e-5
-4.902122548036816e-5
-5.635925617397612e-5
-6.61030669612775e-5
-7.61743052524454e-5
-8.737574359676421e-5
-1.0129005901279548e-4
-1.1657667647558402e-4
-1.3457519480355635e-4
-1.5501433586106078e-4
-1.7590991189103883e-4
-2.0392391998681064e-4
-2.3487665167612847e-4
-2.708933178214553e-4
-3.117143592855741e-4
-3.4827003661270183e-4
-4.091474117098062e-4
-4.6148624255445834e-4
-5.229487840356663e-4
-6.027329973334803e-4
-6.857624735881964e-4
-7.791283434274454e-4
-8.927576906639041e-4
-0.001011668886750128
-0.001156010622732758
-0.0012968129046762352
-0.0014728652772409564
-0.001650311300863455
-0.0018163414397958382
-0.0019820776205620103
-0.0022967172772712027
-0.002552310600037429
-0.0028604122400291768
-0.0031652591442917883
-0.0035216019276005546
-0.0038268035158786945
-0.004183546905908414
-0.0044316205382143176
-0.004953007101009761
-0.005426179544907254
-0.005866960977338053
-0.006468642162996859
-0.006990409448857364
-0.00743189522510492
-0.007839834080154113
-0.008109276729083095
-0.008877637955230116
-0.009361123962408001
-0.010015578557635726
-0.010664203452098932
-0.011265052666565342
-0.011701008985591
-0.012198368572470385
-0.012962352614130928
-0.013571813821137037
-0.014472741889200053
-0.015185906653025768
-0.015681913025022504
-0.01634611227290741
-0.01659789584994252
-0.017263197253332287
-0.017582069782902058
-0.018450350437309894
-0.019172176596054042
-0.019862377351915744
-0.02064973882026232
-0.021058171015158503
-0.02162464842286487
-0.022644450887044656
-0.02350372759972538
-0.024919026971766924
-0.02599996979031511
-0.026833247602991557
-0.02704873114717143
-0.026779358672906324
-0.027016079854237467
-0.028499884840004548
-0.029202481255073277
-0.03109543632055825
-0.0329972349724131
-0.034119821103965296
-0.03407934454236092
-0.03427276412086844
-0.03453578607095588
-0.034855038959215726
-0.0388400267762008
-0.04041923903900024
-0.039874432904787316
-0.04174108800755398
-0.04258378444596876
-0.04287798444326516
-0.043069226250860355
-0.044626095813467395
-0.04639985309170473
-0.04956956800833015
-0.05034276940002905
-0.05182994998373199
-0.05211001500749575
-0.05196399266827464
-0.052503254754047685
-0.05476799068562619
-0.055698806160608696
-0.057471461939460816
-0.06105363412194348
-0.061487726765613544
-0.06386443373748085
-0.06407931891807314
-0.06350133694900836
-0.06463914281431483
-0.06643838014299679
-0.06834314981710989
-0.07052421483477866
-0.07041601295850677
-0.07357418507923742
-0.07603393131639322
-0.07723931577624063
-0.07970348699371872
-0.07995565366844401
-0.08245316224169341
-0.08540230071335306
-0.08748381968277068
-0.08818313559758706
-0.0884886753484116
-0.09054119085569264
-0.09228838848644796
-0.09444770169260305
-0.09715209479254608
-0.09787243165389474
-0.10015275436156537
-0.10234334666586216
-0.10374787808441034
-0.10443920556596681
-0.1078098577244827
-0.10883124083304725
-0.110351939477521
-0.11218699221362288
-0.11312019567150347
-0.11420322109246026
-0.11733152928470743
-0.11845481701348888
-0.12080345943819619
-0.12341638098120736
-0.1257232911133491
-0.12837326113153427
-0.13079182097949432
-0.13256047473869975
-0.13366646984434172
-0.13283668275162588
-0.13321219987466765
-0.135388494912346
-0.13766871295887279
-0.1395149717192667
-0.13991466890318982
-0.1404933491563015
-0.1419428947878523
-0.14242017851370267
-0.1413833991577319
-0.1398829061589117
-0.1397956804599459
-0.14007068233537967
-0.13948315949817347
-0.13847182532397045
-0.1365814585966764
-0.13447317980901
-0.13185224743486806
-0.12898102747829057
-0.1258663703411873
-0.12262854103957947
-0.12014885414405788
-0.11657105942117467
-0.11241001512451644
-0.10875890354182217
-0.10413922191449619
-0.0993268053503357
-0.09453962068495583
-0.08936466592474947
-0.0845800456136237
-0.08099803814483261
-0.07695730847070248
-0.07227110540703877
-0.06772538326396592
-0.06348023768383082
-0.05914309380912546
-0.054868491649414555
-0.05060858939020877
-0.047128626725215325
-0.044192862416850186
-0.04120377174696785
-0.038235945966699984
-0.03504540247867495
-0.032111786171437603
-0.029319433592800755
-0.02702069031506171
-0.024888923213468504
-0.023239156737294934
-0.021460191731598154
-0.019957652348174548
-0.018602134438094275
-0.017185091058980598
-0.015645502796909662
-0.01414241223664785
-0.01267473732369877
-0.01158361196666245
-0.010795261403810366
-0.009979036674141292
-0.00924535032903289
-0.008563416107394096
-0.0077981887782563415
-0.007058694159526584
-0.006371508633453299
-0.005738878335568013
-0.0052511614899609415
-0.00490987724860838
-0.004490898663146439
-0.004145173564947841
-0.003821728475911358
-0.0034758366476647065
-0.0031315804928425425
-0.0028557117432673374
-0.002566048745296717
-0.0023520422762734203
-0.002199595959398238
-0.002020321436588801
-0.0018418180500257082
-0.0016810241769985679
-0.0015466125056702003
-0.001393027162967115
-0.0012659123414664724
-0.0011575331112788504
-0.0010944357992481706
-0.0010135651821034978
-9.247197083913938e-4
-8.435506172253708e-4
-7.620877963873206e-4
-6.845505328152627e-4
-6.224799653302549e-4
-5.692506893055236e-4
-5.250765234273534e-4
-4.8503604291694343e-4
-4.47007283125875e-4
-4.0765466752689836e-4
-3.6902193612268e-4
-3.329022883899701e-4
-3.0381872285620564e-4
-2.785128672206854e-4
-2.5371464064488533e-4
-2.3084306310599666e-4
-2.1148588678329276e-4
-1.9350196060188802e-4
-1.8134710134061426e-4
-1.6603193264511624e-4
-1.5044354925337615e-4
-1.377417373701705e-4
-1.2501417662973222e-4
-1.1288394787175794e-4
-1.0281297847580477e-4
-9.487446639449647e-5
-8.702935820460299e-5
-7.862245176590461e-5
-7.172100178633863e-5
-6.51109998503069e-5
-5.904959699949033e-5
-5.3405845706340984e-5
-4.888141616724917e-5
-4.469827366000077e-5
-4.06931877566429e-5
-3.700519299389959e-5
-3.365995624027453e-5
-3.0185027043024426e-5
-2.6887361213886115e-5
