1.3448455815765138e-6
1.5861817946342576e-6
1.4328190149322995e-6
1.8430178955282343e-6
2.462560352049424e-6
2.3683347716840586e-6
2.5616694512742627e-6
3.377244514778474e-6
3.4936671137661237e-6
3.627019629362299e-6
4.863554842759644e-6
5.520474962738734e-6
5.559565928549985e-6
7.095922580142613e-6
8.589500067470067e-6
8.464668047740903e-6
9.767322230137606e-6
1.2602141815732264e-5
1.3491136001298192e-5
1.4511308460200987e-5
1.8098746439978233e-5
2.0300553699799168e-5
2.118952809719328e-5
2.5224076150802364e-5
2.927398038593998e-5
3.068689270094853e-5
3.506519842748946e-5
4.1461813490507326e-5
4.441998046861864e-5
4.967613018915919e-5
5.950688193390319e-5
6.426092005918216e-5
6.718728211688288e-5
7.852447354574329e-5
8.865163920119648e-5
9.108185727087663e-5
1.0006505228974339e-4
1.1502995983575364e-4
1.2259688932847842e-4
1.3351782598288668e-4
1.5591194161988778e-4
1.698427828126787e-4
1.7407608577485692e-4
1.901785806899134e-4
2.104371570568875e-4
2.1822150289688128e-4
2.269765883883799e-4
2.4177551355175606e-4
2.48804479762784e-4
2.593681339352581e-4
2.8714521714738307e-4
3.105823514279415e-4
3.179239127232821e-4
3.3022374871511984e-4
3.527174497020828e-4
3.6256805338897875e-4
3.428349790903142e-4
3.0438885722636953e-4
2.8682509366159063e-4
3.1170516031283615e-4
3.3915220227919904e-4
3.3334540359450095e-4
3.242415319022947e-4
3.3333163497504913e-4
3.251350016649555e-4
2.813711096970743e-4
2.3596563776898441e-4
2.3231926605959223e-4
2.8126675244417713e-4
3.274635346026983e-4
3.083181190766087e-4
2.713625316093798e-4
2.9956980405199124e-4
3.7422796568860296e-4
4.834812685067557e-4
6.831070888042818e-4
9.170910936759344e-4
0.0010834041320371588
0.0012828250973583688
0.0016442253433305196
0.002078403637169966
0.002503077265423804
0.002965086830085898
0.003409748395176207
0.0037799532376444167
0.004276118538283094
0.005087355200731365
0.00607029761299424
0.00696694972969092
0.007697362927989157
0.008377852571362247
0.009218477609245337
0.010293693617680944
0.01141008792739794
0.012417615623743062
0.013527350134953252
0.015021877997248943
0.01671923323207756
0.018119445433201622
0.019262822195658946
0.02084554531893416
0.02300486450686053
0.025000406390544593
0.02672338621028376
0.028886583221638645
0.03129207540235693
0.03321526462062675
0.035323657149413025
0.03849323485760249
0.04178232411865835
0.04410823545525004
0.04601726868929644
0.04825189028216466
0.05092259157897054
0.05397435620207448
0.05647113333203589
0.0575713958189108
0.05906794404450805
0.06310427856232821
0.0681989859387765
0.0720317459667808
0.07544020301684368
0.07965847210502876
0.08363992276812694
0.08660618801128124
0.08914545218883486
0.09147449171819447
0.09368916108543582
0.0962953135464967
0.09924395826980019
0.10232740581947085
0.10565448026184893
0.10870493914265236
0.11109286175108209
0.11347753705987518
0.11590192100561389
0.11803466997315354
0.12078913354122237
0.12388788685263927
0.12541732968195915
0.1267496386292416
0.1307977363474372
0.13521767364911672
0.13664446503078714
0.13763545002611544
0.14018443753290893
0.14072557094054433
0.13839079217329053
0.13736855098253747
0.13887708001365498
0.1412934430074714
0.14463892646992227
0.1471902447663146
0.1457294274941422
0.14209501346059267
0.1399572938646708
0.13832256012878585
0.136362414385625
0.13612813811860663
0.13607500823373536
0.13302183149122937
0.12959530623654886
0.12896796708536867
0.1282470632427353
0.12513220924398988
0.12213974441130765
0.12030984757548593
0.11774744956067489
0.11416100120792222
0.1104163650241805
0.10666164350686186
0.10324298382101402
0.09975967282879626
0.09504614033438463
0.09030692575970427
0.08737031267952539
0.08440835675840802
0.07940485698450782
0.07429455337964659
0.07048950716533937
0.0660681290890225
0.06045315557653122
0.05542812255778366
0.05103650586742551
0.04612239276803436
0.04125131461070956
0.03718826967546541
0.033290705048410814
0.02924814067940291
0.025546750703519673
0.02211190858116081
0.01868004969731931
0.015624799866711458
0.013199814127165928
0.011076975878744257
0.009002061717347236
0.007068563220767186
0.005434961608485134
0.004192340293567884
0.0033777001133005143
0.0029869334815081357
0.002888510220952625
0.0027961396205338574
0.0026506505178084637
0.0028085833450869515
0.0034384181580876996
0.0041975422911596375
0.004856447001928534
0.005590894564543831
0.006449163477270416
0.007188805434575125
0.007717271182942042
0.008224266826051176
0.008894389404325114
0.009696656552105982
0.010408552347261627
0.010838900239787475
0.01103772940526467
0.011202156755646583
0.011430555925690325
0.01166943807373202
0.011827229262893374
0.011864965915838258
0.01179820993368258
0.011648820058485658
0.011444351026776947
0.011231694326024454
0.0110073561741432
0.010714274071332713
0.01036845944117178
0.010038039070967996
0.009700597397820464
0.009306015724510149
0.008894801610083575
0.008505042337444303
0.008112872113201847
0.0077190450218930125
0.00733099219320092
0.006921437683432747
0.006516142006845847
0.006169765646718521
0.005841515118039491
0.00547692469643845
0.005120644714602641
0.0048046826392473185
0.004488761790853565
0.004171295356321251
0.0038853678753039416
0.0036171329693460734
0.003353096914124571
0.0031118623905594077
0.002886038161506362
0.0026618344472819993
0.0024586534457272553
0.0022760538607241388
0.0020890203099901226
0.0019079041950401064
0.0017508688008321719
0.0016024165592473587
0.0014575557154289846
0.001331057825677508
0.001216017511023986
0.0011034254696545573
0.00100409676638178
9.148309325847364e-4
8.237838301390706e-4
7.42261798026426e-4
6.768616919838018e-4
6.118849130385247e-4
5.461515023888209e-4
4.916783153827067e-4
4.4263717664547175e-4
3.9242373675995354e-4
3.496779263756185e-4
3.1441290567923557e-4
2.784529802414505e-4
2.456747175875546e-4
2.1974638020429108e-4
1.9448778920462033e-4
1.7025655200446384e-4
1.5172085336711484e-4
1.346634365114514e-4
1.1640115349910405e-4
1.0154571466203935e-4
8.954224298055774e-5
7.686068191320721e-5
6.60990202007588e-5
5.838437447841124e-5
5.0150947707885034e-5
4.199396713459841e-5
3.641694305566271e-5
3.14210444552165e-5
2.5928136108051025e-5
2.1984764578083447e-5
1.9033825739206123e-5
1.5523845188109424e-5
1.2712336949704112e-5
1.1006666973124468e-5
8.978465849560673e-6
7.034221030263079e-6
