-6.734152806854936e-7
-8.912965709013778e-7
-8.613681745313796e-7
-8.993743449490515e-7
-1.2200850606048035e-6
-1.2626391808158429e-6
-1.1619201290435416e-6
-1.554580288411574e-6
-1.935422343548583e-6
-1.9338504157780574e-6
-2.329076326297867e-6
-2.9693581903397204e-6
-3.0861053885340713e-6
-3.372582786974321e-6
-4.202023087817778e-6
-4.679045299617658e-6
-5.23324986363792e-6
-6.512268643746972e-6
-7.299193062798441e-6
-7.752677387381951e-6
-9.467350773341284e-6
-1.1221883055098201e-5
-1.1915561861242072e-5
-1.3805633738658503e-5
-1.690918223420274e-5
-1.8869731165481007e-5
-2.1303431336060564e-5
-2.5841930007262338e-5
-2.9900087916329295e-5
-3.34629276475287e-5
-3.8574547683038156e-5
-4.341288250550501e-5
-4.8628448608636244e-5
-5.786417231449093e-5
-6.756568222555905e-5
-7.517411715626225e-5
-8.809905045507711e-5
-1.0674782702470999e-4
-1.2236824888517877e-4
-1.3721992593621632e-4
-1.5622866845565144e-4
-1.7477882084862185e-4
-1.9868385164338926e-4
-2.378998376810635e-4
-2.786034275580236e-4
-3.09922357618454e-4
-3.4758646866002825e-4
-3.9410765841172904e-4
-4.3674676771819214e-4
-4.896285193761341e-4
-5.676793058767037e-4
-6.572145753230415e-4
-7.549702766230106e-4
-8.626799154167572e-4
-9.63423197669503e-4
-0.0010792395428758069
-0.0012513370275571657
-0.0014360431384123557
-0.0015856604365074385
-0.001762288025389939
-0.001998828846282329
-0.0022373966342359337
-0.002498949065261909
-0.002827157476221745
-0.003132377249320447
-0.003386811857520458
-0.0036935201416044014
-0.003996658175175505
-0.004219897788785093
-0.004599283301758363
-0.005244286756144676
-0.005788551100024582
-0.006086876594892908
-0.006517265194175722
-0.007176123528503288
-0.0077185399209000385
-0.008094791317658044
-0.008529110341749645
-0.009036701309562446
-0.009590446472998095
-0.010192269528768356
-0.010633141657735896
-0.010896376872507173
-0.011417027703133537
-0.012320002119309783
-0.013168889559260608
-0.013756035347273567
-0.014251519957741064
-0.01474932203987666
-0.01535837218176249
-0.016149090308089722
-0.016821421050337466
-0.017260736696866456
-0.017972534604205337
-0.019132239299454477
-0.020139097455694324
-0.02063579174653042
-0.02087418669491885
-0.021086438373799296
-0.021424428318499535
-0.022056168441578174
-0.022915499361394042
-0.023942171577850346
-0.025156011087194664
-0.026125748009461953
-0.026526534256870047
-0.026974664687671485
-0.02777819963762614
-0.028130438001784268
-0.028072896492460152
-0.028931775839535004
-0.030659294197383464
-0.03175893162572028
-0.03224276317979434
-0.0334632238330357
-0.03543226939821991
-0.037046890497608606
-0.0379387683730671
-0.03841167651223678
-0.03884332851269518
-0.039526159004745404
-0.040097538776729426
-0.040144947441949665
-0.04068340545661532
-0.042819392614846054
-0.045402348026954975
-0.04677588853430711
-0.04758330080110494
-0.04905750480494952
-0.05052205835154228
-0.051084534718665794
-0.05154094925122288
-0.05269432584876576
-0.05400387873848702
-0.05508333645740641
-0.05643475866084462
-0.05805230512412303
-0.05925529967518422
-0.060232389934903506
-0.06188726252762947
-0.06399848542275852
-0.0654184957865247
-0.06614674324015081
-0.0672425442498773
-0.06878034239339842
-0.0699271486589962
-0.07081047282529623
-0.07239439625314008
-0.07481312870253998
-0.07722993550977585
-0.07897266294267227
-0.08023687586860902
-0.08206613804051513
-0.08526223604022767
-0.08895162643846165
-0.09130837115479848
-0.0918026186965747
-0.09144455084317932
-0.09140005006624134
-0.09258553577720291
-0.09517894737250433
-0.09765569109990824
-0.09847527573457482
-0.09879660481540577
-0.10060501149466809
-0.10301819860233258
-0.10416778091725266
-0.10520871118294982
-0.10815862340665851
-0.11162093752778075
-0.11314407371426809
-0.11373457256224302
-0.11558750630930423
-0.11766349867568726
-0.11788710358616204
-0.11737941606057367
-0.1184784692773959
-0.12085097361255921
-0.12286829503536176
-0.12447590092888002
-0.12618834210994206
-0.12746925629847683
-0.12776887979997975
-0.12753622534441816
-0.1276161077964028
-0.12845159951448243
-0.12950618350405088
-0.12961446976389643
-0.12873764078357128
-0.12805978613790292
-0.12752703818644398
-0.12580565354525777
-0.12324128289668122
-0.1216284889914561
-0.12097299233277332
-0.11967918894305678
-0.11728718760607384
-0.11439085762705128
-0.1111187162776253
-0.10747446565923269
-0.10382938834671575
-0.1003778936391572
-0.0970248443257508
-0.09348424228935238
-0.08928296002428586
-0.08455257674093762
-0.08016596039298717
-0.07625421728639051
-0.07207627879347141
-0.06772921648713034
-0.06399005254375043
-0.06068959118510323
-0.057133253040845766
-0.053299711497467095
-0.049389135660294896
-0.04549487891197082
-0.042099479193197877
-0.03948580366453961
-0.0370771492374676
-0.034414001839411235
-0.03176137374005239
-0.029287702335595533
-0.02690097601807915
-0.024776747250915103
-0.02300781646382377
-0.021301523994999808
-0.01955028204156043
-0.017921282816814453
-0.01641363112088424
-0.015014525308926422
-0.013851141393556437
-0.012846357368715667
-0.011835869005910165
-0.010913174243559347
-0.010112488757853338
-0.009242461233805056
-0.008344800408227823
-0.007652189320223267
-0.0070982778625204475
-0.006493082556519321
-0.005900286926028668
-0.0054105420888689035
-0.004961203950939913
-0.004547128014910296
-0.004209291069360928
-0.003885139855300005
-0.0035381467863372373
-0.0032277698155997324
-0.0029606512231392275
-0.0026993704719181747
-0.0024603218447373757
-0.0022516475248797203
-0.002048600533297164
-0.0018648997305241543
-0.0017162981119135208
-0.001577236244244349
-0.0014451882786689469
-0.0013381367733304181
-0.0012356738564847426
-0.0011211629061279565
-0.00101728389011506
-9.33150228381574e-4
-8.578127236024845e-4
-7.919065956531225e-4
-7.279638349246406e-4
-6.545764459195626e-4
-5.893881638667016e-4
-5.44858041617656e-4
-5.00944229020863e-4
-4.528783713722397e-4
-4.1752947487587325e-4
-3.882997712211208e-4
-3.517474404311811e-4
-3.181324211957371e-4
-2.9223111414045013e-4
-2.6409480284755567e-4
-2.3739257885426303e-4
-2.1861590371171225e-4
-1.9927882811645884e-4
-1.7785298684428065e-4
-1.6294206087398195e-4
-1.513266516143088e-4
-1.3721029492121242e-4
-1.2547260298497012e-4
-1.1635200897000482e-4
-1.04453384140326e-4
-9.327177417160885e-5
-8.643477302275736e-5
-7.926518469918377e-5
-7.123272599215044e-5
-6.592524147212261e-5
-6.0650048747251567e-5
-5.3494811185429314e-5
-4.830513977940475e-5
-4.484133166322873e-5
-3.991040113271407e-5
-3.543430768318492e-5
-3.2813263108262444e-5
-2.942360383912095e-5
-2.576168107039073e-5
