1.0764893773202234e-6
1.3439192577122927e-6
1.3111428489087637e-6
1.6149527480510794e-6
2.0993186200631333e-6
2.0548771719924083e-6
2.327236454382948e-6
3.2840169411237826e-6
3.4785378286750215e-6
3.130296874150656e-6
3.7353991611255164e-6
4.430328450276406e-6
4.5353275958439055e-6
5.5328281163060615e-6
6.8597088154985865e-6
7.027748447753712e-6
7.87739921241621e-6
1.0090614740887887e-5
1.120479597386844e-5
1.213856462303647e-5
1.5009389710056826e-5
1.7408959278635174e-5
1.9034137154833976e-5
2.2966129786961966e-5
2.634127225457041e-5
2.6354639894685618e-5
2.9048194476635266e-5
3.609548569052004e-5
4.04314294465471e-5
4.2926525304894535e-5
4.9345274016265925e-5
5.6494984183519923e-5
6.266197453154216e-5
7.180485929198204e-5
7.954473037400613e-5
8.352864295323422e-5
9.506555914104615e-5
1.1446155275389932e-4
1.2790117845352556e-4
1.4010549992011755e-4
1.6367541804527264e-4
1.853446461703437e-4
1.8968923332191893e-4
1.9150076632722937e-4
2.1263454665367495e-4
2.5511329104244493e-4
3.0697032017391987e-4
3.5716963170668225e-4
4.07720395011272e-4
4.6004568210563534e-4
4.8748087916737984e-4
4.678520214275105e-4
4.376295830575119e-4
4.531739412035809e-4
5.182608865479163e-4
5.930262687033472e-4
6.439509430880554e-4
6.772055228067049e-4
7.315032085900917e-4
8.087045341376749e-4
8.723482575969868e-4
9.599904240717548e-4
0.0011270711750878085
0.0012641033115122085
0.0012551749305706804
0.0012446783498677534
0.0013850009331888426
0.0015356005629856774
0.0015831357208692188
0.0016926225215133503
0.0019402809988986144
0.002154175002267674
0.0022667823258484725
0.002374099183439081
0.0024851449587633355
0.0025638745795381196
0.0026477897737970314
0.002770530042426567
0.002974510825139268
0.0033168560792683193
0.0037065858933471012
0.003996569522870169
0.004272118918639424
0.004727802352009821
0.005349819745362766
0.005979234673635269
0.006548479320283879
0.007147966231450176
0.007942723489894485
0.008972714360932908
0.01008140475677137
0.011141520601104633
0.012138696600412259
0.012998064910471025
0.013650790487929188
0.014220139296691619
0.014926073156627572
0.015927944064307337
0.017181919486979114
0.0183757478226712
0.019382445724928192
0.020525578925086753
0.02187420656427512
0.023181818049689523
0.02490630268692629
0.02757113066508578
0.030230953570589487
0.031933194853861105
0.03365590839666014
0.036164394119423106
0.03821545687201794
0.03941157857889968
0.04155891363901672
0.04525311849949273
0.04875293673362544
0.05104423264569561
0.05264655098535318
0.05387640505958238
0.05494886173601375
0.056478711804918695
0.05849516871105666
0.06046572430527197
0.06217752219045204
0.06342327681387029
0.06416688228696107
0.06547998375510926
0.06833217804638068
0.07182558808160418
0.07456043532166808
0.0766770066794342
0.07904738789673944
0.08173685709247545
0.08420867373295421
0.08612892656010461
0.08756715387398649
0.0887905156713421
0.09016187862054678
0.09234393437909218
0.0958350815122937
0.09978137333712118
0.10261347967433732
0.1043439599853738
0.10623544126248993
0.1081977217646909
0.10925206604542245
0.11019532825898039
0.11247752303654246
0.11476329286775336
0.11426199542586872
0.11164129257253459
0.11074439677796974
0.11258071822557551
0.11399533431936515
0.11377076352453346
0.11453312599765517
0.11662547822190382
0.11694091206501521
0.1157600995387018
0.11664972190783653
0.118507670941282
0.11672517553682676
0.11195224993509538
0.10862787975828811
0.10681196997440562
0.10382046518048031
0.1005014286379991
0.09895958657302631
0.09810926484468206
0.09624264183319087
0.09397313427551211
0.09207869919976047
0.08997001612263036
0.08733259815074518
0.08472697194492217
0.08227278527011174
0.07922526280330044
0.07511886055114472
0.07067399952120862
0.06691083175145175
0.06367111615493388
0.060160410355358185
0.05653707832275979
0.05353716119739603
0.05119553295455423
0.049078937054605774
0.046816558904480256
0.04403724790264213
0.040937449553961204
0.03833476881210531
0.03614982658683265
0.03331092630805059
0.02981725256424598
0.026914888796097786
0.025036678865429672
0.023464629440766285
0.02167785948618048
0.019610979008932612
0.017333948789424097
0.015246357843207433
0.013749441838241927
0.012649875634675446
0.011570007953298954
0.010530107924563327
0.009754854511604516
0.009439699061161374
0.009603705264003691
0.009773240865334432
0.009414170282221315
0.008856433383040348
0.008857533319989888
0.009318398874897656
0.009492447659461542
0.009203840244829948
0.008868842065104307
0.008707727764187942
0.008731927541703452
0.009029620634569186
0.00948300938004173
0.009694841320128733
0.009540953127017237
0.009306780466340201
0.009144596323511925
0.008909310400024448
0.008556042636814943
0.008229458576624632
0.007994571373148351
0.007813379255261963
0.007661317051421174
0.007479090730658717
0.0072116889043311524
0.006939051768461901
0.006736953203261382
0.006509113041227297
0.006185676349210104
0.005880649008823364
0.005660254368115093
0.005411508357775278
0.005070391149742412
0.004732255142537498
0.004474613559572065
0.004265947121415652
0.004053973813949714
0.0038177960120729343
0.0035568975807037362
0.0032906248279886167
0.0030493239242363273
0.002852861175151912
0.002695391178033322
0.002541838820740386
0.0023642679550852524
0.0021840044780272933
0.0020346228629860258
0.0019028480091461885
0.0017586060010632205
0.0016074058579336832
0.0014680855718843667
0.0013415682976590654
0.0012274348836765067
0.0011313510384266727
0.0010487742155269955
9.687651499996957e-4
8.882281523897767e-4
8.101697318297553e-4
7.374796854214525e-4
6.695098686091214e-4
6.01953600192905e-4
5.362825897746521e-4
4.8157754815136996e-4
4.382791919951183e-4
3.9571156496747404e-4
3.517258668497027e-4
3.154118847368467e-4
2.88585043034973e-4
2.63014517118629e-4
2.3481775767924816e-4
2.078578119141185e-4
1.8504573140492992e-4
1.6485738209471874e-4
1.457180731724366e-4
1.290571935305378e-4
1.1603828261751234e-4
1.041629580498571e-4
9.111012070714202e-5
7.885121496184087e-5
6.95348884727433e-5
6.169619490798661e-5
5.392370215258718e-5
4.6942810130432796e-5
4.077230478198043e-5
3.488200787692441e-5
3.0097024542804123e-5
2.6688764805865983e-5
2.3366853083302932e-5
1.9808420789991312e-5
1.6849446811864926e-5
1.4429756863850719e-5
1.2104004023742195e-5
1.0129105277517106e-5
8.596055471580766e-6
7.242098597300248e-6
