-8.146482924919939e-7
-9.29376253086577e-7
-1.1464543460858632e-6
-1.1760246760480335e-6
-1.1890891946604241e-6
-1.499878423425339e-6
-1.687436363751259e-6
-1.564804235290738e-6
-1.7510580324158204e-6
-2.285201747555837e-6
-2.7128897771955612e-6
-3.292988282046106e-6
-4.076833485639087e-6
-4.532016362894734e-6
-5.024304950062879e-6
-5.983452962190347e-6
-6.68583846827176e-6
-7.218988024574094e-6
-8.43303416219171e-6
-9.6068415093992e-6
-1.0393443069646393e-5
-1.2052600481676633e-5
-1.3728805976661796e-5
-1.4048988408588258e-5
-1.5723508085119525e-5
-2.0201650719183278e-5
-2.381930955587706e-5
-2.6053145382604023e-5
-3.045368384435134e-5
-3.582140806127576e-5
-3.959901452082625e-5
-4.413622605898288e-5
-5.010632076838157e-5
-5.637953643549487e-5
-6.609638336638804e-5
-7.789977334234157e-5
-8.510559100593036e-5
-9.285537318984955e-5
-1.0915355810462757e-4
-1.2399221625517654e-4
-1.310515071491887e-4
-1.4542252674029605e-4
-1.7090367225236033e-4
-1.9262003858183012e-4
-2.1232377891243986e-4
-2.3796208123039666e-4
-2.5606973954043127e-4
-2.6350964148518836e-4
-2.8210970753594634e-4
-3.1744581094840486e-4
-3.6544752103373826e-4
-4.4187220618684765e-4
-5.368653760625742e-4
-6.027664452080398e-4
-6.441056945254875e-4
-7.231779439663317e-4
-8.445880428991009e-4
-9.499518645630429e-4
-0.0010383527534786933
-0.0011750586301686049
-0.0013632131045985788
-0.0015084734085961244
-0.0015721057028479752
-0.0016780509346700858
-0.0019338322531631696
-0.0022244277978631074
-0.0023975026314570357
-0.002529362395857408
-0.002733439002505104
-0.0029297414290375165
-0.0030982979002166506
-0.0034153989260847974
-0.0039038269660247402
-0.004386407301907455
-0.004843972960271267
-0.00533729453349168
-0.005771404715091667
-0.006165678549473796
-0.006703223949534841
-0.007295271193373525
-0.007751920959377541
-0.008241639879759767
-0.008854979726011614
-0.009305871166143622
-0.009669196167783854
-0.010376719660339926
-0.011216982881062067
-0.011703096386850268
-0.012164877516947174
-0.012970178812292872
-0.01353622095525838
-0.013560667141719067
-0.013905784115236146
-0.015128884152390987
-0.01662525616327969
-0.017801026603048435
-0.018714697184833245
-0.019559733684439702
-0.020504206576315964
-0.021668749953523938
-0.022921959140713776
-0.024181590310695306
-0.025546744196620823
-0.02676913024997579
-0.02740099087888153
-0.02747900515633262
-0.027331485094529002
-0.027277477218264283
-0.027788137380462985
-0.02889017745653752
-0.02984644731582094
-0.030521357003487994
-0.03170332404434754
-0.033343649522305695
-0.03466182679893888
-0.03612832075798908
-0.038791200341845605
-0.042140709095901244
-0.044924538433620646
-0.04712432702631246
-0.049590286810840656
-0.05267871048692769
-0.0559369177582383
-0.058825797097048826
-0.06160006749502425
-0.06447397824262353
-0.06613542056725803
-0.06581536497628743
-0.06606361594577205
-0.06938137830355451
-0.07386810403341802
-0.07664722125416386
-0.07845490857764019
-0.0809959784542804
-0.08384778425729676
-0.08616386033712257
-0.08743272818479768
-0.08701480285528125
-0.08604408307750223
-0.08675434804057339
-0.0885482275095362
-0.08940599011221005
-0.09021288967911628
-0.0926372350835339
-0.09569737876962225
-0.09815310254588526
-0.10019755575810972
-0.10185264599639217
-0.1037674860860455
-0.10717451669338517
-0.11032867161784399
-0.11045429397327021
-0.1095874542870192
-0.11122773011028278
-0.11369489637470431
-0.1141323238889732
-0.1137704998610654
-0.11336512392695547
-0.1109744881990077
-0.10797456850702158
-0.1090254238213791
-0.11473338946195774
-0.12135338215545642
-0.12629066909469364
-0.1287689673250882
-0.1286634346693112
-0.12787583064715566
-0.12868431786958284
-0.12998583515006734
-0.12942790537630516
-0.12797870448203144
-0.12804545334586742
-0.12896518567296308
-0.12840851202504486
-0.12683876613378522
-0.12704365862091968
-0.12954329139998355
-0.13148039500872444
-0.13093697618400635
-0.1295460951962019
-0.1290767034702535
-0.12852090637300959
-0.1268924541741869
-0.12536707055518578
-0.12433257485887181
-0.12233800386259398
-0.1195745403389847
-0.11796650880098722
-0.11742700852134379
-0.11654050190841575
-0.1157518949592843
-0.11564890420378227
-0.11475593249707552
-0.11235915073230218
-0.1098695433587696
-0.10777292033502771
-0.10537594853416268
-0.10307644580832488
-0.10093900653752257
-0.09757132880607734
-0.09331024321988221
-0.0903088428022045
-0.08824265352561696
-0.08503869680147146
-0.08114748807122651
-0.07804314704270746
-0.07490781823286968
-0.07082934963727874
-0.06680742793609387
-0.06332411443536332
-0.05967333381057394
-0.05600912577392373
-0.05291445144021464
-0.050212761057485344
-0.047920553986667204
-0.0460456204015629
-0.04345159254869696
-0.03962598845540001
-0.0361137562411827
-0.033921829277756284
-0.031958831890464744
-0.029479889985696204
-0.027266159308944944
-0.025762927397687846
-0.024437737435923805
-0.022939794003545705
-0.02139493422830155
-0.019969586992269167
-0.018709907411128015
-0.01742993310902635
-0.015951732780606184
-0.014539665791874613
-0.013482045043949684
-0.012527152301024167
-0.011405876883625078
-0.010356302329444412
-0.009639139525737455
-0.009133349452907445
-0.008612346681267851
-0.007984667490971972
-0.007308783359013078
-0.0067349081145907375
-0.006292712438608974
-0.005854215778804882
-0.005389449700611209
-0.004955583055214689
-0.004499607108270004
-0.004009491793258648
-0.0036281037340104485
-0.0033773818898634625
-0.0031133102301406966
-0.0028261117938879125
-0.0026148242725095314
-0.002443461149075345
-0.0022290884182936507
-0.002009517275491111
-0.001839387350366577
-0.0016942031281522564
-0.0015443385948300799
-0.0013974567054963194
-0.0012703422549496324
-0.0011668566841194009
-0.0010662750768450236
-9.553423893343747e-4
-8.623693242997919e-4
-8.022385786771115e-4
-7.401314623029277e-4
-6.628714105497582e-4
-6.006216909632959e-4
-5.557368447564615e-4
-5.034911170807009e-4
-4.4903480117530016e-4
-4.0942818214344994e-4
-3.779126013218948e-4
-3.451646176228822e-4
-3.1285697582907095e-4
-2.8116905022524595e-4
-2.5193554558328705e-4
-2.2833618107793148e-4
-2.0586956201346318e-4
-1.8323625786825212e-4
-1.6682268205370695e-4
-1.5434405036599173e-4
-1.3892961694299006e-4
-1.241061267588336e-4
-1.1315969806083002e-4
-1.0163762018282086e-4
-9.008984983970578e-5
-8.211907712011434e-5
-7.421367557923294e-5
-6.475678011933286e-5
-5.835564641253347e-5
-5.422393802421002e-5
-4.814404996752878e-5
-4.228787596568035e-5
-3.898380349340687e-5
-3.541535599903072e-5
-3.1009829345198495e-5
-2.790594920314182e-5
-2.5259966602169094e-5
