0.0750000000	0.0625507261
0.0754013378	0.0525764867
0.0758026756	0.0458632850
0.0762040134	0.0404319271
0.0766053512	0.0368255141
0.0770066890	0.0362607850
0.0774080268	0.0346293452
0.0778093645	0.0334905817
0.0782107023	0.0360668399
0.0786120401	0.0396838111
0.0790133779	0.0414492866
0.0794147157	0.0415238553
0.0798160535	0.0426438066
0.0802173913	0.0446112540
0.0806187291	0.0468070017
0.0810200669	0.0497183154
0.0814214047	0.0531552344
0.0818227425	0.0572006434
0.0822240803	0.0545704888
0.0826254181	0.0525236779
0.0830267559	0.0552162265
0.0834280936	0.0650456842
0.0838294314	0.0813063385
0.0842307692	0.0992064075
0.0846321070	0.1028756362
0.0850334448	0.0890372898
0.0854347826	0.0756215722
0.0858361204	0.0697201489
0.0862374582	0.0673290829
0.0866387960	0.0665560949
0.0870401338	0.0706798582
0.0874414716	0.0800419846
0.0878428094	0.0894443499
0.0882441472	0.0961434712
0.0886454849	0.1029611795
0.0890468227	0.1123458920
0.0894481605	0.1205735027
0.0898494983	0.1143109470
0.0902508361	0.0956574843
0.0906521739	0.0775971296
0.0910535117	0.0646729555
0.0914548495	0.0559945251
0.0918561873	0.0512780498
0.0922575251	0.0504595057
0.0926588629	0.0518131457
0.0930602007	0.0529107678
0.0934615385	0.0519749909
0.0938628763	0.0493408296
0.0942642140	0.0472848462
0.0946655518	0.0474755125
0.0950668896	0.0492287876
0.0954682274	0.0528868786
0.0958695652	0.0594463083
0.0962709030	0.0667657512
0.0966722408	0.0721186517
0.0970735786	0.0769310222
0.0974749164	0.0827865791
0.0978762542	0.0889396659
0.0982775920	0.0932387683
0.0986789298	0.0931683609
0.0990802676	0.0910183462
0.0994816054	0.0909376545
0.0998829431	0.1063344837
0.1002842809	0.0774270912
0.1006856187	0.0717819588
0.1010869565	0.0684033628
0.1014882943	0.0671552659
0.1018896321	0.0643497590
0.1022909699	0.0616069148
0.1026923077	0.0626217340
0.1030936455	0.0665031759
0.1034949833	0.0710092577
0.1038963211	0.0777144351
0.1042976589	0.0816891031
0.1046989967	0.0811994752
0.1051003344	0.0807826291
0.1055016722	0.0818032905
0.1059030100	0.0905675317
0.1063043478	0.1054606539
0.1067056856	0.1138087626
0.1071070234	0.1091340064
0.1075083612	0.1052144869
0.1079096990	0.1105982095
0.1083110368	0.1385393077
0.1087123746	0.1824120335
0.1091137124	0.1401810604
0.1095150502	0.1462546424
0.1099163880	0.1647517217
0.1103177258	0.1407825398
0.1107190635	0.1200672544
0.1111204013	0.1096163199
0.1115217391	0.1013634592
0.1119230769	0.0969864667
0.1123244147	0.0953434512
0.1127257525	0.0919417806
0.1131270903	0.0862778394
0.1135284281	0.0810559114
0.1139297659	0.0779502958
0.1143311037	0.0758490283
0.1147324415	0.0726934987
0.1151337793	0.0688689672
0.1155351171	0.0660780565
0.1159364548	0.0654162904
0.1163377926	0.0664799693
0.1167391304	0.0688119047
0.1171404682	0.0725575739
0.1175418060	0.0782603920
0.1179431438	0.0852624329
0.1183444816	0.0934643149
0.1187458194	0.1034470169
0.1191471572	0.0987403038
0.1195484950	0.0943650239
0.1199498328	0.0873632750
0.1203511706	0.0805270457
0.1207525084	0.0770981243
0.1211538462	0.0782641248
0.1215551839	0.0827780029
0.1219565217	0.0880340731
0.1223578595	0.0921666011
0.1227591973	0.0948334365
0.1231605351	0.0957787151
0.1235618729	0.0959229855
0.1239632107	0.0981660959
0.1243645485	0.1062919588
0.1247658863	0.1224854618
0.1251672241	0.1303888970
0.1255685619	0.1362873659
0.1259698997	0.1359686815
0.1263712375	0.1386178964
0.1267725753	0.1402662201
0.1271739130	0.1401722155
0.1275752508	0.1432225881
0.1279765886	0.1496555094
0.1283779264	0.1583337944
0.1287792642	0.1570128625
0.1291806020	0.1531266147
0.1295819398	0.1535198603
0.1299832776	0.1558633040
0.1303846154	0.1577441190
0.1307859532	0.1551189608
0.1311872910	0.1497283334
0.1315886288	0.1492828114
0.1319899666	0.1510634013
0.1323913043	0.1446951347
0.1327926421	0.1395624328
0.1331939799	0.1416633067
0.1335953177	0.1475848467
0.1339966555	0.1509278659
0.1343979933	0.1490928514
0.1347993311	0.1416473224
0.1352006689	0.1318866308
0.1356020067	0.1225414513
0.1360033445	0.1182895183
0.1364046823	0.1206890518
0.1368060201	0.1283580313
0.1372073579	0.1357228231
0.1376086957	0.1399126503
0.1380100334	0.1426939684
0.1384113712	0.1500485996
0.1388127090	0.1621707168
0.1392140468	0.1717649787
0.1396153846	0.1769197528
0.1400167224	0.1809623422
0.1404180602	0.1891841991
0.1408193980	0.2007921090
0.1412207358	0.2071744679
0.1416220736	0.2045417161
0.1420234114	0.2000136812
0.1424247492	0.1913644398
0.1428260870	0.1779562878
0.1432274247	0.1653113682
0.1436287625	0.1574513882
0.1440301003	0.1545616396
0.1444314381	0.1568471208
0.1448327759	0.1635587500
0.1452341137	0.1718874925
0.1456354515	0.1791754289
0.1460367893	0.1826422370
0.1464381271	0.1784761777
0.1468394649	0.1735681791
0.1472408027	0.1749952363
0.1476421405	0.1824631856
0.1480434783	0.1905502597
0.1484448161	0.1911289341
0.1488461538	0.1826163889
0.1492474916	0.1727513505
0.1496488294	0.1675548863
0.1500501672	0.1645678281
0.1504515050	0.1633832106
0.1508528428	0.1660951305
0.1512541806	0.1716540511
0.1516555184	0.1748221704
0.1520568562	0.1721918665
0.1524581940	0.1681488025
0.1528595318	0.1664341088
0.1532608696	0.1678346535
0.1536622074	0.1710010999
0.1540635452	0.1740614497
0.1544648829	0.1761645580
0.1548662207	0.1772476702
0.1552675585	0.1778287112
0.1556688963	0.1798079666
0.1560702341	0.1843389023
0.1564715719	0.1919859608
0.1568729097	0.2016746563
0.1572742475	0.2082222078
0.1576755853	0.2077737832
0.1580769231	0.2040272831
0.1584782609	0.2012171441
0.1588795987	0.2010680094
0.1592809365	0.2020150247
0.1596822742	0.2026152716
0.1600836120	0.2036645636
0.1604849498	0.2054761431
0.1608862876	0.2084845169
0.1612876254	0.2122809189
0.1616889632	0.2154211881
0.1620903010	0.2166973974
0.1624916388	0.2155997080
0.1628929766	0.2119335562
0.1632943144	0.2069031923
0.1636956522	0.2021256186
0.1640969900	0.1981440277
0.1644983278	0.1953006906
0.1648996656	0.1929347580
0.1653010033	0.1905095271
0.1657023411	0.1908486449
0.1661036789	0.1953877233
0.1665050167	0.2013820068
0.1669063545	0.2073522512
0.1673076923	0.2132839335
0.1677090301	0.2150926608
0.1681103679	0.2127630512
0.1685117057	0.2114657689
0.1689130435	0.2092199017
0.1693143813	0.2057976179
0.1697157191	0.2034051588
0.1701170569	0.2035694066
0.1705183946	0.2065249335
0.1709197324	0.2114938121
0.1713210702	0.2165252089
0.1717224080	0.2198050344
0.1721237458	0.2199084856
0.1725250836	0.2160133434
0.1729264214	0.2098637244
0.1733277592	0.2040313660
0.1737290970	0.1997238285
0.1741304348	0.1968958136
0.1745317726	0.1947766859
0.1749331104	0.1931816506
0.1753344482	0.1937873547
0.1757357860	0.1976603206
0.1761371237	0.2022980500
0.1765384615	0.2046996786
0.1769397993	0.2069202064
0.1773411371	0.2101943318
0.1777424749	0.2114272694
0.1781438127	0.2092835612
0.1785451505	0.2069340482
0.1789464883	0.2073095177
0.1793478261	0.2098629876
0.1797491639	0.2115104176
0.1801505017	0.2111784496
0.1805518395	0.2113750798
0.1809531773	0.2132492224
0.1813545151	0.2165666463
0.1817558528	0.2211210220
0.1821571906	0.2248535130
0.1825585284	0.2259860829
0.1829598662	0.2260147480
0.1833612040	0.2273737623
0.1837625418	0.2304239863
0.1841638796	0.2345740396
0.1845652174	0.2384977308
0.1849665552	0.2425967606
0.1853678930	0.2484016326
0.1857692308	0.2511473806
0.1861705686	0.2435315125
0.1865719064	0.2314289190
0.1869732441	0.2222999259
0.1873745819	0.2165193729
0.1877759197	0.2099991017
0.1881772575	0.2037703762
0.1885785953	0.2008266598
0.1889799331	0.1997472032
0.1893812709	0.1978274644
0.1897826087	0.1957435080
0.1901839465	0.1952003771
0.1905852843	0.1950211080
0.1909866221	0.1939576887
0.1913879599	0.1914897882
0.1917892977	0.1954257594
0.1921906355	0.2017283510
0.1925919732	0.2063086387
0.1929933110	0.2094458168
0.1933946488	0.2116222200
0.1937959866	0.2123814676
0.1941973244	0.2127620622
0.1945986622	0.2145542440
