-1.0460300851026905e-5
-1.2154687922024696e-5
-1.3863662035172916e-5
-1.5703586045752625e-5
-1.7872019247731692e-5
-2.0274441380941754e-5
-2.2896170353111296e-5
-2.589256220011133e-5
-2.912743324476704e-5
-3.25909197731088e-5
-3.68891852126073e-5
-4.1929312211198285e-5
-4.711121651721611e-5
-5.311561700568204e-5
-6.034372288305002e-5
-6.811609316371671e-5
-7.652062335943989e-5
-8.666426745303839e-5
-9.751509950257835e-5
-1.0838010031363156e-4
-1.1941230597083434e-4
-1.306963593877819e-4
-1.443886500129159e-4
-1.6644641451011517e-4
-1.99976173109206e-4
-2.360106290948251e-4
-2.6925258322075575e-4
-3.0267786590342394e-4
-3.3764923613281543e-4
-3.729295939601933e-4
-4.0647255036922633e-4
-4.4136948713709357e-4
-4.872033258478345e-4
-5.455948200126298e-4
-6.131325445429155e-4
-6.951737009165784e-4
-8.138772695517796e-4
-9.733139506154536e-4
-0.001134323518089131
-0.0012774945747092037
-0.0014096111034104003
-0.001543439859490129
-0.0016869219645058405
-0.0018416276181765921
-0.002016316470344767
-0.0022248905630386307
-0.0024597162781765975
-0.0027026685184831757
-0.0029498605379297805
-0.0032036220757334553
-0.003462372733831317
-0.0037329852907681312
-0.004034957693596396
-0.004404837648054093
-0.004868783052240095
-0.005390088811416253
-0.005942749452234362
-0.006576275127683523
-0.00734025554368512
-0.008174845751176907
-0.009085676357013801
-0.010055969890464287
-0.010818703566376299
-0.011710118738705824
-0.012918000874312661
-0.014169690354271902
-0.015419213060723861
-0.01665172716797369
-0.017837568335915474
-0.018969679542688227
-0.020230498247585445
-0.021789261631759184
-0.023533331902944113
-0.025194136032149806
-0.02734441801665847
-0.029319952886256037
-0.031006806309058776
-0.03277747005947754
-0.03546764714427037
-0.03950237309210958
-0.04385669091182435
-0.04749074107958046
-0.05058400073505301
-0.05357497372494912
-0.04616779544329189
-0.05406487572702272
-0.061093151316578276
-0.06856295560688348
-0.07284144772120968
-0.08218612283469615
-0.0894741364907439
-0.09648868941949804
-0.10315170484336247
-0.11045343593361112
-0.11935689828927624
-0.12917690882079985
-0.13846271661628076
-0.14694944954948758
-0.15503675690319324
-0.16292908172415144
-0.17078873208079348
-0.17873995226902756
-0.18679510690034262
-0.1952702127525674
-0.20421250379695244
-0.2132476824921519
-0.22288742503969675
-0.23182984103135998
-0.24427760396202475
-0.25532226978337125
-0.2743197674253087
-0.29220702203550786
-0.3049381531560178
-0.3152805892852977
-0.3257674041214043
-0.33555225082332274
-0.34685138859259196
-0.36157328605062966
-0.37924549770352844
-0.39872518069214147
-0.41962393214491794
-0.44007271197911535
-0.45744450370189993
-0.4705031832848523
-0.47456347736214266
-0.4725332984859921
-0.4709301024666288
-0.4831166841323408
-0.5134395079862046
-0.5528803933215871
-0.5876599954601521
-0.6057667561450887
-0.6159821838182635
-0.6244786480324858
-0.6499641054221423
-0.6941265443451307
-0.7325627349312542
-0.752051157232609
-0.7489081799690516
-0.7493515840700729
-0.7672085655736434
-0.783955626536735
-0.7898316559284407
-0.8075378116216569
-0.8351451076582319
-0.857729847829716
-0.8786822652726348
-0.9061403212485306
-0.9378070955105451
-0.9740216702545837
-1.0108235892601423
-1.040445257747165
-1.0617647774084822
-1.0776876252077123
-1.0856234398668887
-1.082524425194638
-1.0770667411695918
-1.0796969550131545
-1.0799198819669247
-1.0603649545809426
-1.0251843895893165
-0.9850537207799779
-0.9494096457199687
-0.9156489608753209
-0.8825439495254117
-0.8593954121069203
-0.8574338860340575
-0.8623486782035426
-0.8773090077349822
-0.9036534339601685
-0.927483116197988
-0.9400203465209318
-0.9422668011495272
-0.9376951204958384
-0.9286240036036795
-0.9154930940231629
-0.8947818119576618
-0.8647193594285764
-0.8377632769979289
-0.8181914517319193
-0.7992420869499142
-0.7786008072273212
-0.7582924179626636
-0.7425843441188253
-0.726944891958367
-0.709974862104752
-0.6927001092253198
-0.6734643353712525
-0.651848545330544
-0.6301580463723372
-0.6063271858814976
-0.5796261599548287
-0.5579958426979926
-0.5430273046430908
-0.5299096327434534
-0.5135051667193511
-0.4947819228375839
-0.47674146817562596
-0.4597930561655049
-0.44253298811558917
-0.42273003225721056
-0.40149194491493806
-0.3792221596662997
-0.3560361481213268
-0.33236779733983846
-0.3111579788882518
-0.2956662014315069
-0.2831774861535273
-0.27002522016778907
-0.2552257627232552
-0.23974910983241668
-0.22552604089943704
-0.21349994687675286
-0.20331727661016116
-0.19365715261281524
-0.18350140679162166
-0.1732111809532298
-0.16345114872239389
-0.15423450851595097
-0.145338315258157
-0.13650789561205692
-0.1278111185550333
-0.11973198355889546
-0.11250269182985292
-0.10608313363774882
-0.10020863803870216
-0.0942032436490029
-0.08754955276142633
-0.08016092668770836
-0.07230071646518296
-0.06473411306268925
-0.05871032987941173
-0.05415312403273088
-0.050306213661411
-0.04706941090202397
-0.044153773458550614
-0.041089900722985385
-0.03779873197583283
-0.03450888956420999
-0.03146567457127074
-0.028842466558781497
-0.02656899964934043
-0.024475579940918098
-0.022513225518116693
-0.020730319156084715
-0.019074597788287816
-0.017487571934240782
-0.01602650529017808
-0.014745213157932362
-0.013579650420760508
-0.012448996466529793
-0.011397400084797046
-0.01050295546977743
-0.009731652193903931
-0.008976159277711688
-0.008224302645725025
-0.007510227258858915
-0.0068197693465205916
-0.00613329670223095
-0.005464730523173223
-0.00487296808258549
-0.004401257834527672
-0.0040321603173877315
-0.0036950645438248737
-0.0033443122009030324
-0.002977008947195109
-0.0026207531716390215
-0.0022981007065431733
-0.0020148563189115675
-0.0017738682605834204
-0.001561812325428407
-0.0013726698735216517
-0.0012094308242505552
-0.0010702688548555194
-9.51850615575978e-4
-8.57460016704098e-4
-7.957077247355841e-4
-7.493970910592028e-4
-6.946788373839315e-4
-6.317156872330248e-4
-5.601869934847735e-4
-4.91850585700654e-4
-4.3461358679646437e-4
-3.8399353767978606e-4
-3.413773993050017e-4
-3.063433577259555e-4
-2.7623860374622857e-4
-2.4832731077345787e-4
-2.2224473371082324e-4
-1.9803877253129871e-4
-1.7466563127635016e-4
-1.5316483526987067e-4
-1.339891907502744e-4
-1.1766765303395497e-4
-1.0329136804942146e-4
-9.061335029563883e-5
-7.998388515030887e-5
-7.078567019451349e-5
-6.221833151595875e-5
-5.4421339431210975e-5
