1.2939965291966632e-5
1.5110762391276676e-5
1.7763848095368014e-5
2.0898583102171716e-5
2.4366022609609033e-5
2.8267552537995987e-5
3.289986197930901e-5
3.8148524484938e-5
4.4026130581417656e-5
5.080248746088983e-5
5.827088171242685e-5
6.674746034420595e-5
7.675095158205215e-5
8.779677379676296e-5
9.977730646821927e-5
1.1352461000480062e-4
1.2922375668412243e-4
1.4601207244842047e-4
1.6723825291017176e-4
1.9240471945048714e-4
2.20284384067161e-4
2.4968300956211635e-4
2.781452018451244e-4
3.014794671694716e-4
3.2587444320583334e-4
3.6594635170711636e-4
4.187136610308425e-4
4.76400149883471e-4
5.404497740367291e-4
6.141425115633292e-4
6.962586330967671e-4
7.824410145972141e-4
8.695250020713959e-4
9.614447426901547e-4
0.0010590120148582047
0.0011529992018932955
0.001229429592453118
0.0013209830998823027
0.0014750418277081436
0.0016843041784244108
0.0019295000284432282
0.0022000273528996273
0.0024882118578824115
0.0027915270240544245
0.003108627764832207
0.003440348055804573
0.003810456523712529
0.004243053646421606
0.004732400461209771
0.005265458212562727
0.0058502296937439895
0.006477180124805328
0.007114441757352683
0.007748531946084082
0.008394100440722288
0.009078313615653748
0.009807930332237218
0.010548315613989466
0.011298287931031126
0.01219058399968494
0.013197236469242998
0.014247181912816986
0.015212742400229056
0.017543577097483463
0.019092266802238612
0.020738640780979374
0.022527585621420584
0.024628944806294795
0.027025442857649615
0.029547099088176956
0.0320291577227919
0.034411860378306215
0.036706297102422285
0.0395042393573986
0.04241698698063159
0.0458261115634935
0.049739296634392
0.0531749287946787
0.05531287704938822
0.05697610903344484
0.06009446906262416
0.06431242962515851
0.06830885401434104
0.06951431286336456
0.07858516388174122
0.08591305940012571
0.08706374139053605
0.08580417539227332
0.09612207971328429
0.10176183101708655
0.1082152442593322
0.11522845846015912
0.12239539886806149
0.12887982930726138
0.13486604973918578
0.14128268934921787
0.14886005765437868
0.15730268441642056
0.16649676108766367
0.17694373053521406
0.1883973936771795
0.2000870036748757
0.2114734565361066
0.22228608970577182
0.23257330902682366
0.24254145336999663
0.2512862355099839
0.26030508811342046
0.2653318521691745
0.27081600910935705
0.27731520297289103
0.2854093926717619
0.3010657833282743
0.3197788233400116
0.33665591754708113
0.3513550317893722
0.3622111728474722
0.36908472802242176
0.37389185251616924
0.3781229551787021
0.3824771683244246
0.38808643238443763
0.39486279178372946
0.40012742597252865
0.405813363639713
0.42514939118195416
0.44562388730793234
0.4585925896575406
0.4499222985392966
0.43288025809469755
0.42215221173977735
0.4239709267244409
0.4289565133601043
0.4320493837688582
0.43001479760627137
0.41217626708443794
0.39396421069275955
0.39139309329971356
0.4112891111242051
0.4330831176548714
0.4407204051633817
0.441730624078088
0.4495017606652789
0.4565029278388698
0.45101547943801173
0.4387857439754608
0.4212599103091344
0.39996708372900924
0.3813198077077874
0.36580614930367994
0.35233772504521216
0.34437628379602775
0.33556351685917996
0.3203828960414745
0.303522341333666
0.29689017433727216
0.29642308946402596
0.28887916456270324
0.27522734524394904
0.27259281919194267
0.28850326468398313
0.3153183202350799
0.33832243447711324
0.35185514485360336
0.3585419085810205
0.36252801017022285
0.358241194260463
0.34887929694606346
0.3345411389423886
0.3146439398683775
0.2947521386004559
0.27786617555307436
0.26300509424642005
0.24673745378220707
0.22815431818033194
0.21098956660826315
0.2024939970308502
0.20807824235592326
0.21996910965863392
0.22466045103824972
0.22015172367460117
0.2096627516814228
0.19812022959346426
0.19074463223376256
0.19327475566597224
0.19789145825350932
0.19705784199321474
0.19543226569872835
0.19408130046598923
0.18884481698072447
0.18317275745608497
0.18292621299976541
0.18304809316952442
0.17768586421668206
0.16843487542126173
0.16003399725893025
0.15286919252532605
0.145529250915585
0.1382426652763582
0.132405512171681
0.1298444402268049
0.1282092492956521
0.12651251847991654
0.12451562792614373
0.1226414660346811
0.12093126631645425
0.1179142244462694
0.11397785762586257
0.11056120415455555
0.10794225396198245
0.10601240162149533
0.10351112230065734
0.09916498088407011
0.0932390324072655
0.08694291991197889
0.08149435968552565
0.07702750247098175
0.0732001340671102
0.07004500801772405
0.06771997933317625
0.06605353718287185
0.06452960859228454
0.06255284656057891
0.059849373592797475
0.056633336044422264
0.05328343188701952
0.0499640176381551
0.047035736332576336
0.0451345747215111
0.04423887397591503
0.043563675041964595
0.04236373448359227
0.040592261268274366
0.03831055507219939
0.03584029557645982
0.033461406110000556
0.0314088247174698
0.02964316899979711
0.0279530903339758
0.02618438836379252
0.024312465751720927
0.02250565043559702
0.020975774545088137
0.019760337765202567
0.018663928949831536
0.017586809970172777
0.016533437467194025
0.015457146609876985
0.014338325862919924
0.013245131094919413
0.01220295947696503
0.011145680037790035
0.010073033610499977
0.009084386853978726
0.008218866567207248
0.007454288534180042
0.006809717765189113
0.006303594152031677
0.005885763283959917
0.0054953485142587785
0.00508506023383376
0.0046485615132998565
0.004205575005911097
0.003791745730390678
0.0034394865003139273
0.0031529769439712697
0.002904615792295173
0.002682953156304362
0.0024865133340068557
0.00229617835787364
0.0021086376402968446
0.001927200942305187
0.0017503298712162373
0.001582778973107105
0.001423534367816903
0.0012625513297441862
0.0011023385295803245
9.719639304502125e-4
8.740521739551917e-4
7.908507830164618e-4
7.230219215874801e-4
6.656416511101273e-4
6.080950532444871e-4
5.50577956473094e-4
4.93568668215868e-4
4.397127426979356e-4
3.899290630432643e-4
3.448367395496297e-4
3.0520665539571896e-4
2.7107640023023196e-4
2.4291815649001526e-4
2.1528086610192882e-4
1.8984304162605854e-4
1.6730011001776795e-4
1.4770249746980438e-4
1.3052591331004867e-4
1.1502751571824566e-4
1.011140598370637e-4
8.890201053573621e-5
7.823231492170687e-5
