-0.0012938989929626396
-0.0014824752049935862
-0.0016970152956501023
-0.001940865557990903
-0.0022177707362106757
-0.0025319169706267287
-0.0028879787885812335
-0.0032911704428478794
-0.003747301924890286
-0.004262839986163596
-0.004844974519808733
-0.005501690666318639
-0.006241847016474223
-0.007075260302718816
-0.008012796967311043
-0.009066472021421194
-0.010249555590315908
-0.011576687574884354
-0.013064000821020829
-0.014729253233495141
-0.016591969208802432
-0.01867359081768639
-0.02099763907827934
-0.023589885728713927
-0.02647853578733201
-0.029694421267830826
-0.03327120626215159
-0.037245603693484564
-0.04165760385112725
-0.04655071491749693
-0.05197221546928198
-0.057973419039570664
-0.06460995056272924
-0.07194203462973683
-0.08003479518333846
-0.08895856638365848
-0.09878921404619886
-0.10960846714723545
-0.1215042585355483
-0.13457107406838914
-0.1489103090167677
-0.16463063063648062
-0.18184834542698136
-0.2006877696161944
-0.22128160104123507
-0.24377129056858554
-0.26830741085698495
-0.2950500201792517
-0.3241690187273507
-0.3558444946738742
-0.39026705703082953
-0.4276381521280469
-0.46817036038646637
-0.5120876697540689
-0.5596257221485197
-0.611032028845814
-0.6665661508639082
-0.7264998398995994
-0.7911171356407228
-0.8607144146875807
-0.9356003867708038
-1.0160960332595956
-1.1025344836137916
-1.1952608246579146
-1.2946318384163122
-1.401015663404334
-1.5147913753613609
-1.6363484824848684
-1.766086331563542
-1.9044134204343763
-2.0517466137250366
-2.208510257890005
-2.3751351932661118
-2.5520576599376565
-2.7397180960768184
-2.938559826611689
-3.149027641980836
-3.371566266090831
-3.6066187145836626
-3.854624543961947
-4.1160179941375326
-4.391226026730916
-4.680666263182908
-4.984744826890703
-5.303854095208328
-5.6383703674201735
-5.988651456334484
-6.355034211716203
-6.737831984901067
-7.137332044973759
-7.5537929575710265
-7.987441938698213
-8.43847219627737
-8.90704027372859
-9.393263409737068
-9.897216930214576
-10.418931687786314
-10.9583915662909
-11.515531066453358
-12.090232991257107
-12.682326247710996
-13.291583784143441
-13.917720679684027
-14.5603924053502
-15.219193272759473
-15.893655089442946
-16.583246036033476
-17.28736978297595
-18.005364860573547
-18.736504298520707
-19.479995546303
-20.234980688802462
-21.00053696539733
-21.77567760429775
-22.559352977314106
-23.350452083189673
-24.14780436128298
-24.95018183986333
-25.756301616896668
-26.5648286730595
-27.37437901142929
-28.183523118180194
-28.99078973485048
-29.794669932428164
-30.593621472385934
-31.386073441171767
-32.17043113906832
-32.945081205093054
-33.70839695520601
-34.45874391153486
-35.19448549634835
-35.913988864498705
-36.61563084590527
-37.297803968028546
-37.9589225284937
-38.59742868469432
-39.21179852984389
-39.80054812037193
-40.36223942403653
-40.895486152758195
-41.3989594500974
-41.87139339780257
-42.31159031257336
-42.7184257992
-43.09085353306875
-43.427909740595
-43.72871735407374
-43.99248981235144
-44.218534487938555
-44.40625571596789
-44.5551574100148
-44.66484524545308
-44.735028399969906
-44.76552083735045
-44.756242130095686
-44.7072178117718
-44.6185792611311
-44.49056311514593
-44.32351021711451
-44.11786410462925
-43.87416904856474
-43.59306765306708
-43.27529803361095
-42.921690588469986
-42.53316438492912
-42.1107231811413
-41.655451108134415
-41.16850803838145
-40.651124667280456
-40.104597338755866
-39.530282642872784
-38.929591819519
-38.303984997882374
-37.65496530677433
-36.98407288698905
-36.292878840554785
-35.58297914809882
-34.855988589200365
-34.11353469524723
-33.35725176860786
-32.588774995577964
-31.809734685217517
-31.021750658146527
-30.226426814828013
-29.42534590445439
-28.620064520057124
-27.812108337125935
-27.002967617484767
-26.19409299182154
-25.386891538019857
-24.58272316419224
-23.782897309504875
-22.988669967099874
-22.201241037410014
-21.421752012516315
-20.651283994602004
-19.89085604576288
-19.141423867708554
-18.403878804867574
-17.679047165641677
-16.967689852071544
-16.270502289057564
-15.588114640783592
-14.92109230236669
-14.269936652386214
-13.635086051641006
-13.016917072314538
-12.415745941090004
-11.831830179297786
-11.265370422262663
-10.716512400683857
-10.185349065440555
-9.671922838623573
-9.176227972153
-8.698212997290202
-8.23778324678981
-7.7948034338875996
-7.369100270656991
-6.9604651113764895
-6.568656604465888
-6.193403340194054
-5.834406479290738
-5.491342351357153
-5.16386500992186
-4.851608734884465
-4.554190471111838
-4.27121219576562
-4.002263205108369
-3.7469223152792273
-3.5047599696908196
-3.2753402493905086
-3.058222780945562
-2.85296453987119
-2.659121546025724
-2.4762504504445815
-2.3039100118402045
-2.141662463469992
-1.989074770187902
-1.8457197775061673
-1.7111772538268217
-1.5850348285739757
-1.466888828550365
-1.3563450159389316
-1.2530192312198538
-1.156537944936492
-1.0665387222797342
-0.9826706047859622
-0.9045944136051769
-0.8319829788233027
-0.7645212995964157
-0.7019066396300015
-0.6438485628923729
-0.5900689140014455
-0.5403017481828155
-0.49429321503139706
-0.45180140084341147
-0.41259613349049173
-0.3764587543516047
-0.34318186095585773
-0.31256902453051477
-0.284434485739462
-0.2586028324352643
-0.23490866231803492
-0.2131962339111101
-0.1933191083573442
-0.17513978500703664
-0.15852933291834528
-0.14336702080460473
-0.12953994717597594
-0.11694267278541767
-0.10547685678036926
-0.09505089826258689
-0.08557958434034238
-0.07698374599982839
-0.06918992259464371
-0.06213003593733954
-0.055741074543469424
-0.049964788706517674
-0.04474739674028193
-0.04003930280244571
-0.03579482645533482
-0.031971944153145
-0.028532042663440494
-0.025439684426849907
-0.022662384743968516
-0.0201704006450627
-0.017936531239753892
-0.01593592928743739
-0.014145923718123505
-0.012545852759515141
-0.011116907353307568
-0.00984198445834298
-0.008705549894238968
-0.007693510287840814
-0.006793093761333068
-0.005992738907995903
-0.005281991691473852
-0.004651409813609437
-0.0040924741930220485
-0.0035975071107363947
