-0.001293898992805097
-0.0014824752051400658
-0.0016970152955157075
-0.0019408655581086317
-0.0022177707361131956
-0.0025319169706992956
-0.002887978788537573
-0.003291170442858201
-0.003747301924921966
-0.004262839986089895
-0.004844974519932093
-0.005501690666139095
-0.0062418470167157816
-0.007075260302407813
-0.008012796967684822
-0.009066472020968497
-0.0102495555908497
-0.011576687574268638
-0.013064000821732275
-0.014729253232691548
-0.01659196920969584
-0.018673590816684207
-0.020997639079377232
-0.023589885727516153
-0.02647853578862002
-0.029694421266445982
-0.03327120626361839
-0.037245603691917116
-0.04165760385275831
-0.04655071491580608
-0.051972215471020974
-0.0579734190377755
-0.06460995056458156
-0.07194203462791224
-0.08003479518520953
-0.08895856638187036
-0.09878921404793842
-0.10960846714559304
-0.12150425853713227
-0.13457107406701574
-0.14891030901811295
-0.16463063063539368
-0.1818483454277342
-0.2006877696155871
-0.2212816010415664
-0.24377129056858649
-0.268307410856454
-0.29505002017990256
-0.32416901872614845
-0.3558444946754933
-0.3902670570284382
-0.4276381521308188
-0.468170360383428
-0.5120876697576577
-0.5596257221442964
-0.611032028850915
-0.6665661508586734
-0.7264998399060931
-0.7911171356334529
-0.8607144146943952
-0.9356003867624347
-1.0160960332680875
-1.1025344836045552
-1.195260824667316
-1.294631838406205
-1.4010156634147184
-1.5147913753507622
-1.636348482495689
-1.7660863315535118
-1.9044134204453183
-2.0517466137139326
-2.2085102579006675
-2.375135193256182
-2.5520576599473213
-2.7397180960678713
-2.938559826621235
-3.149027641969628
-3.3715662660978474
-3.6066187145778894
-3.854624543964812
-4.116017994135501
-4.391226026734617
-4.680666263184688
-4.984744826890427
-5.3038540952113795
-5.6383703674131365
-5.988651456342097
-6.355034211707521
-6.737831984910093
-7.137332044957473
-7.55379295758325
-7.9874419386783995
-8.43847219629113
-8.907040273702679
-9.393263409759683
-9.89721693018741
-10.41893168781386
-10.958391566262069
-11.51553106647842
-12.090232991236029
-12.682326247743955
-13.291583784105258
-13.917720679712337
-14.560392405320112
-15.219193272787674
-15.893655089412057
-16.583246036050326
-17.287369782939606
-18.005364860613305
-18.73650429848074
-19.479995546335168
-20.234980688765155
-21.000536965419855
-21.775677604261187
-22.55935297733444
-23.3504520831626
-24.147804361308435
-24.95018183985895
-25.75630161689783
-26.564828673063626
-27.37437901142938
-28.183523118163052
-28.990789734847947
-29.79466993243763
-30.593621472380832
-31.386073441181697
-32.17043113905099
-32.945081205086844
-33.70839695517094
-34.4587439115547
-35.19448549632034
-35.913988864539874
-36.61563084584466
-37.297803968068074
-37.95892252845782
-38.59742868476905
-39.211798529784254
-39.80054812044615
-40.36223942398904
-40.89548615281892
-41.398959450039406
-41.87139339786094
-42.311590312511285
-42.71842579925306
-43.09085353303026
-43.42790974063617
-43.728717354032
-43.992489812385934
-44.21853448788508
-44.4062557160238
-44.55515740998359
-44.66484524548372
-44.73502839991937
-44.765520837387015
-44.75624213006287
-44.70721781175334
-44.618579261142145
-44.490563115159375
-44.32351021711863
-44.11786410461814
-43.87416904858486
-43.593067653040464
-43.27529803363788
-42.92169058844417
-42.53316438496181
-42.11072318111302
-41.6554511081883
-41.1685080383272
-40.651124667331686
-40.104597338714086
-39.53028264293191
-38.92959181948058
-38.30398499793741
-37.654965306733445
-36.98407288705586
-36.29287884050271
-35.58297914814733
-34.85598858914645
-34.11353469529126
-33.357251768540415
-32.588774995645466
-31.809734685191668
-31.021750658192218
-30.226426814784524
-29.4253459044832
-28.620064520013152
-27.812108337142675
-27.00296761744463
-26.19409299185387
-25.38689153799413
-24.582723164215476
-23.782897309484554
-22.988669967104975
-22.20124103740669
-21.42175201251794
-20.651283994598657
-19.890856045760227
-19.14142386771919
-18.40387880486375
-17.67904716565662
-16.967689852054924
-16.270502289066734
-15.588114640759304
-14.921092302388434
-14.269936652364429
-13.63508605167037
-13.016917072287967
-12.415745941124824
-11.831830179269268
-11.26537042229362
-10.71651240065567
-10.185349065469122
-9.671922838594826
-9.176227972176063
-8.698212997269303
-8.23778324681907
-7.794803433863999
-7.369100270679943
-6.960465111353672
-6.568656604488026
-6.1934033401724085
-5.834406479309065
-5.491342351338787
-5.163865009934599
-4.851608734872088
-4.55419047112415
-4.2712121957519145
-4.002263205116098
-3.746922315269871
-3.504759969696456
-3.275340249384217
-3.058222780948446
-2.8529645398706704
-2.6591215460257294
-2.4762504504450638
-2.3039100118385414
-2.1416624634740566
-1.9890747701843519
-1.8457197775112781
-1.711177253821216
-1.5850348285802265
-1.4668888285430297
-1.3563450159463957
-1.253019231212384
-1.1565379449440896
-1.066538722271884
-0.9826706047932396
-0.9045944135976735
-0.8319829788306079
-0.764521299588651
-0.7019066396376278
-0.6438485628852438
-0.5900689140084004
-0.5403017481763431
-0.49429321503762047
-0.4518014008377288
-0.4125961334956718
-0.37645875434691
-0.3431818609602144
-0.3125690245263676
-0.2844344857431731
-0.2586028324322318
-0.23490866232080915
-0.21319623390884823
-0.19331910835943233
-0.17513978500538266
-0.15852933291968305
-0.1433670208036635
-0.12953994717666334
-0.11694267278503308
-0.10547685678052664
-0.09505089826268237
-0.08557958434008917
-0.07698374600030669
-0.06918992259397556
-0.06213003593813185
-0.05574107454258001
-0.04996478870750689
-0.044747396739244244
-0.0400393028035763
-0.03579482645419529
-0.031971944154300366
-0.028532042662261357
-0.025439684427998467
-0.0226623847428181
-0.020170400646183362
-0.01793653123867508
-0.01593592928846442
-0.01414592371713406
-0.012545852760442662
-0.011116907352433394
-0.00984198445916031
-0.00870554989348988
-0.007693510288528594
-0.00679309376070405
-0.005992738908562624
-0.005281991690968061
-0.004651409814051094
-0.0040924741926309125
-0.0035975071110696854
