0.44999999999999996
0.4510033444816053
0.4520066889632106
0.45301003344481594
0.45401337792642127
0.4550167224080266
0.4560200668896319
0.45702341137123725
0.4580267558528426
0.4590301003344479
0.46003344481605324
0.46103678929765857
0.4620401337792639
0.4630434782608692
0.46404682274247455
0.4650501672240799
0.4660535117056852
0.46705685618729054
0.46806020066889586
0.4690635451505012
0.4700668896321065
0.47107023411371185
0.4720735785953172
0.4730769230769225
0.47408026755852783
0.47508361204013316
0.4760869565217385
0.4770903010033438
0.47809364548494915
0.4790969899665545
0.4801003344481598
0.48110367892976513
0.48210702341137046
0.4831103678929758
0.4841137123745811
0.48511705685618645
0.4861204013377918
0.4871237458193971
0.48812709030100243
0.48913043478260776
0.4901337792642131
0.4911371237458184
0.49214046822742374
0.4931438127090291
0.4941471571906344
0.49515050167223973
0.49615384615384506
0.4971571906354504
0.4981605351170557
0.49916387959866104
0.5001672240802664
0.5011705685618717
0.502173913043477
0.5031772575250824
0.5041806020066877
0.505183946488293
0.5061872909698983
0.5071906354515037
0.508193979933109
0.5091973244147143
0.5102006688963197
0.511204013377925
0.5122073578595303
0.5132107023411356
0.514214046822741
0.5152173913043463
0.5162207357859516
0.517224080267557
0.5182274247491623
0.5192307692307676
0.5202341137123729
0.5212374581939783
0.5222408026755836
0.5232441471571889
0.5242474916387942
0.5252508361203996
0.5262541806020049
0.5272575250836102
0.5282608695652156
0.5292642140468209
0.5302675585284262
0.5312709030100315
0.5322742474916369
0.5332775919732422
0.5342809364548475
0.5352842809364529
0.5362876254180582
0.5372909698996635
0.5382943143812688
0.5392976588628742
0.5403010033444795
0.5413043478260848
0.5423076923076902
0.5433110367892955
0.5443143812709008
0.5453177257525061
0.5463210702341115
0.5473244147157168
0.5483277591973221
0.5493311036789275
0.5503344481605328
0.5513377926421381
0.5523411371237434
0.5533444816053488
0.5543478260869541
0.5553511705685594
0.5563545150501648
0.5573578595317701
0.5583612040133754
0.5593645484949807
0.5603678929765861
0.5613712374581914
0.5623745819397967
0.563377926421402
0.5643812709030074
0.5653846153846127
0.566387959866218
0.5673913043478234
0.5683946488294287
0.569397993311034
0.5704013377926394
0.5714046822742447
0.57240802675585
0.5734113712374553
0.5744147157190607
0.575418060200666
0.5764214046822713
0.5774247491638766
0.578428093645482
0.5794314381270873
0.5804347826086926
0.581438127090298
0.5824414715719033
0.5834448160535086
0.584448160535114
0.5854515050167193
0.5864548494983246
0.5874581939799299
0.5884615384615353
0.5894648829431406
0.5904682274247459
0.5914715719063512
0.5924749163879566
0.5934782608695619
0.5944816053511672
0.5954849498327726
0.5964882943143779
0.5974916387959832
0.5984949832775885
0.5994983277591939
0.6005016722407992
0.6015050167224045
0.6025083612040099
0.6035117056856152
0.6045150501672205
0.6055183946488258
0.6065217391304312
0.6075250836120365
0.6085284280936418
0.6095317725752472
0.6105351170568525
0.6115384615384578
0.6125418060200631
0.6135451505016685
0.6145484949832738
0.6155518394648791
0.6165551839464845
0.6175585284280898
0.6185618729096951
0.6195652173913004
0.6205685618729058
0.6215719063545111
0.6225752508361164
0.6235785953177218
0.6245819397993271
0.6255852842809324
0.6265886287625377
0.6275919732441431
0.6285953177257484
0.6295986622073537
0.630602006688959
0.6316053511705644
0.6326086956521697
0.633612040133775
0.6346153846153804
0.6356187290969857
0.636622073578591
0.6376254180601963
0.6386287625418017
0.639632107023407
0.6406354515050123
0.6416387959866177
0.642642140468223
0.6436454849498283
0.6446488294314336
0.645652173913039
0.6466555183946443
0.6476588628762496
0.648662207357855
0.6496655518394603
0.6506688963210656
0.6516722408026709
0.6526755852842763
0.6536789297658816
0.6546822742474869
0.6556856187290923
0.6566889632106976
0.6576923076923029
0.6586956521739082
0.6596989966555136
0.6607023411371189
0.6617056856187242
0.6627090301003296
0.6637123745819349
0.6647157190635402
0.6657190635451455
0.6667224080267509
0.6677257525083562
0.6687290969899615
0.6697324414715669
0.6707357859531722
0.6717391304347775
0.6727424749163828
0.6737458193979882
0.6747491638795935
0.6757525083611988
0.6767558528428042
0.6777591973244095
0.6787625418060148
0.6797658862876201
0.6807692307692255
0.6817725752508308
0.6827759197324361
0.6837792642140414
0.6847826086956468
0.6857859531772521
0.6867892976588574
0.6877926421404628
0.6887959866220681
0.6897993311036734
0.6908026755852787
0.6918060200668841
0.6928093645484894
0.6938127090300947
0.6948160535117001
0.6958193979933054
0.6968227424749107
0.697826086956516
0.6988294314381214
0.6998327759197267
0.700836120401332
0.7018394648829374
0.7028428093645427
0.703846153846148
0.7048494983277533
0.7058528428093587
0.706856187290964
0.7078595317725693
0.7088628762541747
0.70986622073578
0.7108695652173853
0.7118729096989906
0.712876254180596
0.7138795986622013
0.7148829431438066
0.715886287625412
0.7168896321070173
0.7178929765886226
0.7188963210702279
0.7198996655518333
0.7209030100334386
0.7219063545150439
0.7229096989966493
0.7239130434782546
0.7249163879598599
0.7259197324414652
0.7269230769230706
0.7279264214046759
0.7289297658862812
0.7299331103678866
0.7309364548494919
0.7319397993310972
0.7329431438127025
0.7339464882943079
0.7349498327759132
0.7359531772575185
0.7369565217391238
0.7379598662207292
0.7389632107023345
0.7399665551839398
0.7409698996655452
0.7419732441471505
0.7429765886287558
0.7439799331103611
0.7449832775919665
0.7459866220735718
0.7469899665551771
0.7479933110367825
0.7489966555183878
0.7499999999999931
