280	0.0626882		280	3.57E-12
282.701	0.0626464		282.701	4.57E-05
285.401	0.0626036		285.401	0.0366434
288.102	0.0625459		288.102	523.091
290.802	0.0624773		290.802	357595
293.503	0.0624032		293.503	6.98E+07
296.204	0.0623106		296.204	2.74E+09
298.904	0.0622109		298.904	2.73E+10
301.605	0.0620966		301.605	2.05E+11
304.305	0.0619659		304.305	8.78E+11
307.006	0.0618232		307.006	2.36E+12
309.706	0.0616604		309.706	3.89E+12
312.407	0.0614817		312.407	8.34E+12
315.108	0.061284		315.108	1.15E+13
317.808	0.0610655		317.808	1.56E+13
320.509	0.06083		320.509	2.15E+13
323.209	0.0605701		323.209	1.98E+13
325.91	0.0602916		325.91	3.34E+13
328.611	0.0599876		328.611	3.50E+13
331.311	0.059661		331.311	3.86E+13
334.012	0.0593122		334.012	4.00E+13
336.712	0.0589361		336.712	3.68E+13
339.413	0.0585379		339.413	4.71E+13
342.114	0.058112		342.114	5.06E+13
344.814	0.0576581		344.814	4.58E+13
347.515	0.0571794		347.515	5.12E+13
350.215	0.0566754		350.215	6.04E+13
352.916	0.0561417		352.916	5.75E+13
355.616	0.0555834		355.616	6.68E+13
358.317	0.054997		358.317	4.71E+13
361.018	0.0543811		361.018	6.21E+13
363.718	0.0537424		363.718	7.23E+13
366.419	0.0530737		366.419	9.17E+13
369.119	0.0523844		369.119	8.92E+13
371.82	0.051664		371.82	8.94E+13
374.521	0.0509247		374.521	7.24E+13
377.221	0.0501576		377.221	9.96E+13
379.922	0.0493705		379.922	9.37E+13
382.622	0.0485621		382.622	6.79E+13
385.323	0.047733		385.323	9.23E+13
388.023	0.0468874		388.023	9.03E+13
390.724	0.046019		390.724	1.19E+14
393.425	0.0451421		393.425	5.61E+13
396.125	0.0442473		396.125	1.05E+14
398.826	0.0433411		398.826	1.59E+14
401.526	0.0424219		401.526	1.82E+14
404.227	0.0414986		404.227	1.82E+14
406.928	0.0405688		406.928	1.73E+14
409.628	0.0396305		409.628	1.76E+14
412.329	0.0386912		412.329	1.99E+14
415.029	0.0377563		415.029	2.00E+14
417.73	0.0368209		417.73	1.94E+14
420.431	0.0358879		420.431	1.96E+14
423.131	0.0349624		423.131	2.05E+14
425.832	0.0340404		425.832	2.08E+14
428.532	0.0331363		428.532	1.99E+14
431.233	0.0322371		431.233	1.57E+14
433.933	0.0313577		433.933	2.00E+14
436.634	0.0304907		436.634	2.50E+14
439.335	0.0296419		439.335	2.22E+14
442.035	0.0288118		442.035	2.59E+14
444.736	0.0280041		444.736	2.69E+14
447.436	0.0272169		447.436	2.82E+14
450.137	0.0264551		450.137	2.93E+14
452.838	0.0257171		452.838	2.70E+14
455.538	0.0250039		455.538	2.94E+14
458.239	0.0243168		458.239	2.97E+14
460.939	0.0236576		460.939	3.06E+14
463.64	0.0230259		463.64	3.08E+14
466.341	0.0224197		466.341	3.05E+14
469.041	0.0218418		469.041	3.12E+14
471.742	0.0212906		471.742	3.22E+14
474.442	0.0207664		474.442	3.24E+14
477.143	0.0202663		477.143	3.23E+14
479.843	0.0197923		479.843	3.32E+14
482.544	0.0193408		482.544	3.36E+14
485.245	0.018912		485.245	3.14E+14
487.945	0.0185047		487.945	3.25E+14
490.646	0.0181168		490.646	3.41E+14
493.346	0.0177459		493.346	3.38E+14
496.047	0.0173923		496.047	3.37E+14
498.748	0.0170529		498.748	3.36E+14
501.448	0.0167269		501.448	3.24E+14
504.149	0.0164129		504.149	3.22E+14
506.849	0.0161083		506.849	3.48E+14
509.55	0.0158139		509.55	3.51E+14
512.25	0.015526		512.25	3.60E+14
514.951	0.0152456		514.951	3.45E+14
517.652	0.0149704		517.652	3.12E+14
520.352	0.0147002		520.352	3.53E+14
523.053	0.0144342		523.053	3.41E+14
525.753	0.0141716		525.753	3.63E+14
528.454	0.0139129		528.454	3.74E+14
531.155	0.0136563		531.155	3.85E+14
533.855	0.0134035		533.855	3.58E+14
536.556	0.0131526		536.556	3.69E+14
539.256	0.0129051		539.256	3.64E+14
541.957	0.0126601		541.957	3.73E+14
544.658	0.0124182		544.658	3.78E+14
547.358	0.01218		547.358	3.73E+14
550.059	0.0119453		550.059	3.77E+14
552.759	0.0117142		552.759	3.78E+14
555.46	0.0114874		555.46	3.86E+14
558.16	0.0112653		558.16	3.80E+14
560.861	0.0110476		560.861	3.91E+14
563.562	0.0108349		563.562	3.85E+14
566.262	0.0106279		566.262	3.68E+14
568.963	0.0104258		568.963	3.78E+14
571.663	0.0102297		571.663	3.81E+14
574.364	0.0100396		574.364	3.88E+14
577.065	0.00985532		577.065	3.90E+14
579.765	0.0096771		579.765	3.91E+14
582.466	0.0095049		582.466	4.04E+14
585.166	0.00933913		585.166	4.02E+14
587.867	0.00917936		587.867	4.01E+14
590.568	0.0090255		590.568	3.84E+14
593.268	0.00887786		593.268	3.91E+14
595.969	0.00873612		595.969	3.97E+14
598.669	0.00860072		598.669	3.95E+14
601.37	0.0084706		601.37	3.93E+14
604.07	0.00834593		604.07	4.08E+14
606.771	0.00822699		606.771	4.09E+14
609.472	0.008113		609.472	4.06E+14
612.172	0.00800438		612.172	4.12E+14
614.873	0.00789999		614.873	4.08E+14
617.573	0.00780065		617.573	4.04E+14
620.274	0.00770592		620.274	4.16E+14
622.975	0.00761519		622.975	4.00E+14
625.675	0.0075286		625.675	3.96E+14
628.376	0.00744566		628.376	3.92E+14
631.076	0.00736642		631.076	4.05E+14
633.777	0.00729078		633.777	4.13E+14
636.477	0.00721807		636.477	4.13E+14
639.178	0.00714856		639.178	4.24E+14
641.879	0.0070819		641.879	4.19E+14
644.579	0.00701732		644.579	4.26E+14
647.28	0.00695229		647.28	4.14E+14
649.98	0.00688693		649.98	4.01E+14
652.681	0.00682077		652.681	4.20E+14
655.382	0.00675429		655.382	3.83E+14
658.082	0.0066874		658.082	4.16E+14
660.783	0.00662015		660.783	4.20E+14
663.483	0.00655258		663.483	4.19E+14
666.184	0.00648457		666.184	4.30E+14
668.885	0.00641646		668.885	4.38E+14
671.585	0.00634785		671.585	4.29E+14
674.286	0.00627923		674.286	4.30E+14
676.986	0.00621033		676.986	4.31E+14
679.687	0.00614126		679.687	4.32E+14
682.387	0.00607214		682.387	4.33E+14
685.088	0.00600283		685.088	4.30E+14
687.789	0.00593355		687.789	3.39E+14
690.489	0.00586425		690.489	3.82E+14
693.19	0.00579488		693.19	3.97E+14
695.89	0.00572565		695.89	4.02E+14
698.591	0.00565645		698.591	4.14E+14
701.292	0.00558727		701.292	4.04E+14
703.992	0.00551841		703.992	4.20E+14
706.693	0.00544962		706.693	4.22E+14
709.393	0.00538111		709.393	4.25E+14
712.094	0.00531288		712.094	4.24E+14
714.795	0.00524493		714.795	4.12E+14
717.495	0.00517723		717.495	3.49E+14
720.196	0.00510996		720.196	3.31E+14
722.896	0.00504304		722.896	3.83E+14
725.597	0.00497641		725.597	3.54E+14
728.297	0.00491029		728.297	3.44E+14
730.998	0.00484455		730.998	3.59E+14
733.699	0.00477934		733.699	4.12E+14
736.399	0.00471487		736.399	4.05E+14
739.1	0.00465069		739.1	4.03E+14
741.8	0.00458712		741.8	4.12E+14
744.501	0.00452404		744.501	4.27E+14
747.202	0.0044617		747.202	4.27E+14
749.902	0.00439989		749.902	4.25E+14
752.603	0.00433875		752.603	4.24E+14
755.303	0.00427831		755.303	4.28E+14
758.004	0.00421852		758.004	4.29E+14
760.705	0.00415936		760.705	2.20E+13
763.405	0.00410087		763.405	1.37E+14
766.106	0.00404323		766.106	2.95E+14
768.806	0.00398633		768.806	4.00E+14
771.507	0.00392987		771.507	4.17E+14
774.207	0.00387442		774.207	4.20E+14
776.908	0.00381982		776.908	4.20E+14
779.609	0.00376582		779.609	4.21E+14
782.309	0.00371261		782.309	4.21E+14
785.01	0.00366029		785.01	4.20E+14
787.71	0.00360868		787.71	4.12E+14
790.411	0.00355793		790.411	4.00E+14
793.112	0.00350799		793.112	3.99E+14
795.812	0.00345868		795.812	3.96E+14
798.513	0.00341035		798.513	4.08E+14
801.213	0.00336291		801.213	4.04E+14
803.914	0.00331603		803.914	4.02E+14
806.614	0.00327027		806.614	4.09E+14
809.315	0.00322511		809.315	3.95E+14
812.016	0.00318095		812.016	3.87E+14
814.716	0.00313744		814.716	3.41E+14
817.417	0.00309483		817.417	3.18E+14
820.117	0.00305303		820.117	3.32E+14
822.818	0.00301218		822.818	2.65E+14
825.519	0.00297189		825.519	3.60E+14
828.219	0.00293261		828.219	3.29E+14
830.92	0.0028941		830.92	3.58E+14
833.62	0.00285635		833.62	3.65E+14
836.321	0.00281943		836.321	3.81E+14
839.022	0.00278324		839.022	3.91E+14
841.722	0.00274784		841.722	3.91E+14
844.423	0.0027134		844.423	3.92E+14
847.123	0.00267959		847.123	3.91E+14
849.824	0.00264649		849.824	3.56E+14
852.524	0.00261425		852.524	3.88E+14
855.225	0.00258271		855.225	3.72E+14
857.926	0.00255194		857.926	3.97E+14
860.626	0.00252198		860.626	3.96E+14
863.327	0.00249261		863.327	4.00E+14
866.027	0.00246398		866.027	3.43E+14
868.728	0.00243614		868.728	3.86E+14
871.429	0.00240893		871.429	3.90E+14
874.129	0.00238231		874.129	3.83E+14
876.83	0.00235658		876.83	3.92E+14
879.53	0.00233141		879.53	3.87E+14
882.231	0.00230691		882.231	3.86E+14
884.932	0.00228302		884.932	3.91E+14
887.632	0.0022597		887.632	3.81E+14
890.333	0.00223703		890.333	3.85E+14
893.033	0.00221499		893.033	3.65E+14
895.734	0.00219354		895.734	3.30E+14
898.434	0.00217273		898.434	2.67E+14
901.135	0.00215243		901.135	2.52E+14
903.836	0.00213269		903.836	3.50E+14
906.536	0.00211338		906.536	2.98E+14
909.237	0.00209477		909.237	2.95E+14
911.937	0.00207656		911.937	2.96E+14
914.638	0.00205889		914.638	2.92E+14
917.339	0.00204174		917.339	3.00E+14
920.039	0.002025		920.039	3.22E+14
922.74	0.00200881		922.74	3.18E+14
925.44	0.00199297		925.44	3.03E+14
928.141	0.00197763		928.141	2.51E+14
930.841	0.00196277		930.841	1.83E+14
933.542	0.00194816		933.542	7.76E+13
936.243	0.00193401		936.243	6.69E+13
938.943	0.00192034		938.943	1.73E+14
941.644	0.0019069		941.644	1.78E+14
944.344	0.00189393		944.344	1.50E+14
947.045	0.00188128		947.045	1.67E+14
949.746	0.00186889		949.746	8.97E+13
952.446	0.00185694		952.446	1.16E+14
955.147	0.00184525		955.147	1.53E+14
957.847	0.00183386		957.847	2.01E+14
960.548	0.00182274		960.548	2.07E+14
963.249	0.00181186		963.249	2.28E+14
965.949	0.00180123		965.949	2.31E+14
968.65	0.00179099		968.65	3.17E+14
971.35	0.00178082		971.35	3.30E+14
974.051	0.00177091		974.051	2.65E+14
976.751	0.00176129		976.751	2.89E+14
979.452	0.00175186		979.452	2.86E+14
982.153	0.00174267		982.153	3.17E+14
984.853	0.00173352		984.853	3.22E+14
987.554	0.00172462		987.554	3.41E+14
990.254	0.00171598		990.254	3.44E+14
992.955	0.0017074		992.955	3.46E+14
995.656	0.00169898		995.656	3.53E+14
998.356	0.00169072		998.356	3.49E+14
1001.06	0.00168253		1001.06	3.52E+14
1003.76	0.00167447		1003.76	3.47E+14
1006.46	0.00166653		1006.46	3.44E+14
1009.16	0.00165871		1009.16	3.43E+14
1011.86	0.001651		1011.86	3.44E+14
1014.56	0.00164339		1014.56	3.42E+14
1017.26	0.00163587		1017.26	3.40E+14
1019.96	0.00162843		1019.96	3.37E+14
1022.66	0.00162108		1022.66	3.36E+14
1025.36	0.00161379		1025.36	3.39E+14
1028.06	0.00160656		1028.06	3.38E+14
1030.76	0.00159938		1030.76	3.36E+14
1033.46	0.00159225		1033.46	3.31E+14
1036.16	0.00158516		1036.16	3.35E+14
1038.86	0.00157809		1038.86	3.33E+14
1041.57	0.00157106		1041.57	3.32E+14
1044.27	0.00156403		1044.27	3.31E+14
1046.97	0.00155702		1046.97	3.26E+14
1049.67	0.00155001		1049.67	3.26E+14
1052.37	0.00154299		1052.37	3.25E+14
1055.07	0.00153596		1055.07	3.25E+14
1057.77	0.00152893		1057.77	3.22E+14
1060.47	0.00152191		1060.47	3.17E+14
1063.17	0.00151492		1063.17	3.14E+14
1065.87	0.00150793		1065.87	3.13E+14
1068.57	0.00150091		1068.57	3.04E+14
1071.27	0.0014939		1071.27	3.15E+14
1073.97	0.00148691		1073.97	3.17E+14
1076.67	0.00147993		1076.67	3.12E+14
1079.37	0.00147295		1079.37	3.10E+14
1082.07	0.00146592		1082.07	3.04E+14
1084.77	0.00145884		1084.77	3.06E+14
1087.48	0.00145171		1087.48	3.01E+14
1090.18	0.00144454		1090.18	2.90E+14
1092.88	0.00143732		1092.88	2.68E+14
1095.58	0.00143007		1095.58	2.60E+14
1098.28	0.00142283		1098.28	2.60E+14
1100.98	0.00141559		1100.98	2.61E+14
1103.68	0.00140834		1103.68	2.42E+14
1106.38	0.00140105		1106.38	2.22E+14
1109.08	0.00139373		1109.08	2.23E+14
1111.78	0.00138641		1111.78	2.15E+14
1114.48	0.00137905		1114.48	1.52E+14
1117.18	0.00137159		1117.18	5.08E+13
1119.88	0.00136404		1119.88	7.06E+13
1122.58	0.00135648		1122.58	5.60E+13
1125.28	0.001349		1125.28	6.38E+13
1127.98	0.00134151		1127.98	5.42E+13
1130.68	0.00133392		1130.68	1.26E+14
1133.39	0.00132623		1133.39	6.05E+13
1136.09	0.00131853		1136.09	7.96E+13
1138.79	0.00131084		1138.79	1.52E+14
1141.49	0.00130316		1141.49	1.04E+14
1144.19	0.00129548		1144.19	5.40E+13
1146.89	0.00128774		1146.89	3.01E+13
1149.59	0.00127993		1149.59	7.85E+13
1152.29	0.00127207		1152.29	1.42E+14
1154.99	0.0012642		1154.99	1.73E+14
1157.69	0.00125635		1157.69	1.73E+14
1160.39	0.00124848		1160.39	1.70E+14
1163.09	0.00124058		1163.09	2.62E+14
1165.79	0.00123264		1165.79	2.10E+14
1168.49	0.00122468		1168.49	2.34E+14
1171.19	0.0012167		1171.19	2.50E+14
1173.89	0.00120872		1173.89	1.92E+14
1176.59	0.00120074		1176.59	2.76E+14
1179.3	0.00119274		1179.3	2.74E+14
1182	0.00118474		1182	1.84E+14
1184.7	0.00117676		1184.7	2.27E+14
1187.4	0.00116882		1187.4	2.28E+14
1190.1	0.00116087		1190.1	2.63E+14
1192.8	0.00115283		1192.8	2.62E+14
1195.5	0.00114476		1195.5	2.47E+14
1198.2	0.00113676		1198.2	2.38E+14
1200.9	0.00112885		1200.9	2.54E+14
1203.6	0.00112091		1203.6	2.21E+14
1206.3	0.00111291		1206.3	2.71E+14
1209	0.00110494		1209	2.40E+14
1211.7	0.00109711		1211.7	2.42E+14
1214.4	0.00108937		1214.4	2.47E+14
1217.1	0.00108162		1217.1	2.65E+14
1219.8	0.00107387		1219.8	2.66E+14
1222.5	0.00106622		1222.5	2.62E+14
1225.21	0.00105872		1225.21	2.74E+14
1227.91	0.0010513		1227.91	2.73E+14
1230.61	0.00104392		1230.61	2.76E+14
1233.31	0.00103658		1233.31	2.71E+14
1236.01	0.00102934		1236.01	2.78E+14
1238.71	0.0010222		1238.71	2.76E+14
1241.41	0.00101521		1241.41	2.76E+14
1244.11	0.00100839		1244.11	2.72E+14
1246.81	0.00100173		1246.81	2.74E+14
1249.51	0.000995235		1249.51	2.75E+14
1252.21	0.000988906		1252.21	2.71E+14
1254.91	0.000982735		1254.91	2.72E+14
1257.61	0.000976739		1257.61	2.68E+14
1260.31	0.000970941		1260.31	2.59E+14
1263.01	0.000965359		1263.01	2.43E+14
1265.71	0.000960006		1265.71	2.38E+14
1268.41	0.000954897		1268.41	1.87E+14
1271.12	0.000950047		1271.12	2.49E+14
1273.82	0.000945457		1273.82	2.48E+14
1276.52	0.000941099		1276.52	2.57E+14
1279.22	0.000936952		1279.22	2.60E+14
1281.92	0.000933056		1281.92	2.30E+14
1284.62	0.000929456		1284.62	2.61E+14
1287.32	0.000926148		1287.32	2.61E+14
1290.02	0.000923097		1290.02	2.56E+14
1292.72	0.000920293		1292.72	2.54E+14
1295.42	0.000917755		1295.42	2.50E+14
1298.12	0.000915491		1298.12	2.48E+14
1300.82	0.00091348		1300.82	2.23E+14
1303.52	0.000911702		1303.52	1.94E+14
1306.22	0.000910157		1306.22	2.31E+14
1308.92	0.000908848		1308.92	2.44E+14
1311.62	0.000907768		1311.62	2.15E+14
1314.32	0.000906904		1314.32	1.79E+14
1317.03	0.000906233		1317.03	1.99E+14
1319.73	0.000905716		1319.73	1.62E+14
1322.43	0.000905332		1322.43	1.74E+14
1325.13	0.000905085		1325.13	2.06E+14
1327.83	0.000904973		1327.83	1.57E+14
1330.53	0.000904965		1330.53	1.24E+14
1333.23	0.00090502		1333.23	1.27E+14
1335.93	0.000905105		1335.93	1.21E+14
1338.63	0.000905188		1338.63	1.16E+14
1341.33	0.000905262		1341.33	1.14E+14
1344.03	0.000905337		1344.03	4.95E+13
1346.73	0.000905395		1346.73	4.05E+13
1349.43	0.000905375		1349.43	1.31E+13
1352.13	0.000905225		1352.13	8.70E+11
1354.83	0.000904936		1354.83	3.76E+10
1357.53	0.0009045		1357.53	2.23E+10
1360.23	0.000903906		1360.23	1.03E+09
1362.94	0.000903139		1362.94	2.01E+09
1365.64	0.000902171		1365.64	6.03E+09
1368.34	0.000900971		1368.34	-2.05E+07
1371.04	0.000899523		1371.04	-8.92E+06
1373.74	0.000897829		1373.74	9.23E+10
1376.44	0.000895883		1376.44	4.86E+10
1379.14	0.000893668		1379.14	-2.21E+10
1381.84	0.000891164		1381.84	-2.27E+09
1384.54	0.00088836		1384.54	6.75E+09
1387.24	0.000885249		1387.24	9.92E+10
1389.94	0.00088185		1389.94	3.43E+11
1392.64	0.000878194		1392.64	4.32E+10
1395.34	0.000874271		1395.34	1.16E+10
1398.04	0.000870039		1398.04	8.82E+11
1400.74	0.000865498		1400.74	-1.30E+11
1403.44	0.000860692		1403.44	1.24E+12
1406.14	0.000855649		1406.14	1.33E+12
1408.85	0.000850353		1408.85	6.12E+11
1411.55	0.000844794		1411.55	-1.25E+11
1414.25	0.000839015		1414.25	-3.21E+12
1416.95	0.000833065		1416.95	8.85E+12
1419.65	0.000826941		1419.65	4.48E+12
1422.35	0.000820618		1422.35	2.64E+13
1425.05	0.000814096		1425.05	1.79E+13
1427.75	0.000807394		1427.75	8.91E+12
1430.45	0.000800565		1430.45	4.41E+13
1433.15	0.0007937		1433.15	2.62E+13
1435.85	0.000786844		1435.85	2.58E+13
1438.55	0.000779934		1438.55	2.41E+13
1441.25	0.000772919		1441.25	2.28E+13
1443.95	0.000765865		1443.95	4.34E+13
1446.65	0.000758852		1446.65	1.55E+13
1449.35	0.000751887		1449.35	5.40E+13
1452.05	0.000744948		1452.05	4.54E+13
1454.76	0.00073806		1454.76	5.87E+13
1457.46	0.000731279		1457.46	8.77E+13
1460.16	0.000724633		1460.16	5.54E+13
1462.86	0.00071811		1462.86	3.24E+13
1465.56	0.000711715		1465.56	5.21E+13
1468.26	0.000705478		1468.26	6.30E+13
1470.96	0.00069943		1470.96	1.29E+13
1473.66	0.000693592		1473.66	5.56E+13
1476.36	0.000687977		1476.36	4.08E+13
1479.06	0.000682578		1479.06	8.59E+13
1481.76	0.000677384		1481.76	4.72E+13
1484.46	0.000672412		1484.46	9.15E+13
1487.16	0.000667691		1487.16	4.13E+13
1489.86	0.000663224		1489.86	1.28E+14
1492.56	0.000658989		1492.56	1.22E+14
1495.26	0.00065499		1495.26	1.26E+14
1497.96	0.00065128		1497.96	1.39E+14
1500.67	0.000647889		1500.67	1.94E+14
1503.37	0.000644788		1503.37	1.26E+14
1506.07	0.00064195		1506.07	1.91E+14
1508.77	0.000639383		1508.77	1.40E+14
1511.47	0.000637101		1511.47	1.92E+14
1514.17	0.000635106		1514.17	1.70E+14
1516.87	0.000633395		1516.87	1.84E+14
1519.57	0.000631953		1519.57	1.88E+14
1522.27	0.000630759		1522.27	1.98E+14
1524.97	0.000629811		1524.97	1.93E+14
1527.67	0.000629123		1527.67	2.04E+14
1530.37	0.000628702		1530.37	1.93E+14
1533.07	0.000628538		1533.07	2.07E+14
1535.77	0.000628626		1535.77	2.05E+14
1538.47	0.000628962		1538.47	2.05E+14
1541.17	0.000629538		1541.17	2.03E+14
1543.87	0.000630305		1543.87	2.05E+14
1546.58	0.000631221		1546.58	2.07E+14
1549.28	0.000632323		1549.28	2.07E+14
1551.98	0.000633667		1551.98	2.06E+14
1554.68	0.000635234		1554.68	2.03E+14
1557.38	0.000636955		1557.38	2.06E+14
1560.08	0.000638808		1560.08	2.03E+14
1562.78	0.000640809		1562.78	2.04E+14
1565.48	0.000642965		1565.48	2.03E+14
1568.18	0.000645269		1568.18	1.97E+14
1570.88	0.000647704		1570.88	1.80E+14
1573.58	0.000650233		1573.58	1.83E+14
1576.28	0.00065283		1576.28	1.84E+14
1578.98	0.0006555		1578.98	1.83E+14
1581.68	0.00065825		1581.68	1.88E+14
1584.38	0.000661076		1584.38	1.95E+14
1587.08	0.000663967		1587.08	1.96E+14
1589.78	0.000666903		1589.78	1.86E+14
1592.49	0.000669858		1592.49	2.00E+14
1595.19	0.000672834		1595.19	2.00E+14
1597.89	0.000675847		1597.89	1.98E+14
1600.59	0.000678883		1600.59	1.79E+14
1603.29	0.000681892		1603.29	1.76E+14
1605.99	0.00068486		1605.99	1.89E+14
1608.69	0.000687822		1608.69	1.80E+14
1611.39	0.000690789		1611.39	1.80E+14
1614.09	0.00069371		1614.09	1.88E+14
1616.79	0.000696548		1616.79	1.84E+14
1619.49	0.000699345		1619.49	1.88E+14
1622.19	0.00070214		1622.19	1.89E+14
1624.89	0.000704881		1624.89	1.89E+14
1627.59	0.000707496		1627.59	1.91E+14
1630.29	0.000709994		1630.29	1.88E+14
1632.99	0.000712415		1632.99	1.86E+14
1635.69	0.000714776		1635.69	1.88E+14
1638.4	0.000717079		1638.4	1.76E+14
1641.1	0.000719289		1641.1	1.76E+14
1643.8	0.00072134		1643.8	1.79E+14
1646.5	0.000723225		1646.5	1.80E+14
1649.2	0.000725008		1649.2	1.78E+14
1651.9	0.000726714		1651.9	1.79E+14
1654.6	0.00072828		1654.6	1.78E+14
1657.3	0.000729672		1657.3	1.81E+14
1660	0.000730969		1660	1.81E+14