-3.689329253378159e-4
-4.225480577255533e-4
-4.8352922361479623e-4
-5.528246392708871e-4
-6.31495445698635e-4
-7.20727908141879e-4
-8.218467709925046e-4
-9.363298573933902e-4
-0.001065824007314435
-0.0012121624523056386
-0.0013773837294445413
-0.001563752241141459
-0.0017737805713868141
-0.0020102536726639203
-0.002276255041024817
-0.002575194999677771
-0.002910841213762303
-0.003287351560723478
-0.0037093094817232295
-0.004181761939772948
-0.0047102601095980155
-0.005300902922573391
-0.00596038358725534
-0.006696039201990146
-0.00751590357062586
-0.008428763325453283
-0.00944421745290226
-0.010572740307232795
-0.011825748185223703
-0.01321566952062275
-0.01475601874078222
-0.016461473809246417
-0.01834795745693173
-0.0204327220813421
-0.0227344382667101
-0.025273286849741665
-0.028071054423678327
-0.031151232139417985
-0.03453911762558564
-0.03826191980867186
-0.04234886637311761
-0.04683131355412689
-0.0517428579096077
-0.057119449665223615
-0.06299950717482912
-0.06942403198273508
-0.0764367239160319
-0.08408409557792697
-0.09241558555017783
-0.10148366955317402
-0.11134396874759993
-0.12205535430175968
-0.13368004728206678
-0.14628371286748246
-0.15993554782385422
-0.17470836011829882
-0.19067863949760608
-0.20792661780103183
-0.22653631773098182
-0.2465955887609696
-0.26819612882243404
-0.2914334903797602
-0.3164070694822111
-0.3432200763599125
-0.37197948613212595
-0.402795968187682
-0.43578379282810903
-0.4710607137696141
-0.5087478251556534
-0.5489693917667973
-0.5918526511938343
-0.6375275868038123
-0.6861266704362724
-0.7377845738602387
-0.7926378481582772
-0.8508245703383575
-0.9124839566317711
-0.9777559420939224
-1.0467807263321376
-1.119698285369987
-1.1966478498743316
-1.2777673502022657
-1.3631928289745452
-1.4530578221187198
-1.5474927096096638
-1.6466240373912149
-1.750573812246297
-1.8594587716973114
-1.9733896312456092
-2.0924703116192003
-2.216797148969088
-2.3464580911764017
-2.4815318838590876
-2.6220872497640606
-2.7681820656547753
-2.9198625409444237
-3.0771624026053996
-3.240102091091609
-3.408687972217442
-3.5829115700722913
-3.7627488261844224
-3.9481593903399896
-4.139085948415504
-4.3354535927059334
-4.537169240259276
-4.7441211045756475
-4.956178226061682
-5.173190066536212
-5.394986172769173
-5.621375914021154
-5.852148298156832
-6.087071870744557
-6.325894701056274
-6.568344458696847
-6.814128584029924
-7.062934555142949
-7.314430253663693
-7.568264431142531
-7.824067277145719
-8.081451089696955
-8.340011048012085
-8.599326086806409
-8.858959870969482
-9.118461868504365
-9.377368519153647
-9.635204495321378
-9.891484051381536
-10.145712456568027
-10.397387506265751
-10.646001105714337
-10.891040919567807
-11.131992080221082
-11.368338947255776
-11.59956690986558
-11.825164223622306
-12.044623872694437
-12.257445448172822
-12.46313703268444
-12.661217081903636
-12.851216292406697
-13.032679446374026
-13.205167222530337
-13.368257963608539
-13.521549390351435
-13.664660252208433
-13.79723190539001
-13.918929809009185
-14.029444930880766
-14.128495054195412
-14.215825978041451
-14.291212603847779
-14.354459901994106
-14.405403752189176
-14.443911652960526
-14.46988329570258
-14.483250999943245
-14.483980007150329
-14.472068631277086
-14.447548265197236
-14.410483242775666
-14.360970557879668
-14.299139441433592
-14.225150799698874
-14.139196516726496
-14.04149862555531
-13.932308352822211
-13.811905042929142
-13.680594967857287
-13.538710029978157
-13.386606365290188
-13.224662855611335
-13.05327955818446
-12.872876061741099
-12.683889778838934
-12.48677418361974
-12.281997005402676
-12.070038387822219
-11.851389023741639
-11.626548275960342
-11.396022293745386
-11.16032213496247
-10.919961903511293
-10.67545691131751
-10.427321874021107
-10.176069148748144
-9.922207022432499
-9.666238058043762
-9.408657506178816
-9.149951788362515
-8.890597058077683
-8.631057845083852
-8.371785787382947
-8.113218455200492
-7.855778270158094
-7.599871522437466
-7.345887487985219
-7.094197647034606
-6.845155004787398
-6.599093514183399
-6.356327600451989
-6.117151786044608
-5.8818404144933645
-5.650647470846458
-5.423806496016655
-5.201530591860214
-4.984012513377808
-4.77142484409503
-4.563920250305105
-4.361631809557149
-4.164673408535363
-3.9731402053347082
-3.7871091508440387
-3.6066395639182898
-3.431773754968199
-3.2625376924360934
-3.0989417068175893
-2.940981226678576
-2.7886375414897744
-2.641878585888253
-2.5006597404100814
-2.3649246436664537
-2.2346060112754715
-2.109626456996527
-1.9898993117851824
-1.8753294367009792
-1.7658140259016029
-1.6612433961724533
-1.5615017597970262
-1.4664679777867
-1.3760162908226392
-1.290017025542012
-1.2083372740885743
-1.130841545127893
-1.0573923848168234
-0.9878509664870945
-0.9220776480647032
-0.8599324965020654
-0.8012757787355307
-0.7459684189226281
-0.6938724219215218
-0.644851263172984
-0.5987702453382785
-0.5554968222156276
-0.5149008906114854
-0.47685505099044917
-0.44123483783838796
-0.40791892080003384
-0.3767892777291083
-0.34773134088531177
-0.3206341175655364
-0.29539028651299803
-0.27189627148928075
-0.25005229341520857
-0.22976240250901253
-0.21093449184540333
-0.19348029376380305
-0.17731536052992236
-0.1623590306417797
-0.1485343821294421
-0.13576817417342416
-0.12399077831411917
-0.11313610048411274
-0.10314149503899518
-0.09394767191106282
-0.08549859794904932
-0.07774139345158988
-0.07062622483577607
-0.06410619432572374
-0.058137227479032993
-0.05267795931085464
-0.04768961971066012
-0.043135918788781
-0.038982932729750154
-0.035198990672142466
-0.031754563079973035
-0.028622152016837044
-0.025776183683914898
-0.02319290353422187
-0.020850274230264587
-0.01872787666942576
-0.0168068142610254
-0.015069620602088035
-0.013500170664005225
-0.01208359557103335
-0.010806201021741398
-0.009655389379137284
-0.008619585430530602
-0.007688165797476321
-0.00685139195674736
-0.00610034681705684
-0.005426874781287141
-0.004823525211737639
-0.004283499205321024
-0.0038005995765984383
-0.003369183939541869
-0.0029841207731596446
-0.0026407483518290434
-0.0023348364181704274
-0.002062550474395515
-0.0018204185672410977
