9.064751525108693e-4
0.0010387928515196258
0.001189351755299023
0.0013605049272865932
0.0015548858308905475
0.0017754382427556798
0.0020254496515250513
0.0023085870603278607
0.0026289365052597443
0.0029910455869931784
0.0033999711605777194
0.003861328208124858
0.004381346252167584
0.004966928457628557
0.0056257153695885576
0.006366154880445932
0.007197576205059266
0.008130271198343794
0.009175579834675929
0.010345983719840555
0.011655202254788815
0.013118304554636086
0.014751813878779614
0.01657383667485025
0.018604180663829014
0.02086449677281156
0.02337842394530283
0.026171731593236734
0.029272486109923453
0.03271121498419675
0.03652108697018383
0.04073808982212346
0.04540122621627932
0.050552708813245195
0.056238172292419585
0.06250689298452698
0.06941201039216718
0.07701072439678694
0.08536458756454224
0.09453971006326435
0.10460699088469208
0.1156424023733369
0.12772721640462045
0.14094825942871037
0.15539819203591348
0.17117572579941437
0.18838586981923283
0.20714023663709857
0.22755719029731214
0.24976214414110193
0.2738877882294385
0.300074249388456
0.32846929331455943
0.3592285326689924
0.3925155634987099
0.4285020903281879
0.4673680961353316
0.5093017954743427
0.5544997897270597
0.6031670817763796
0.6555169607248952
0.7117710826537558
0.7721590772891419
0.836918789894063
0.9062958630629336
0.9805432485489645
1.05992133320801
1.1446971667187396
1.2351444579661255
1.3315424555107704
1.4341759579807882
1.5433342223922053
1.6593107034459567
1.7824018362939233
1.9129061662898283
2.0511240926495216
2.197355488521529
2.351900399445935
2.5150564294268736
2.6871179551170874
2.8683747604192575
3.059111216894533
3.259603906644754
3.4701209185402098
3.6909196183665416
3.9222449951939224
4.164329626702295
4.417389063428705
4.681622804579099
4.957210882362421
5.244312195405959
5.543063866020637
5.853577903439234
6.17594065985564
6.510210538835688
6.856414786060591
7.214551140004493
7.584583741873961
7.966440141525539
8.360014289328035
8.765161409758344
9.181696444739131
9.609395951251377
10.047994657669932
10.497183243289388
10.956612620920371
11.425887461074865
11.904568180604162
12.392173182555071
12.888172821509947
13.39199647794357
13.903027331678668
14.420604771964058
14.944024196238884
15.472543111007226
16.005376980452727
16.541697317667058
17.080645545342314
17.62131946401488
18.162791393938562
18.70409514440438
19.24424118242826
19.782208425301864
20.3169591636603
20.847431748756343
21.37254719387898
21.891218049058303
22.40234211964323
22.904814508463325
23.39752781519836
23.879376160369638
24.349263625151856
24.806097287142386
25.24880559136286
25.67633350596923
26.08764713730202
26.481740114906913
26.857640737638455
27.214407102646028
27.55113910831359
27.866981152370002
28.16111693191613
28.432788617612538
28.681285906424776
28.905955822551267
29.106206749363576
29.281507759502844
29.431384833094363
29.55544137485042
29.653343323603618
29.724825076250283
29.76969280752266
29.787822729960467
29.779165613993694
29.7437423900568
29.681644669812137
29.59304183656941
29.478169940671584
29.33732965495551
29.170901688145282
28.979323416746446
28.763106007991624
28.52281493118343
28.25908252246732
27.972593435113705
27.664089479538212
27.334367233679483
26.984263311501667
26.614663295871274
26.22649446059704
25.820719235518194
25.39833094712392
24.9603544068123
24.507840522821517
24.04185586121884
23.563486574816086
23.07382952210068
22.57399274568978
22.065081378658142
21.548208453666444
21.0244781452951
20.494986583963335
19.96081870545156
19.423047290843
18.88272404961039
18.340875559287042
17.79851010601559
17.2566037509729
16.716104186211396
16.17792445725294
15.64294322625539
15.112003234274619
14.585908186241575
14.065419781979301
13.551260039061649
13.044107045342939
12.54459467769711
12.053315808631623
11.570815604040593
11.097594436385679
10.634110350898602
10.180774902183824
9.73795605688676
9.30597783726477
8.88512241796925
8.47562891791396
8.077695747036435
7.6914820770815675
7.317108990094249
6.95465998138723
6.604182332248996
6.26569030283825
5.939166177226626
5.624560709859137
5.3217964451627475
5.030768845125908
4.7513478686389305
4.483380794519692
4.226692072721258
3.9810877984595168
3.7463554584436123
3.5222662603322386
3.3085772840486585
3.105033219837435
2.9113667192720474
2.7273021072436228
2.552555171561645
2.3868357820780086
2.2298482260331522
2.081293709335259
1.940870865701477
1.80827729325237
1.6832105126944972
1.5653691292683214
1.454453705159271
1.3501677864018444
1.252218822756927
1.1603185503332982
1.07418386412268
0.9935376303423313
0.9181089743106723
0.8476336659632351
0.7818548816711388
0.7205231947741668
0.6633970265833984
0.610242870031336
0.5608354103525746
0.5149576656097773
0.47240111147433766
0.4329656454055173
0.396459688382516
0.36269996086952416
0.3315116551649438
0.3027281060909231
0.2761907918498203
0.25174919287009256
0.2292605167708796
0.20858956397444245
0.18960854735517668
0.172196814030684
0.15624066055296498
0.1416330640473156
0.1282734268485184
0.11606735401992484
0.10492637588767861
0.09476769637195473
0.08551393370048915
0.07709287283795407
0.06943719694659209
0.06248426248702675
0.05617582065069557
0.05045780654228931
0.04528009512517976
0.040596272868374
0.036363417003943854
0.03254188886643153
0.02909512229205805
0.025989433650648694
0.023193830386533557
0.020679829847845124
0.01842129224539853
0.016394254968321944
0.014576779323507993
0.01294879976476766
0.011491991278987642
0.010189636487763366
0.009026502769442729
0.00798872587268867
0.007063703466632333
0.006239992840185468
0.0055072163876848015
0.004855973905253117
0.004277760318090523
0.003764888643091298
0.0033104202151113867
0.0029080984204979516
0.002552288441898422
0.0022379209496215897
0.001960440864497481
0.001715759473074245
