1.3159570365973939e-5
1.5359413841988483e-5
1.8348461483859767e-5
2.1749664852311824e-5
2.5527491910208196e-5
2.9648043282628114e-5
3.411131345910123e-5
3.876915671177678e-5
4.286956864965164e-5
4.68719267534328e-5
5.359491423343465e-5
6.18860788784264e-5
7.132360204523025e-5
8.193554184680363e-5
9.441904648513323e-5
1.0927947132950331e-4
1.2548108457858598e-4
1.440837718720195e-4
1.6473421402207652e-4
1.881105340467451e-4
2.1399472766821313e-4
2.403906040485203e-4
2.678550407112289e-4
3.018143285471986e-4
3.4109699008476644e-4
3.8396414176185853e-4
4.3409425251042e-4
4.933306032309174e-4
5.602924980815206e-4
6.33853437131053e-4
7.146712791645333e-4
8.013752165918697e-4
8.88562345090729e-4
9.735792220382196e-4
0.0010592460543216782
0.001154591523075849
0.0012729776673599618
0.0014122493318949238
0.0015569919524694143
0.0017043282798661565
0.0018833519704497582
0.0021198479848293095
0.0023876538400801357
0.002688827950623202
0.003025753510000677
0.003371257177120466
0.0037162200519319124
0.004024403139253672
0.004319229043763655
0.004732897352769289
0.005243596766327049
0.0057184065931944715
0.006124451230959843
0.006614816006675948
0.007218147410662473
0.007967530893032758
0.00888888324997748
0.009839735429908545
0.010765159653431717
0.011781075379786914
0.012880265860020246
0.013932130060144125
0.014742540367505542
0.01585370154859573
0.01712788862250393
0.01805162491962746
0.01901104247941988
0.02024163891174207
0.022082845322609602
0.024185881863868972
0.026350726077281953
0.028649712030280508
0.031107380762133787
0.033723441881998724
0.03641995814059436
0.04030615921029203
0.04256062425909861
0.04451405040678646
0.04756740095525064
0.05207750848335911
0.05739747195133071
0.06296147156710395
0.06848026840732882
0.07386148132270481
0.07916412766959618
0.08305920466105399
0.0852683749243076
0.09137760787694622
0.09608178184964983
0.10159259744981035
0.1078062852815522
0.11455761558899878
0.12174525970499482
0.1292819142732321
0.13632764876229223
0.14173849029269586
0.14619642567513175
0.1523617520825234
0.16090044914959892
0.1692689682254057
0.1766885544508695
0.18497361337703325
0.19297964225761652
0.1985701025783897
0.20060329434983104
0.19875414469066718
0.1944959667894568
0.19930552984538097
0.20707789893290293
0.2183188553890313
0.2179896836629373
0.24052325080346876
0.27737286964055596
0.28975147975508225
0.29575975285217543
0.31108401936780306
0.31880243736444747
0.32266315549426006
0.3267105870263148
0.3303719062817174
0.3350575393210917
0.34085829928725897
0.34402294745600537
0.34156120593168576
0.33454301654345886
0.3349812583052575
0.35647452281744396
0.3716759955713809
0.43672180115485915
0.465124104048662
0.4656518013191725
0.4759017050524949
0.4851780470868896
0.479323631422809
0.4704767741007479
0.4630857131842088
0.45861228363717277
0.45674133651519405
0.45754942181286595
0.4630303194532889
0.4720379833369821
0.47665375240485996
0.4751556997038401
0.4692728517591328
0.4597126921631312
0.4477696810630176
0.43570667478865566
0.4254300645471262
0.41768536251796035
0.4093204087498333
0.39491515702681
0.37835964153573287
0.3626698761122204
0.3443894011701229
0.3244129892486952
0.3103720755276029
0.3100143971006404
0.3184297547105099
0.3299153448440277
0.3466438162683514
0.3568960678884688
0.36694210981993475
0.38913726822349687
0.41923056861005303
0.44064437175002413
0.4507429746711282
0.45085271027900403
0.4384293616656349
0.4187186198941284
0.39828959692655735
0.37723479043538055
0.35620153459419646
0.34041804201731596
0.33145886012539594
0.3259679378554682
0.3208851544020782
0.31675145591721826
0.31241621600083114
0.30859071787146397
0.3085309065399695
0.3117265304129131
0.30451287988596293
0.2755524529511494
0.24133689016850884
0.21332781454244293
0.19374153836365904
0.18687135518846756
0.18922028951862147
0.1924725236571669
0.1941222697011573
0.19435364032201835
0.1935295662019168
0.18993465219957772
0.182738783496635
0.17436461035755196
0.1657019916235741
0.15749380191836843
0.1514715021489838
0.1475314088613986
0.14637211991300164
0.14649180045044713
0.1459089381254506
0.14368484687483557
0.13929242837767952
0.1331957365769117
0.1263676355466361
0.11931571581583392
0.11137407877751171
0.10282430058510322
0.09526171518319437
0.08933431097012126
0.08631779860493322
0.08467537070157705
0.08322658546385127
0.08157528959741914
0.07958678895025534
0.07708166578197735
0.07404459629436572
0.07077561219823941
0.06761440233181232
0.06472376143537129
0.06215227636846215
0.059794435666809885
0.05737628719112535
0.05483486540875848
0.05240319503498968
0.050112761695670915
0.047730817294452804
0.04535655120639149
0.04302597674624189
0.04075286442708172
0.0387881816838164
0.03728388551598131
0.035489375122736755
0.03347757909971298
0.03134957279641369
0.02937470049821592
0.027765829973005376
0.02646019547771537
0.025330324846891086
0.024289006881640943
0.02325063167613177
0.022116190114134068
0.020833201067525356
0.01939513929717908
0.0178862956306554
0.01646529830857993
0.015224314327205031
0.014159015756758918
0.013184442715271642
0.012179706249387887
0.011169034619857982
0.010238124622887885
0.009371106676478416
0.008604811291639078
0.007988994072792868
0.007434416904491294
0.0068772428021615685
0.006331070057166115
0.005826800648864662
0.005377458922025026
0.004959334232545075
0.004553780610009075
0.004168412651503936
0.0038150179143074505
0.0034804435461894836
0.0031463550645375966
0.00281191219874234
0.0024973739159673248
0.002229325297121933
0.0020153048085095205
0.00183492742103913
0.0016626266939104386
0.0014940959537428963
0.0013343258578335793
0.0011863119282820563
0.001054248134008649
9.442839126638809e-4
8.548488109253033e-4
7.6824094975048e-4
6.785923718185636e-4
5.966910129347135e-4
5.31215255440726e-4
4.7473692767817686e-4
4.2302764782405045e-4
3.769498131314834e-4
3.3601876327941325e-4
2.9964280249800785e-4
2.676940216273816e-4
2.3930936082885252e-4
2.1469758397135372e-4
1.8994296640489303e-4
1.6676560665308067e-4
1.4872595620462356e-4
1.343970455647029e-4
1.2138971438216094e-4
1.0858552439713454e-4
9.627475051522297e-5
8.498578848207167e-5
7.52068345933604e-5
