-9.01183083826909e-6
-1.1032382080388028e-5
-1.2737840834271194e-5
-1.4384918341455618e-5
-1.6074604559875437e-5
-1.792552339188839e-5
-1.995852633519813e-5
-2.212518160137666e-5
-2.508042166023917e-5
-3.021174797448391e-5
-3.6026853538270394e-5
-4.174818114706669e-5
-4.810840837306143e-5
-5.48484919493065e-5
-6.246190409194424e-5
-7.030575552662236e-5
-7.890445663812146e-5
-8.813886264229717e-5
-9.847516493835092e-5
-1.1026217465982548e-4
-1.233205333643991e-4
-1.391510650337598e-4
-1.5984103180321753e-4
-1.8176187951462726e-4
-2.0524440175624865e-4
-2.3385879103010853e-4
-2.647234665868705e-4
-2.9476197724294276e-4
-3.2460006923609616e-4
-3.5529926825360694e-4
-3.87437947342151e-4
-4.224232534036971e-4
-4.651435214804021e-4
-5.224408296978884e-4
-5.979610517096497e-4
-6.937751260757822e-4
-7.988938881258604e-4
-9.049745639824947e-4
-0.0010215228083727498
-0.001162101089949142
-0.0013255046214917204
-0.0014811865873887344
-0.0016273783749214386
-0.0017758320271174255
-0.0019164853298259594
-0.0020581130991402566
-0.0022059682821958344
-0.0024011660822337477
-0.0027070934363899917
-0.003045010595049753
-0.0033503087733242095
-0.0036982068088200907
-0.004215290036361518
-0.00482086042852649
-0.0054196618326680275
-0.0060420159921428275
-0.006633365506552761
-0.007216125979059497
-0.007873035558240527
-0.008587742820535937
-0.00931817922913191
-0.010090668577787211
-0.010665278078970913
-0.011626078457348896
-0.012918553462696
-0.01443153537497388
-0.016273578670385806
-0.0184680809483165
-0.020508837699714025
-0.022410916279949216
-0.024312465939553263
-0.02621742766110028
-0.028216004208013554
-0.030346935976225786
-0.03206319158808807
-0.03357878466058793
-0.036398715144281626
-0.040466400430185054
-0.04493433612507941
-0.04859534462990372
-0.05157649330271015
-0.054208455505601265
-0.05662540193247356
-0.05873246848148638
-0.060971950208045834
-0.06493766457818195
-0.07031522057582236
-0.07569288041396718
-0.08285102382413656
-0.08933658602463178
-0.09548628142694142
-0.10159413718150861
-0.10795642155702222
-0.11413598999759297
-0.12002860013963357
-0.12681661237801484
-0.13563144724168597
-0.14520160899752899
-0.15337665046744686
-0.16148686510907445
-0.17168089282727816
-0.18181258923053412
-0.1907120217775875
-0.2010067571392636
-0.21509144387423032
-0.23381866611935898
-0.25291189084548704
-0.2624102043620773
-0.2718895778457218
-0.2916313415603793
-0.3149867242482637
-0.29748362793376193
-0.30552682342306847
-0.3237614087093023
-0.3447817254648465
-0.35562901315282547
-0.3785492628464374
-0.4017049586181326
-0.42485062305544896
-0.4498375845418872
-0.4751331239703916
-0.4976348200079032
-0.519248204252253
-0.5430436082323833
-0.5658640066797138
-0.5679241372967637
-0.5624754960130688
-0.5579399715572613
-0.5102540969214944
-0.5345836434284111
-0.569781915883876
-0.5867837080733552
-0.6137887377893811
-0.6575837296349851
-0.7006646569016859
-0.7394803022850198
-0.7713716981281288
-0.7960392245124449
-0.8145689215711207
-0.8262744118864158
-0.8355075238108642
-0.8484184593682385
-0.863258168164592
-0.8795318785956906
-0.8968513094490077
-0.9156146017740842
-0.9356587186878323
-0.9516693863540473
-0.9630184199305355
-0.9798782214723374
-1.0041633250289528
-1.0318251743254019
-1.0522430286199804
-1.0662616283023327
-1.0741397841980782
-1.0719078168619884
-1.059065157191642
-1.0402377000875425
-1.013773965682702
-0.9819211722226893
-0.9598499128132326
-0.9333922617684046
-0.8971917775096233
-0.8679626786633907
-0.8558060027871641
-0.8497574415686506
-0.8475667890392853
-0.8527695071398829
-0.8578745863307904
-0.8560989545673648
-0.8509169758995032
-0.8442061221732174
-0.833557024356645
-0.8213847320710239
-0.8112898921271237
-0.797510006199781
-0.7760584281924067
-0.7495982336745839
-0.7153659489196413
-0.6694002033704298
-0.6205723926672575
-0.5986955475470241
-0.6188768613307982
-0.6481910878293297
-0.6664836963377399
-0.6736821349650464
-0.6673813793627701
-0.6495809467528979
-0.6248895134482545
-0.5936113040940145
-0.5600508881132704
-0.5292939772570052
-0.5085631234559291
-0.4985451316377705
-0.49093271702243824
-0.47987654558045917
-0.46458455204863935
-0.4475841519417296
-0.4314928272933921
-0.41477281134061106
-0.3951954805269914
-0.3738314423974033
-0.35335752119330255
-0.3355213634051466
-0.3198193010303329
-0.3050728861179164
-0.2918067307719809
-0.28303907506489245
-0.27773307996604923
-0.2710100832241457
-0.2621115716871842
-0.2507209832770668
-0.23808583758490093
-0.22482561533588977
-0.2116266547619285
-0.19930705272165014
-0.18812190288166963
-0.17795687373536268
-0.16833143964120026
-0.15866228134763385
-0.14866388282545362
-0.13830889471777308
-0.12793836263521774
-0.11823257449760173
-0.10960254608275628
-0.1019579177020183
-0.0950123195584011
-0.08871168908229965
-0.08256713800281221
-0.07637876403756352
-0.07036292393052879
-0.06475677566999942
-0.05968505774267512
-0.05528496184017676
-0.05119651074927745
-0.047528421533278825
-0.044140713621381444
-0.04083113640616135
-0.037639009518205604
-0.034593133543013424
-0.03168188327994641
-0.028943235725486335
-0.026447494803467666
-0.024210849144779816
-0.022240634812127555
-0.02048029141923416
-0.01879906024972415
-0.01713218834154842
-0.015493946593249798
-0.013951956916441334
-0.01259681823655581
-0.011426592136057123
-0.010385776071695909
-0.009498430605873714
-0.00871887739736683
-0.007940848785562612
-0.007178699248856429
-0.006475130036399891
-0.005838067264365643
-0.0052458458274442475
-0.004687131686366144
-0.004182025841658585
-0.0037260459536203414
-0.003313018623490224
-0.0029461617629301454
-0.002619289671878036
-0.0023315126995324276
-0.0020941519005696027
-0.0018995371995915657
-0.0017260583827990608
-0.001562681958864564
-0.0014092078873246584
-0.0012744504272172914
-0.0011625928140821713
-0.0010647624546901522
-9.789190703546062e-4
-9.012798825946183e-4
-8.202527642296626e-4
-7.357304106700698e-4
-6.669335271107294e-4
-6.151363854272356e-4
-5.70060066317493e-4
-5.20814305812264e-4
-4.7186469458841473e-4
-4.2475252367975475e-4
-3.789512497197355e-4
-3.3534465973834274e-4
-2.9400687792875506e-4
-2.549123944935847e-4
-2.2041493606992578e-4
-1.9211445768987093e-4
-1.7078074263159192e-4
-1.5359014996286753e-4
-1.353956751346979e-4
-1.1689032236572621e-4
-1.0053551425834423e-4
-8.73268569076476e-5
-7.650273909547427e-5
-6.727252170802154e-5
-5.9157148193867005e-5
