-9.940274136139966e-6
-1.1846177482619442e-5
-1.4108452396926467e-5
-1.6609953645751017e-5
-1.9145108540011845e-5
-2.156388041577976e-5
-2.406750211934382e-5
-2.7386455329306267e-5
-3.147058596137976e-5
-3.5534777664764604e-5
-3.981150957347423e-5
-4.4341588754244584e-5
-4.896222576214938e-5
-5.405527247030579e-5
-6.108581203286418e-5
-7.162353931443492e-5
-8.305767352774341e-5
-9.353856634834192e-5
-1.0596893952399891e-4
-1.2032760064694208e-4
-1.3539815670040326e-4
-1.5140263345973402e-4
-1.7024731621510824e-4
-1.9148200739802987e-4
-2.1473225323668212e-4
-2.4075773893938643e-4
-2.68948719088779e-4
-2.9771671750454797e-4
-3.2641820620518154e-4
-3.5665488815957326e-4
-3.9089843991091275e-4
-4.2843762649216293e-4
-4.66828747855754e-4
-5.152549041106979e-4
-5.923570067099314e-4
-7.009303165065209e-4
-8.119807879171046e-4
-9.176643457403344e-4
-0.0010334913497711204
-0.0011698809180577376
-0.00131609281771445
-0.0014638878359277954
-0.0016239660194519699
-0.001807126359463745
-0.0019961722804934337
-0.0021823441725025918
-0.0023794342511869967
-0.002591880917496611
-0.002811304696040728
-0.003023441256429687
-0.0032372534611108906
-0.0035031634159305536
-0.0038504909758517937
-0.004251930006303418
-0.004763605881293468
-0.0054280373597702745
-0.0060820908889431475
-0.006639868874463242
-0.007192023606855026
-0.007791298190081073
-0.00834409765970569
-0.008813863458782972
-0.009515893531828162
-0.010571413095322287
-0.012043604237822348
-0.01370735078420678
-0.015409757531102403
-0.01691826275690913
-0.018485035164693568
-0.02049775637844739
-0.022643321189488568
-0.02468593263203542
-0.02644203832403236
-0.028030983184300723
-0.029858424456195076
-0.03222693193493293
-0.03522477619028601
-0.03807126597294028
-0.040299698371537955
-0.04249697915181344
-0.04545226019150681
-0.049070363156054946
-0.052816837380873165
-0.05535530769614095
-0.060034757552046666
-0.06307708395811255
-0.06731885990926186
-0.07460015510423254
-0.08356470477812705
-0.09229658466133063
-0.10078558588212665
-0.10843921334438598
-0.11588931494998767
-0.12341312195523314
-0.13116034144127411
-0.13925797696241
-0.14757471063391445
-0.15695820501900032
-0.16832934341849584
-0.18108464474247393
-0.19472244892978255
-0.20831896494629454
-0.2204882626273727
-0.231115046352003
-0.2343521124834697
-0.24033856578924706
-0.25628897821488617
-0.2665938400457
-0.27543870261206227
-0.28234535374363645
-0.2891190835526871
-0.30653114876760745
-0.322189058280678
-0.3279236824855373
-0.3454850205533111
-0.3609858606253688
-0.374136141668192
-0.3888821580866786
-0.40487855011207535
-0.4202729741917329
-0.43484223680027895
-0.44878735902113015
-0.4629623933717829
-0.4790866229106441
-0.4967346679621663
-0.5186479487531033
-0.5538276229359249
-0.596166908193467
-0.6334196151751218
-0.6595138519363914
-0.6601322081537316
-0.6428643386580155
-0.6660336621977364
-0.6775255908343683
-0.6919847801868934
-0.725356385174695
-0.7547023710212413
-0.7861470006628737
-0.8215802130335805
-0.8502045472807619
-0.8709189943462764
-0.8898563007426292
-0.9061579103340166
-0.9057189080415915
-0.8871905354024023
-0.8915096604832577
-0.9210769375536281
-0.9516774269732764
-0.9783961387880122
-1.0058965621663176
-1.0252605212179293
-1.0337327325874637
-1.0395481577047483
-1.0479177688394898
-1.044640290857978
-1.024197176680922
-0.9992731316770093
-0.9777671494348685
-0.9761415885085504
-0.9806671715000437
-0.9656459553144395
-0.9298105771866315
-0.9021624043001838
-0.9000632036582986
-0.916150326364458
-0.9355762796097774
-0.9503690230068476
-0.967209557412447
-0.9809197059106057
-0.9848811099815399
-0.974278922395996
-0.9426813226132903
-0.9062736486388089
-0.891777435342526
-0.8883028233399209
-0.8805692780383664
-0.8657818119728964
-0.844994389880255
-0.8216833679470815
-0.7998710802902117
-0.7798638976059181
-0.7603465590911732
-0.7392737848651295
-0.7151936305780305
-0.6912363535366615
-0.6756877813634019
-0.6666068241497427
-0.6562949382324299
-0.6387463640956204
-0.616731767678954
-0.5973202433179826
-0.5862227729974295
-0.5800678248310234
-0.5696151221216132
-0.5509190350616561
-0.5273037563757342
-0.5060228715794464
-0.49142287156909004
-0.48152415181989605
-0.4707762457061211
-0.4548628522383695
-0.43638556484374247
-0.417877860831805
-0.40083359789998346
-0.3839874262503218
-0.3650039999921588
-0.34507476901589296
-0.3283598211100485
-0.3141375677074136
-0.2992420036564705
-0.2839366529709726
-0.2693937608113633
-0.2553259636811389
-0.2418921536951312
-0.2288812006672727
-0.21559176399773278
-0.20150926791846663
-0.1875184783134526
-0.17469176735657818
-0.16306133431195188
-0.15204684743513094
-0.1416615605203788
-0.13246463325587024
-0.12409856916833575
-0.11645142981383695
-0.10938292845332986
-0.10203314526938675
-0.09457934344895383
-0.08766355100353988
-0.08135535796540086
-0.07585019610223642
-0.07127044496618368
-0.06654362455583314
-0.06145669134543031
-0.056685453171322134
-0.052504379479790995
-0.04896923266264626
-0.04578524098429195
-0.04265418915198284
-0.03943740954633531
-0.03619191394975283
-0.033028871539166574
-0.030000928505302372
-0.02717633757632374
-0.024622852596349314
-0.02231705820419642
-0.020322094389544163
-0.018601469293843105
-0.01697716712347472
-0.015515601113118999
-0.01428920427754806
-0.01327872966271672
-0.01232766173966046
-0.011304791456324601
-0.010290854789311034
-0.009387490651224665
-0.008580448502460408
-0.007806306104064034
-0.007044206793320397
-0.006293963276205787
-0.005584326987807333
-0.004956672541305971
-0.004421645911011875
-0.0039769927154819085
-0.0036136035989146028
-0.003299599236115657
-0.0029952866219377576
-0.0026976173468809582
-0.0024122831244110378
-0.0021561879169562305
-0.0019391583264074756
-0.0017490146074970743
-0.001571906901418706
-0.0014085435125489646
-0.0012591248412704445
-0.0011161757811967256
-9.797310750538342e-4
-8.581808723663994e-4
-7.528738932118987e-4
-6.600842843655605e-4
-5.847033464308621e-4
-5.238559514292822e-4
-4.652447912426722e-4
-4.153675121959926e-4
-3.6972080909335045e-4
-3.288742093413694e-4
-2.942017843996395e-4
-2.632343692797151e-4
-2.3529124793393515e-4
-2.124649000680948e-4
-1.9387548858082137e-4
-1.736668149977748e-4
-1.552743289701041e-4
-1.389530461793549e-4
-1.2307147876546116e-4
-1.078280412334959e-4
-9.393738830536622e-5
-8.166946777359242e-5
-7.126744373290403e-5
-6.259231125198969e-5
