-1.2403780509729913e-5
-1.4746514659934547e-5
-1.702473901719242e-5
-1.9368698925599255e-5
-2.171858676897352e-5
-2.423526529666911e-5
-2.7382895430702306e-5
-3.1314829751719494e-5
-3.533047333861866e-5
-3.9519812506421775e-5
-4.424350368248774e-5
-4.949209826762043e-5
-5.575290387622205e-5
-6.36681944682666e-5
-7.423464385896443e-5
-8.656193783203507e-5
-9.759651501161498e-5
-1.08214628693193e-4
-1.221872525177786e-4
-1.3842041636228912e-4
-1.5540145930571973e-4
-1.74815729854081e-4
-1.9696610334115605e-4
-2.1956794901401756e-4
-2.446067342029805e-4
-2.736675858888711e-4
-3.0487797129924324e-4
-3.36769180576587e-4
-3.708164503250996e-4
-4.082216019651009e-4
-4.517857676501296e-4
-5.042395934478663e-4
-5.675417848890237e-4
-6.551052300879153e-4
-7.808585531054985e-4
-9.227724397527389e-4
-0.0010490338900892289
-0.0011780037157435202
-0.0013290897559026706
-0.0014971035102713177
-0.0016646469912110324
-0.0018376252647174746
-0.002033743429990913
-0.002245327971847321
-0.002451995024640959
-0.002674737025283081
-0.0029396684153699727
-0.0032352464673755157
-0.003535783474911256
-0.00384504007689623
-0.004208762736778729
-0.004650974130647502
-0.005170545575939142
-0.0057819540570804686
-0.006517127622808791
-0.00728762387580565
-0.007929476996695665
-0.008491651680326185
-0.009138641481543426
-0.009935067380918605
-0.010771253712658095
-0.012005401262644324
-0.013580783583698713
-0.014812549410015025
-0.016855599857559675
-0.018936980999383624
-0.02106456628307444
-0.023061828174733595
-0.02523728957517078
-0.027795022520301686
-0.03026612767259074
-0.03257741455391013
-0.03510804587474822
-0.03970989334837943
-0.04869602692173174
-0.042147249775400075
-0.045309009903329055
-0.04857741119185445
-0.05160575978427149
-0.05521751341470166
-0.059945389258079414
-0.06522323427618368
-0.07110612641890214
-0.07801496021055733
-0.08069674067002322
-0.08196167884322221
-0.09059880782584717
-0.10006248598609602
-0.1126832147387522
-0.12686740582691036
-0.13999554776848455
-0.1503311790055748
-0.15857935758603403
-0.16550533182302293
-0.17223066080113847
-0.18067087431242765
-0.1909725542305307
-0.2014053061500611
-0.21124861663356023
-0.22049912887621084
-0.22975293438152422
-0.2401872549010438
-0.25317958850009714
-0.2703140395904521
-0.2897724725103133
-0.2876157465328589
-0.2984795483745031
-0.3086289153775294
-0.31938177611153
-0.33266430468834574
-0.34474586605023677
-0.36463250587414275
-0.385267658382879
-0.38980702789058347
-0.4009392167781722
-0.4158975989590968
-0.43024339638882575
-0.4468368354194456
-0.46736969477173756
-0.48949387426530067
-0.5102767329678635
-0.5296916700242924
-0.5509720352667888
-0.5767150761794885
-0.6049177470174191
-0.6344602447203047
-0.6775904094384878
-0.7289696719588747
-0.7786808460182953
-0.8245660886420841
-0.866332134883583
-0.8781006288195098
-0.877708549329603
-0.8840378891097936
-0.8966989722688393
-0.9225919988489271
-0.9467176130973163
-0.9726429151136785
-1.0111255290723151
-1.050913644786252
-1.0904840137067755
-1.1270751284122438
-1.1562986177424752
-1.1678988796373682
-1.1544313184377895
-1.1476364233650154
-1.1705098256776234
-1.1937738716370048
-1.202436228879058
-1.2167567906063206
-1.2397173388672034
-1.2592631771164746
-1.2792735526459558
-1.2999933008189257
-1.3138939523385784
-1.3207462043673097
-1.3216875159583286
-1.3183628800871068
-1.3203951614558986
-1.3221822363181113
-1.3064631025311497
-1.27409188821558
-1.2441058814744057
-1.2293382980912466
-1.2286958237386647
-1.2349804462729264
-1.2372215493843077
-1.2370339213654986
-1.2338731791036976
-1.2292768741744275
-1.2236567496840345
-1.209044640968038
-1.1829172860536856
-1.1606408383715439
-1.1463102941899201
-1.1314351223965444
-1.1155470844075035
-1.1002598652224378
-1.0849613556830118
-1.0685450353216315
-1.0481155238272344
-1.0253955713379572
-1.0012733187221465
-0.9731658531082701
-0.9386983699006771
-0.9044126744304312
-0.8761384606199942
-0.8526997003757363
-0.8289156432187238
-0.8040316796649968
-0.7812711426249364
-0.7620147984162493
-0.7451971599261529
-0.7270818779398406
-0.7060256609406029
-0.6826503442528378
-0.6580218429307844
-0.6343160419575553
-0.6122338926217223
-0.5897442127487673
-0.5646177834120889
-0.5394706763590172
-0.5164911551130423
-0.4964331063410132
-0.47796015607501013
-0.4589071792408067
-0.43820783912284805
-0.41699191236457844
-0.3968178261422424
-0.3779227427390816
-0.3601017321045615
-0.3427470698223922
-0.3249966729100431
-0.30696866392796845
-0.289440550258884
-0.2727284412043666
-0.2564271162436325
-0.2407454710384208
-0.22603214655881082
-0.21209554456312912
-0.19855073722364144
-0.18553765640433184
-0.1735912745878708
-0.1625279379819582
-0.1523553827372922
-0.14271859443274468
-0.13303997198101825
-0.12380264711442245
-0.11542726505938182
-0.10745831656246353
-0.09973118982803472
-0.09274835207329751
-0.08597777969748105
-0.0796165958186064
-0.0737973279123046
-0.0683906398994202
-0.06350320283235755
-0.05902776197577726
-0.05482176358590556
-0.050752641539175976
-0.04673906963160311
-0.04281036248729823
-0.039045158032387735
-0.03554173269072726
-0.03240931287728691
-0.029631169748905534
-0.02716986011995867
-0.024941650461472023
-0.022812625349516506
-0.020880332879553418
-0.019245617956108945
-0.01780259794840667
-0.016355453092976657
-0.014896776530419072
-0.013559550920814312
-0.012402690426333665
-0.011364705490110556
-0.010369501384316518
-0.009390095698994431
-0.008434495239876704
-0.007541025979617774
-0.006758039895431568
-0.006085738278434792
-0.0055107030632351554
-0.005020473660751284
-0.004584987108021588
-0.00416858915870307
-0.0037652521026579713
-0.0033812398127260166
-0.003035068905417155
-0.002732982120888185
-0.0024636078731164945
-0.002216234538627756
-0.0019899986003488307
-0.0017842848024612157
-0.0015912887008591153
-0.0014108774630923315
-0.0012545035128110878
-0.0011199001813255048
-9.97105140533934e-4
-8.891110002091678e-4
-7.91611521242367e-4
-7.067940705938296e-4
-6.325934634498829e-4
-5.64829014690782e-4
-5.043535369863734e-4
-4.494732675600369e-4
-3.9975745981021604e-4
-3.5474982564949524e-4
-3.1475750003728874e-4
-2.7985544510040366e-4
-2.486219866984984e-4
-2.2187997520318998e-4
-1.9767066114643084e-4
-1.7447646215526598e-4
-1.5275567231728997e-4
-1.3332943390294158e-4
-1.1648377842224626e-4
-1.0208925704125416e-4
-8.98716124423012e-5
