1.3938398538039725e-6
1.482988031980806e-6
1.7561660527259666e-6
2.0011518479393226e-6
2.1340078696323316e-6
2.4547785639694072e-6
2.8201343304289723e-6
2.9663160948788378e-6
3.2997565456716416e-6
3.931451467332963e-6
4.354340488720393e-6
4.769569994590398e-6
5.5868328028888635e-6
6.338824362157481e-6
7.038737045402762e-6
8.321225524625527e-6
9.658579524430092e-6
1.0581452886743726e-5
1.203497120589164e-5
1.4046123308740542e-5
1.577768954420075e-5
1.796976266876632e-5
2.0948723072734805e-5
2.354559564826493e-5
2.6466328551355847e-5
3.063636073505996e-5
3.4223004092469576e-5
3.751806851035263e-5
4.322931650499033e-5
4.978248794075407e-5
5.5575961153660584e-5
6.375228421365391e-5
7.250415553854404e-5
7.674569968491593e-5
8.242445126594438e-5
9.626204964866149e-5
1.1127730278855073e-4
1.2437790936236162e-4
1.4271018230631107e-4
1.608190519848135e-4
1.6875495277247e-4
1.7773452456207686e-4
2.0005419044000358e-4
2.2707800859272419e-4
2.5176350077110097e-4
2.7694827009017533e-4
2.987718991427596e-4
3.1761527980241e-4
3.4669229694744104e-4
3.8847479354687034e-4
4.294559550920384e-4
4.5680698197113974e-4
4.668691990552655e-4
4.7951262575356054e-4
5.272475745418914e-4
6.02899304835693e-4
6.651055778441264e-4
7.003239652293579e-4
7.195614302342256e-4
7.301751575139817e-4
7.481621293021876e-4
7.683269753234811e-4
7.555197168398489e-4
7.404555111414644e-4
7.944358237834554e-4
8.779881740893854e-4
9.206038034810733e-4
9.77835834467589e-4
0.0010820877027311877
0.0011358026579772484
0.0011154347680356537
0.0011024125112386114
0.001109900656528191
0.0011476972937906232
0.0012590319853806814
0.0013509869742834957
0.0013319753257856658
0.0013284369798616511
0.0014302289847510864
0.001579443727775703
0.00184749277004895
0.0022646467890302304
0.002572877593598638
0.0027038277792502123
0.0029494247673854377
0.0033732017128518025
0.0038476461818695205
0.004495826900226817
0.005294388023812466
0.005864230134412358
0.006126169238829221
0.006308936937058323
0.006462208429029575
0.006778736679573427
0.007658222485986466
0.008971612783199715
0.010135338311962498
0.01074153225852074
0.010668695940436379
0.010438807512729483
0.01111233900335697
0.012832183457366772
0.014867852885466862
0.0172854569553481
0.020034678385097846
0.02158687629907947
0.021549938103353674
0.021918158392385895
0.023494531932594622
0.02530663519879787
0.02788712660705186
0.03192407862482084
0.03546552346763657
0.03716575335163086
0.038676141834374414
0.04118475922784062
0.04416693473268743
0.04735027624962542
0.04997071586737884
0.05102045538746866
0.05184177180898479
0.05384314138631038
0.05548958559149976
0.05629721147097086
0.058653469825650756
0.06256706793306827
0.06568723085563845
0.06873075846770411
0.07390373675337139
0.08050770087801903
0.08659077269672871
0.09073603534778076
0.09186990411485635
0.09157209318938814
0.09324981596312523
0.09710707823870988
0.10126263246394443
0.10550921533131791
0.10870494252443828
0.10886652091654186
0.10841104634689477
0.11051562302582921
0.11252836543005734
0.11187664412225846
0.11150567703727943
0.11323564086380258
0.11540053448507703
0.11799727940902113
0.12065183971784593
0.12086742926152251
0.1207161949277904
0.1244583201214394
0.1284197503603874
0.12723781802043924
0.12533421613727075
0.12788171411579838
0.13009832260033916
0.12765960657253522
0.1253510670374344
0.12668616500827581
0.12751274371975108
0.12540817633371076
0.12452547882293012
0.1272456944928908
0.12920463859084058
0.12662295463037146
0.1228253543607451
0.12210740959106883
0.12186266938097881
0.1182016463677327
0.11449597694841451
0.11533615161859932
0.11721634288604024
0.11405070148957883
0.10673834779003322
0.1004381153241006
0.0968179616691973
0.09322361836611667
0.0874275008207174
0.08145611381643603
0.07906680844192479
0.07932480625424063
0.07784499861642016
0.0744605844871914
0.07188140563751973
0.06867771607973444
0.06281214367147324
0.05767680731067378
0.0560269226695461
0.054654370403798426
0.05113158356911915
0.04755011274660094
0.04471500088427343
0.040981666055336874
0.036906592106569595
0.03445376380196568
0.033499653045934545
0.032804230566679055
0.031585155049639366
0.0293436849758611
0.026669333752502414
0.02481666791816692
0.02333388146344064
0.02090767021123753
0.018178270259020093
0.016542204927572274
0.015645713023412236
0.014652418447833422
0.01388751738015467
0.013571446885561576
0.013073374779596202
0.012206063805950679
0.011540691329844087
0.011308235252391089
0.011183564637343277
0.010974750607663421
0.010747756770782085
0.010480577732630546
0.010102132272635806
0.009715217837992387
0.009431013130274743
0.009188839323757754
0.009005241603643499
0.009015351585445096
0.009061619411852139
0.008821110458398356
0.008415132596568826
0.008193364237558745
0.008054246025292406
0.0076979563470279365
0.007227383259164538
0.006906619217930386
0.006723013350971657
0.006520655944678734
0.00621397770007665
0.0058218671842178915
0.0054863137300428366
0.005290534297463633
0.005085840925325013
0.004760907432917834
0.004449448649948009
0.004239792594311136
0.004032796729933438
0.0037953121583121567
0.0035873998839883415
0.0033800004084909414
0.003130405447176801
0.0028858632314622016
0.0026697370807774205
0.0024619761466681185
0.002288151473633744
0.002152528028902174
0.001990589027277109
0.0017927914894950003
0.0016235886928231845
0.001497076830810256
0.0013772006235956158
0.0012587593274217125
0.0011496857357534917
0.0010433939034013926
9.483456599941361e-4
8.767778861410402e-4
8.138448953715152e-4
7.456056614427956e-4
6.801629301620776e-4
6.200118403371193e-4
5.581347678071326e-4
5.010256697800949e-4
4.577128913074812e-4
4.1941377625311207e-4
3.761725222207379e-4
3.343503341771736e-4
3.008477998729788e-4
2.7037425020974744e-4
2.3986890222511695e-4
2.1599241624509587e-4
1.9989517037787287e-4
1.8311677639608107e-4
1.6326307923659897e-4
1.4565495610911828e-4
1.299881154599293e-4
1.1276087287852109e-4
9.722405494355583e-5
8.664911017135806e-5
7.753645507909538e-5
6.79268967683266e-5
6.023175374293505e-5
5.3805045217537225e-5
4.6384956768074335e-5
3.966878606041758e-5
3.518937754294027e-5
3.1073418360901076e-5
2.659855933868718e-5
2.3009522126355006e-5
2.0103038800746514e-5
1.7212129221222048e-5
1.4848143430361096e-5
1.2973261668153771e-5
1.0979487689215966e-5
9.222935917433037e-6
