-1.4464923634525961e-6
-1.3277038668873867e-6
-1.4575214393024388e-6
-1.8217461822368887e-6
-1.7615151920156286e-6
-1.7466010239484719e-6
-2.2275336331640773e-6
-2.4040010725603994e-6
-2.405602562483473e-6
-3.072301847315431e-6
-3.535636261288145e-6
-3.389160753824423e-6
-4.095623909225212e-6
-5.222213999968038e-6
-5.2816979217260505e-6
-5.736115001026523e-6
-7.350496969506264e-6
-7.98496318327025e-6
-8.369118203493918e-6
-1.0612891821188361e-5
-1.2325602175156833e-5
-1.2492351270423537e-5
-1.4616572575814522e-5
-1.779766058428363e-5
-1.8852612361114285e-5
-2.093441764327438e-5
-2.5485599508785904e-5
-2.8302675916149214e-5
-3.115954509713947e-5
-3.744148529389988e-5
-4.209241683985971e-5
-4.481257184820455e-5
-5.221986364737534e-5
-6.018445275372951e-5
-6.477671242699552e-5
-7.599632331023385e-5
-9.267349467095815e-5
-1.0125839788409744e-4
-1.0808565110891505e-4
-1.231616035848747e-4
-1.372013910959566e-4
-1.5545188410400547e-4
-1.9153089202695561e-4
-2.2129602459810215e-4
-2.289687175686945e-4
-2.5136100404665447e-4
-2.9913978874406574e-4
-3.3985403087601773e-4
-3.8571902461745643e-4
-4.543035429564781e-4
-5.01301266718603e-4
-5.312423337241888e-4
-6.171157442774672e-4
-7.296864262548891e-4
-7.805578903791484e-4
-8.156055334711227e-4
-9.221132877561598e-4
-0.0010734404779340794
-0.0012316794174778024
-0.0014010405316065586
-0.0015719605011820898
-0.001799601692590214
-0.0021378128104995965
-0.002433411072191402
-0.002568827848910311
-0.00274427728714075
-0.003061702060920242
-0.003286426794336609
-0.0034153475880467094
-0.0037708334005813636
-0.004348681356788619
-0.004878351743118787
-0.005372338288504158
-0.005922199585407456
-0.0064598532096634634
-0.007075003808207691
-0.007827845553770191
-0.008423676252479998
-0.008829952009300932
-0.009438980255606595
-0.010118128200473026
-0.010421278171572509
-0.010786179704370139
-0.01185494703281908
-0.013063721061268515
-0.01357204939373654
-0.013706721803360626
-0.01416047654096425
-0.01490040830534997
-0.01569755016025871
-0.016672369587813315
-0.01798282416644554
-0.01954786153829356
-0.02093485953300182
-0.02161170694881956
-0.021796686247331346
-0.02247871261001854
-0.024213275329899392
-0.026764317993181803
-0.02968750805225554
-0.03205782193892249
-0.03255147537325967
-0.031295708984927846
-0.030359624449642707
-0.031086234085614894
-0.032607716555234784
-0.03405179939102532
-0.0359684148543241
-0.03830187198970995
-0.03945264382594103
-0.03904397659536912
-0.03920551312982523
-0.04128723393330108
-0.04378424605496193
-0.045188075334786706
-0.04602808016568646
-0.04676063299435904
-0.04695545921318536
-0.047359340340753675
-0.049299319430413685
-0.0520992076212259
-0.05421288655580229
-0.05575759712829013
-0.05746310199969049
-0.05906173313006213
-0.0601528386404546
-0.06068649015096462
-0.060594026833939885
-0.060225178871315434
-0.059835434855184104
-0.0588912306177628
-0.05813767962928652
-0.060000814763555864
-0.06415134290794831
-0.06669623259826814
-0.06603569630220517
-0.064561649649206
-0.06402195298392631
-0.06457394024424203
-0.06688014282990287
-0.07017840900864185
-0.07161218539341394
-0.07104653307577992
-0.07181764834162323
-0.07484214765167876
-0.07741365266618068
-0.07840396521790559
-0.07947698953161687
-0.0811026364388413
-0.0814738514692362
-0.0797858574978992
-0.0780620374696781
-0.07843708983717992
-0.07979581343629585
-0.07954188586197423
-0.07824502539480795
-0.07894907625971315
-0.08212553021983555
-0.0853648033187797
-0.08733766155569615
-0.0881385489417873
-0.08715507421138492
-0.0841283214258542
-0.0809653678226529
-0.08013771890183534
-0.08196632885802262
-0.08429718861328821
-0.0849824911098163
-0.08461685398131345
-0.08513442885450306
-0.08568157847987765
-0.08381319992280495
-0.08097659474717425
-0.08120747698857497
-0.08425245242012992
-0.08623775073787829
-0.08659033597739436
-0.08776404221166943
-0.08929871677589926
-0.08862227203514082
-0.08645365025062929
-0.08564758870771373
-0.08607609346770871
-0.08569643806103469
-0.08511387891028237
-0.08620348181810668
-0.087576992050467
-0.08630835581423826
-0.08330073382912473
-0.082329117015378
-0.08422545531732227
-0.08605043646721627
-0.08570073712218641
-0.08397818089640491
-0.08222783184154366
-0.08044825256154937
-0.0780686780900487
-0.07524861399663703
-0.07269332128868002
-0.07045041685456585
-0.06782896333881745
-0.06481238011589736
-0.06241976025090297
-0.06127466715729623
-0.06093474037303053
-0.06059117284690759
-0.059414741659039975
-0.056896874517874764
-0.05373555458012224
-0.05136137822909766
-0.0500824389871452
-0.048758625490884486
-0.04638264818043286
-0.04318649513037745
-0.040293955222399654
-0.03842997917406138
-0.036945317116169905
-0.0348064270637741
-0.0323081146673157
-0.03039507542476448
-0.028871710342863698
-0.026995354963987625
-0.02492709151178637
-0.02312238414173226
-0.02147291588553075
-0.019905041294536067
-0.01854246595367269
-0.017171257258940194
-0.015662574124787977
-0.014379597867045412
-0.013441428378678752
-0.012498310848216825
-0.011453451350912388
-0.010486814215656753
-0.00962156166289532
-0.008878339535087163
-0.008288163545469587
-0.007631760125984945
-0.00682989484963823
-0.006225256837278187
-0.005933000586404761
-0.005602061926229085
-0.005091215697682956
-0.004598757183949021
-0.004173021009106367
-0.0037626373957936545
-0.0034510806564843842
-0.003230964769035965
-0.002962662284327524
-0.002665165331673229
-0.0024453878067969928
-0.002264825401517775
-0.0020618349785945134
-0.0018707635931651614
-0.0017035401281151905
-0.001540730518755532
-0.0014050247977769467
-0.001299124658869197
-0.0011893513231526467
-0.001084697016890912
-0.0010049495836198386
-9.246340958363576e-4
-8.29117106226227e-4
-7.369165225252758e-4
-6.561864731069761e-4
-5.92544141346755e-4
-5.528081560435187e-4
-5.153191256404303e-4
-4.6387427926133934e-4
-4.1977876153902026e-4
-3.8897017536689243e-4
-3.4987219712506154e-4
-3.0790236052698216e-4
-2.8047553620357565e-4
-2.553989854527916e-4
-2.2513006481334982e-4
-2.0492300433648335e-4
-1.9205499456071846e-4
-1.7168750563817175e-4
-1.5137772967078862e-4
-1.395366627760476e-4
-1.267738920113195e-4
-1.1233511268833651e-4
-1.0429029171209074e-4
-9.69299744605081e-5
-8.418030891819378e-5
-7.340047476256498e-5
-6.746420326216547e-5
-6.114267254662033e-5
-5.5187302827190955e-5
-5.142845117388854e-5
-4.643847751862194e-5
-4.0651440523692334e-5
-3.73569229325442e-5
-3.447580037737948e-5
-3.023360300960149e-5
-2.7140053878209993e-5
-2.5043511153010527e-5
-2.1960221262277197e-5
-1.934405465247946e-5
