1.3046152165453106e-6
1.3171034157856377e-6
1.8022334573470756e-6
2.0205062797241077e-6
1.8774869300232835e-6
2.3515930085293703e-6
2.983730805911774e-6
3.0258622326907722e-6
3.5086865533384454e-6
4.491314104061231e-6
4.6490386513250874e-6
4.778168587169781e-6
5.879558796608195e-6
6.6240521405628545e-6
7.2622528674844335e-6
9.2363593937192e-6
1.0757990882766825e-5
1.1091203240891686e-5
1.3031467175815526e-5
1.572860392801296e-5
1.6830387150442584e-5
1.9371647297792686e-5
2.334686971716819e-5
2.3605152828021084e-5
2.4064004968820852e-5
3.1294435181937526e-5
3.7897179955596465e-5
3.813144669304843e-5
4.1080313883850206e-5
4.9332029797126905e-5
5.545458843331645e-5
6.17229575179883e-5
7.090256752259647e-5
7.707764314055349e-5
8.47402767462207e-5
9.994309106719323e-5
1.1036809337227568e-4
1.1405665119740006e-4
1.2741753799927222e-4
1.4330698246215807e-4
1.4793362511175988e-4
1.6362789187770253e-4
2.01000085515361e-4
2.2686904806745462e-4
2.3171507457742555e-4
2.4064334141069604e-4
2.5480313140542404e-4
2.731076305945196e-4
3.1397020433105273e-4
3.5598268432970523e-4
3.6125354513265534e-4
3.556692327374793e-4
3.7379426196480986e-4
3.9882061707974216e-4
4.3029088300451445e-4
4.807681596742926e-4
5.055597592135867e-4
4.760126189341475e-4
4.4308345510008575e-4
4.389182316295571e-4
4.4798754963885337e-4
4.725583394717749e-4
5.005678475314483e-4
5.058999195281725e-4
5.218852904682172e-4
5.583873962715911e-4
5.437642602153524e-4
4.972628692356648e-4
5.267360077481022e-4
6.014638708992608e-4
6.3302534808776e-4
6.739033604054144e-4
7.533627057249059e-4
7.938038807505528e-4
8.440012548586566e-4
0.001008256810820945
0.0011979226115603429
0.0013519651051738738
0.0016336309801872517
0.0020942833154223876
0.002539223981797292
0.0028663564323785674
0.003137501108642708
0.0033859396119945606
0.003679003580844435
0.004175038679563103
0.0049180464008513666
0.0057527674039147565
0.006518765455550669
0.007265155280258725
0.008186435691880387
0.009226013101505837
0.010038117669342546
0.010683278289376876
0.011744846612559092
0.01329020032733891
0.014680490777364132
0.015780821921170352
0.017075823065314293
0.018543448921948567
0.019924077349239032
0.02166296643823833
0.024014701306737263
0.02618792310829613
0.027786276144452463
0.029598829086106233
0.03184271140863593
0.03348673893604098
0.03416321880964507
0.03499870594513553
0.03713904369417274
0.040667652363592384
0.04477831818375678
0.04844085041144528
0.05138133919516314
0.054027462478406424
0.05618933221689204
0.05754005250926047
0.05928279233875225
0.062433815267479285
0.0655337667123704
0.06763054979737192
0.0707765802041218
0.07579792255698847
0.0801274039027342
0.08278767372677792
0.08530082627087661
0.0866956088823505
0.08538143698190626
0.08458879310129082
0.08777132804071697
0.09259499505655545
0.09663273454521512
0.10212818444452094
0.10933326753741968
0.11376795217322262
0.11423305070208163
0.11504542905505459
0.1183970776318179
0.12180999039163751
0.12328837156951193
0.12351299647085977
0.12365797774922117
0.12435612972536758
0.12587970611094051
0.12765670548171737
0.12839029115883901
0.12764115278321056
0.1266948323867528
0.12687263894480919
0.1278876664806938
0.129085005997859
0.130353646532248
0.1306854162252992
0.12923131108089864
0.12793824687160302
0.12851685132558924
0.12873263704755178
0.12677186609180244
0.12465922709918166
0.1231691277874055
0.12046361019698175
0.11766189208136876
0.11727471944426052
0.11746027489075303
0.11593099781309972
0.11482646313349204
0.11547069957519178
0.11503365307762368
0.11159498554756832
0.10619923751631699
0.10061118537023814
0.09705611893485037
0.09609964617130813
0.094236509455271
0.08914627550093292
0.0838262631093563
0.08035944179807573
0.07643640503153173
0.07137017019907434
0.06732535021108503
0.06400458694734147
0.05955511694151033
0.054585242987784166
0.05019126256660324
0.04585726228990574
0.041431462107754245
0.03733770497398783
0.03348388377219199
0.030255299140393536
0.0280064112843456
0.02554556722071966
0.022269826153968372
0.019614526523315974
0.017965284533795842
0.01585818414364673
0.013269891481525114
0.011585296579736469
0.010765265722567021
0.009948059500702426
0.009235318432363067
0.008770943965632749
0.008150305272507147
0.007500407060548442
0.007276755190662843
0.007299466693965705
0.007253289885075258
0.00731150868408209
0.007654223166878825
0.008155409083433485
0.00863523388308942
0.008976913013274392
0.009176526065731072
0.00937304886650128
0.009650465670708359
0.009944739130015942
0.010195728153346628
0.010394337766661857
0.010529554086190607
0.01060509659234913
0.010641864064953934
0.010662497237722984
0.010684885131094874
0.010676550933645373
0.010578131006410162
0.010397524382561363
0.010182532796460773
0.009943610853973639
0.009668515782268296
0.009334801429756094
0.008940015479876887
0.008563120690270879
0.008258997433274802
0.007945120588692822
0.007567390268145425
0.007199296861432587
0.006857972812401561
0.0064933493722365105
0.00614750900235133
0.005848354585272992
0.005514155900251563
0.005149934473958488
0.0048539054928828105
0.004593858135064318
0.004286898752957004
0.003981725346815005
0.0037254102879270634
0.0034700431353096007
0.0032112277451434887
0.002984021847578722
0.00276473497894736
0.002542916385648849
0.0023517134455443576
0.002177044633973148
0.001995449693964944
0.0018374932168501628
0.0017052919921183164
0.0015612090064572597
0.0014183883118154784
0.0013032024294322138
0.0011929640500554207
0.0010811613430228646
9.914504885275984e-4
9.109463616826412e-4
8.200774368695627e-4
7.381793985647602e-4
6.721639672914157e-4
6.046859100513541e-4
5.416326708959432e-4
4.922715906486496e-4
4.427707521853103e-4
3.925891467290575e-4
3.541773282672534e-4
3.190356624567424e-4
2.7988731108402094e-4
2.4889662867549526e-4
2.2598068244239318e-4
1.99925025219439e-4
1.7564082762565794e-4
1.58426150169057e-4
1.4050996365745598e-4
1.2214467086741707e-4
1.0937677776022849e-4
9.698768489558515e-5
8.198954676169072e-5
7.110131015674685e-5
6.369592441370848e-5
5.437650314162068e-5
4.6210454121817997e-5
4.134785968163518e-5
3.550388335762159e-5
2.9149376087118457e-5
2.554886731561206e-5
2.2338154850071935e-5
1.8015989995450695e-5
1.5232058520280362e-5
1.351485225396127e-5
1.083643875391745e-5
8.708596743439871e-6
7.82978395379954e-6
