-1.0441628567752137e-6
-1.2000724390290312e-6
-1.2578796445841227e-6
-1.295556028374971e-6
-1.4536672591014247e-6
-1.638237913777361e-6
-1.8064814467350453e-6
-2.0082647876187205e-6
-2.144683138519247e-6
-2.253983487094333e-6
-2.536474861125218e-6
-2.929381062667261e-6
-3.4250020833888557e-6
-4.180954959371496e-6
-4.804351801921797e-6
-4.99914666149737e-6
-5.498796248248649e-6
-6.540241497535659e-6
-7.319164048859889e-6
-8.138951033059376e-6
-9.671478018068479e-6
-1.0715142021686549e-5
-1.1008962430356319e-5
-1.3034178248310727e-5
-1.6980439355451326e-5
-1.959497978285995e-5
-2.0451033761137686e-5
-2.2589155852002412e-5
-2.7013713244220372e-5
-3.2359595266644875e-5
-3.768962154969607e-5
-4.264617098679482e-5
-4.775986308638036e-5
-5.406557269460615e-5
-6.135501110584439e-5
-6.969044559277109e-5
-8.002448670906315e-5
-9.156555026640545e-5
-1.0504811142271243e-4
-1.2471907660164841e-4
-1.4821737285268682e-4
-1.6624076861190232e-4
-1.7930767899343032e-4
-1.9747985189680706e-4
-2.2524942862608147e-4
-2.651084865249724e-4
-3.1961904122703236e-4
-3.7422976909893413e-4
-4.076154451276658e-4
-4.301131420774366e-4
-4.800267967943078e-4
-5.752455360232025e-4
-6.888103759435401e-4
-7.799275176831702e-4
-8.48453702454216e-4
-9.369989179006717e-4
-0.0010660595531356073
-0.001223003693297903
-0.0014214539557905364
-0.0016638730997287124
-0.0018752469354562018
-0.002027819436011662
-0.0022269465087767326
-0.002505857849643281
-0.0027538813541133854
-0.0029836444841347216
-0.0033251344552665215
-0.0036945351508836707
-0.0038946817821464866
-0.003993743353020869
-0.004201260678703135
-0.004565487306512628
-0.0050784596425607325
-0.00575169942621602
-0.00645680959668593
-0.007014433617141234
-0.0073861487287561695
-0.007632246195776555
-0.007910369915339782
-0.008389235646421418
-0.008932515918998131
-0.009347761698645679
-0.009923188232878995
-0.010841661213612956
-0.011525575303935276
-0.011701873119360969
-0.012107082290030824
-0.013013493136618965
-0.013622851150949097
-0.013740266448278656
-0.014138157328629745
-0.01501960416527513
-0.015969994297948563
-0.016870381293927737
-0.017490950921608787
-0.017560095265547915
-0.01780146312577722
-0.01899202926161051
-0.020422059194947856
-0.02120308071026329
-0.02164455756345982
-0.02196874362907456
-0.02192689465668863
-0.022091962036372752
-0.02300169949312793
-0.023888017766529542
-0.02443168521283742
-0.025538102295681434
-0.026942684688025458
-0.027273411482296134
-0.02690070212823245
-0.027226447923294653
-0.02799535309071416
-0.028541312446545015
-0.029734648052681577
-0.03205659517288364
-0.03418961947610319
-0.035223666023202004
-0.03595983802794647
-0.03732532014326381
-0.03919054853721682
-0.04077120073156304
-0.041453819546099474
-0.04143647130806392
-0.041338628956149016
-0.041362510285088444
-0.04193156664225585
-0.04412564128096417
-0.047644516500760875
-0.05012767502783633
-0.0505124329744386
-0.05062021403038238
-0.0517087613587045
-0.05252404144449794
-0.05229419674656906
-0.052591587823896564
-0.05482873890462046
-0.05815582807048565
-0.06069226291320986
-0.06142424992603445
-0.06071155081613258
-0.05999644117463984
-0.060860511345963694
-0.06336086194996697
-0.06571076703709193
-0.06689205339044382
-0.06862366008978331
-0.0724522068014105
-0.07629757462207337
-0.07742865607648047
-0.07719888922276945
-0.07851374783998571
-0.08077952375104652
-0.0819461453103844
-0.08274403078046082
-0.08459340347837238
-0.08653165733741269
-0.08751720372015052
-0.08848912070890079
-0.09035722824312721
-0.09279622524972049
-0.09501029089461985
-0.09580528714309061
-0.09470309647785805
-0.0936274457993401
-0.0944788165189998
-0.09592742262555724
-0.09612532942766883
-0.09611710345187902
-0.0971627377843971
-0.0983559569466379
-0.0994658285074041
-0.10173112602892612
-0.10452060790928556
-0.10577731620099293
-0.10575426543849471
-0.10622170660939831
-0.10723381815743091
-0.10785357085863798
-0.10804224231839238
-0.10807288334479377
-0.10847097230051866
-0.11042648180725913
-0.11349632420115638
-0.11471561029094736
-0.11306199424883243
-0.11179313482620941
-0.11326502466364317
-0.11517254083293378
-0.11480029404311509
-0.11298610438585424
-0.1114104132958125
-0.10981575734688707
-0.10782173522951731
-0.10621401432596361
-0.10523151224152119
-0.10396536820945308
-0.10177172316212367
-0.09877773339736425
-0.09546228103633168
-0.09248723057528355
-0.09006301742043187
-0.08743979107667715
-0.08396517887771944
-0.08007902842488808
-0.07649717177132875
-0.07329129344689231
-0.07012831365138737
-0.06654794916409974
-0.06226324571881585
-0.05788067393767271
-0.0544762780753714
-0.0520173717617831
-0.04939318513084496
-0.04613360634005618
-0.04283437502271152
-0.04001644219675341
-0.037613350070449594
-0.03530618599085853
-0.03279090923892928
-0.03009395294867569
-0.027665704102147578
-0.025737003310378457
-0.023970098944726802
-0.022146668053855893
-0.020543677783134474
-0.019268682294600565
-0.017950711055704758
-0.01639804611984287
-0.014921131962503857
-0.013772100152385365
-0.01279581379284947
-0.011819853387013413
-0.0109293640929749
-0.010164770880853982
-0.009362981077786823
-0.008495749544790288
-0.007768320597697332
-0.0072294208524750015
-0.006695863736435157
-0.006124894923827202
-0.005626028287748316
-0.005158028297117136
-0.004641006102556727
-0.004200156922555654
-0.003930851781427255
-0.003683778213994085
-0.003350329209080104
-0.0030440681644234666
-0.002838234776139593
-0.0026394971018219764
-0.0023963109974547104
-0.0021739588865066005
-0.0020077310184785043
-0.0018541049582003941
-0.0016784855039796507
-0.0015032643921540395
-0.0013688540508481066
-0.0012715431236826427
-0.001166972005964395
-0.0010433635317507951
-9.365897641190594e-4
-8.605355253808548e-4
-7.918908762447302e-4
-7.222138245514205e-4
-6.605324025943517e-4
-6.047887935942221e-4
-5.534256635088297e-4
-5.113350017737496e-4
-4.709002979966433e-4
-4.242932499986633e-4
-3.8271041778789534e-4
-3.541110701814484e-4
-3.281171976397822e-4
-2.978323764183717e-4
-2.6832973132355216e-4
-2.4273431161851852e-4
-2.2029680901078637e-4
-2.0044576473664887e-4
-1.8113267294173126e-4
-1.6259798678771605e-4
-1.4852549489630413e-4
-1.3778896909051933e-4
-1.2581990974674785e-4
-1.1341956092353694e-4
-1.031849513707965e-4
-9.375802557670752e-5
-8.457627687325105e-5
-7.720237323234879e-5
-7.072729120390438e-5
-6.376072516507596e-5
-5.738858461158811e-5
-5.19527573107886e-5
-4.659332476963755e-5
-4.190321854098088e-5
-3.8187352264488886e-5
-3.436056906901894e-5
-3.067345673876485e-5
-2.8063006477735346e-5
-2.5723920021832583e-5
