9.259376194624477e-7
8.842466993915133e-7
1.2961776396977524e-6
1.362026944110484e-6
1.409907503515567e-6
2.0601005465042998e-6
2.322978759576947e-6
2.1491971340531323e-6
2.8299823841188633e-6
3.5262254029915218e-6
3.316207181337652e-6
4.006005323113479e-6
5.552986116987643e-6
5.692355017157408e-6
5.782834058444975e-6
7.606932085930828e-6
8.754628010547413e-6
9.142050441962729e-6
1.1562945980956961e-5
1.3831331614845532e-5
1.401725063120511e-5
1.6306755954321188e-5
2.069907496953998e-5
2.2678552342294486e-5
2.5038680108296852e-5
3.065724092691825e-5
3.44985306409968e-5
3.734530029951196e-5
4.512189533499277e-5
5.322303356366692e-5
5.74030075008541e-5
6.448565671777856e-5
7.486988073265238e-5
8.305283625150735e-5
9.329761376274802e-5
1.0600740372715838e-4
1.1413728907556163e-4
1.2416292142114677e-4
1.3943657654504318e-4
1.4453817870668697e-4
1.4446333438183803e-4
1.6310226705645162e-4
1.922392093297498e-4
2.1558863703715814e-4
2.445526727226569e-4
2.7102425499402576e-4
2.769458819488895e-4
2.981778715952158e-4
3.5636089668282837e-4
4.005367060306388e-4
4.2255330172817596e-4
4.721506975501402e-4
5.235863319303032e-4
5.406158709841736e-4
5.924097679276892e-4
6.995859090910812e-4
7.729136491561646e-4
8.251700569575319e-4
9.422731681011405e-4
0.0010678440542444755
0.0011300481455813931
0.0011883326520181604
0.0012333327169059163
0.0011954691932135727
0.0012113013000138132
0.0014333389734189146
0.0016880810193678918
0.0017502475197246478
0.001713242573375671
0.001794258595133578
0.002067347393210387
0.002482311729969448
0.002887271432000479
0.0031284146590296515
0.0032786641869157794
0.003555056963138645
0.003995981851946002
0.0044522185024919465
0.004819711099409086
0.005134527772101994
0.005517639911387838
0.0060056877976722494
0.006430706793809761
0.006671342529095758
0.006913005454874328
0.007321460854285006
0.0077015963545449566
0.007896894223033898
0.008189177345035383
0.008864862019509187
0.009764815384542333
0.01066025858194366
0.011644986041308335
0.01279214180203384
0.013904048760876584
0.014943222801767556
0.01619471186933389
0.017715423348226313
0.01914177646974317
0.020228958818494732
0.021171566238003797
0.022390312045168562
0.024189187538882027
0.02641576870722671
0.028532545045000485
0.030227547310820196
0.0315700515635982
0.0327198141149768
0.034216087703767877
0.0367506410552357
0.03973936752847902
0.041718217569829914
0.04283578702182272
0.04451706239673797
0.04660829507000961
0.04790187774428177
0.048718022426889954
0.049981138885991185
0.05149285789256367
0.053361127548986226
0.05644070176956803
0.060189188603161047
0.06318967575137524
0.06571640448822674
0.06885779832995727
0.07218772180979573
0.07460275853006308
0.07609816044191299
0.07753114681191883
0.07975004815093323
0.08301627997261085
0.08661435520544732
0.08948006732959335
0.09124770321325873
0.09228921905115647
0.09324136918878644
0.0946840318995422
0.0967540896990142
0.09893660828642008
0.10017490273856361
0.09966140817441661
0.09839713286207144
0.09863028696622139
0.10047415072538265
0.10190616758985535
0.10304783192119964
0.10577517705578532
0.10904867060825958
0.11050737046609317
0.11122987265404591
0.11299559082398718
0.1141651415772225
0.11323379936688702
0.11185110219318814
0.11135800289622373
0.11123558832761848
0.11143940900557589
0.11204728896604388
0.11214835578821805
0.11163489743423377
0.11143636635703992
0.1114224278772529
0.11074558428822127
0.10934440543580767
0.10752761420566449
0.10562287781495193
0.10409743003881598
0.10275847340315873
0.10084211935069602
0.09803669228322047
0.09426439158964732
0.08984464210876893
0.08636923551785967
0.08492234532062193
0.08418667656299962
0.08292053414371828
0.08196868652648483
0.08164068085731058
0.08028354125964857
0.07681678573717496
0.07206829026927723
0.06748696814208129
0.0638007291045636
0.06034862138127663
0.0563219450650832
0.05294143321183909
0.05165884929978307
0.050714926875466165
0.04766677300104046
0.04375992371049136
0.04140293183432162
0.03999891194679064
0.03793683737096457
0.035460457664951234
0.033311961549137466
0.03152174596571238
0.030077013391594534
0.028623135113353432
0.026409507815116154
0.02368948737657759
0.021542952105507586
0.02008597995998281
0.018549078893886854
0.016823970242404236
0.015575897256887046
0.01503726745942117
0.014497806788342421
0.013265327356685062
0.011777853188246905
0.010956895650840579
0.010748281008011423
0.010512477509950172
0.010297965987455329
0.010364727178886866
0.010340294277752444
0.009999236537266537
0.009779296072927877
0.009876707097136518
0.009931292213774241
0.009719464473955346
0.00932186243221039
0.008884007742426772
0.008601296330961293
0.008513492040805919
0.008392175599431721
0.008158323912201598
0.007973298025992582
0.007815674318200651
0.0075405208724810425
0.007223728550661368
0.006979675875132794
0.006744014896937455
0.006470934667216751
0.0061879468587459395
0.0058602964142314235
0.005482378184928846
0.005138342782027874
0.004845547982938434
0.004556169895277099
0.004283556629673304
0.004045418738735592
0.003807367740583216
0.003572116842995142
0.003373645585300919
0.0031854481300986766
0.002961408484325601
0.0027181122664660645
0.0025000297237177684
0.0023149358517023377
0.0021391905618624698
0.001961359107356949
0.001799349830158546
0.001666927668454483
0.0015487254288566472
0.0014297593123592824
0.0013139817533825264
0.0012042703242753862
0.0011029107199649387
0.0010157040194922879
9.318775270741913e-4
8.405611760146449e-4
7.610305462543378e-4
7.065921125792968e-4
6.565336050503559e-4
6.011136576889929e-4
5.534746737740124e-4
5.077170553401533e-4
4.5127820556811304e-4
3.9875490423759227e-4
3.6250477646438507e-4
3.3025483412033946e-4
2.955578636264018e-4
2.6501742147798477e-4
2.3817980535489493e-4
2.135589285261314e-4
1.9404742598786847e-4
1.7500013190658987e-4
1.52486347351269e-4
1.3365832575862834e-4
1.2073039917333512e-4
1.071924906539466e-4
9.396736659083374e-5
8.49169138137415e-5
7.591423913880472e-5
6.532539133446883e-5
5.7760074818739396e-5
5.229314405104727e-5
4.508483220771412e-5
3.831065590976716e-5
3.398269506298473e-5
2.9885665847175776e-5
2.5810600162504304e-5
2.2872064696572847e-5
1.9728536263714043e-5
1.627121348231261e-5
1.4179238351541008e-5
1.2640201092648248e-5
1.0377604392791978e-5
8.59420827407364e-6
7.72379376319422e-6
