-1.1086435175971259e-6
-9.015943062901328e-7
-1.2835499621285896e-6
-1.8151388765353375e-6
-1.524298888718723e-6
-1.5171941141627359e-6
-2.2473958929910216e-6
-2.268380883247941e-6
-2.1178890696826155e-6
-3.092102635510104e-6
-3.6864446450675797e-6
-3.39007688373106e-6
-4.140267546596317e-6
-5.24282123113271e-6
-5.295062228632476e-6
-6.178182736203975e-6
-7.837322634820718e-6
-7.870291407383605e-6
-8.181755177285208e-6
-1.0532434448103184e-5
-1.1765504958921887e-5
-1.2188607206646465e-5
-1.5020798095468955e-5
-1.7358948087292175e-5
-1.7685065977255493e-5
-2.0836640429105633e-5
-2.5265160693452156e-5
-2.629688220186236e-5
-2.8792212970860638e-5
-3.431599391589649e-5
-3.578812767126643e-5
-3.6833488589658625e-5
-4.420344686473416e-5
-4.962453686288107e-5
-5.087588776213124e-5
-5.855168518377617e-5
-6.809010064496817e-5
-7.349868127338922e-5
-9.068703228083584e-5
-1.2115512588955663e-4
-1.444013077752182e-4
-1.6403393967817916e-4
-1.8912999588140331e-4
-2.0259471487759555e-4
-2.1378297505486027e-4
-2.547891257988589e-4
-3.0081250717563555e-4
-3.1834840882942966e-4
-3.440625287207964e-4
-3.96640682411231e-4
-4.403340174295205e-4
-4.949674379605477e-4
-5.898084805926879e-4
-6.594489691040157e-4
-6.879853942046534e-4
-7.647143766235156e-4
-8.550056528067809e-4
-8.473961589314545e-4
-8.482423324148256e-4
-0.001009853754538613
-0.001211382252442487
-0.0013307685228797466
-0.001502022474006785
-0.0017615970586344898
-0.001922493179634918
-0.0019969069167955615
-0.0021970893552001893
-0.0025086032377745985
-0.0027639426895307508
-0.002942674442353368
-0.0030445518041705014
-0.003054447603977534
-0.0031871109696227544
-0.0036462102923486327
-0.004192811142668052
-0.004493756306004396
-0.004646247007566906
-0.0048917229109257014
-0.005212756841306939
-0.005540523740629829
-0.005925904576891352
-0.006386856296568753
-0.006936407157191656
-0.007636978526027023
-0.008441278952511459
-0.009273168946846832
-0.010203339277197084
-0.011209230811548785
-0.012101204701709202
-0.012894297760780207
-0.013695073772198167
-0.014341201670367676
-0.014827619514801651
-0.015534929099286304
-0.016422504081909158
-0.016953380205830683
-0.017153996639302678
-0.017582529882048722
-0.018405405609362786
-0.01956689623731733
-0.02104298323750007
-0.02220907181686453
-0.022408308620606006
-0.02235745351885091
-0.023197385089616662
-0.024553122486810422
-0.025378779616444674
-0.025810151111748596
-0.026490753631043258
-0.027181428968809995
-0.027518911171795554
-0.028227658639205552
-0.030203448302319014
-0.03286442173229704
-0.034944527875996806
-0.03684406809472249
-0.040029874125801966
-0.04393478384899515
-0.04641812587599894
-0.047351136724301524
-0.04827521673033044
-0.04925625376371265
-0.04965729164572827
-0.05014325482466851
-0.0509860017046521
-0.051457557318624864
-0.05240338254586508
-0.05529939561822147
-0.05879887254009571
-0.06047290440735214
-0.060547741090470716
-0.06063219290587079
-0.061286050451511385
-0.06271744040130109
-0.0651150354588244
-0.06779270591061168
-0.06983472056783752
-0.07108508456845299
-0.07243902320755798
-0.07585882504512137
-0.0819682041935624
-0.08746532605841502
-0.08898125827531302
-0.08858368475100961
-0.09019255313232757
-0.09279236763068224
-0.09310048821549667
-0.09199118813866634
-0.09247607729557562
-0.09423025393242185
-0.09519197819159768
-0.09604067406222029
-0.09863853215511852
-0.10200479347254242
-0.1037836516518411
-0.10395239529737502
-0.10361169976304845
-0.10257566147579347
-0.10133937580298501
-0.10174827640783583
-0.10323202237182205
-0.1034616249094098
-0.10374362136935893
-0.10714417807113236
-0.11168587056908313
-0.11257603331639653
-0.1097735735206667
-0.10740020428835016
-0.10786847164386267
-0.11038830253333562
-0.11306015738187815
-0.11472506023966032
-0.11533577519013467
-0.11437517866650782
-0.11105012175184958
-0.10738126576623212
-0.10647889029959061
-0.10692618701354667
-0.10543269510311734
-0.10395225917682563
-0.1063340957005598
-0.11079308100495645
-0.11299941812263677
-0.11252657779085773
-0.1111565620489371
-0.10946999369598413
-0.10765108269657854
-0.1059193891550885
-0.10405848001000179
-0.10225064985985378
-0.10065800232735317
-0.09842861355550717
-0.09523754031668392
-0.09207267366765613
-0.08932075181105979
-0.08663923463878047
-0.08454960013226569
-0.08370144600949944
-0.0835770540745452
-0.08318264968921565
-0.08176800569202718
-0.07915097954493928
-0.0761955808553964
-0.07374459611724682
-0.07139645787092266
-0.06882258100972291
-0.06665417375189323
-0.06493321807977967
-0.06293063316842107
-0.06058228606157075
-0.058049847862218965
-0.05499889110361363
-0.05159615443851954
-0.048472640953019716
-0.04567299536362866
-0.04317115397516186
-0.04110922516104081
-0.03884802161552233
-0.03591024013851741
-0.03326565839225166
-0.03149758438578221
-0.029596030767586233
-0.027188013302889093
-0.025241620868120627
-0.023875607965805862
-0.022277237895344887
-0.02048855900285233
-0.01904378000380786
-0.01784095985080998
-0.016656377769852432
-0.015557159424249907
-0.014487342572038887
-0.013404252935999741
-0.01244993193975681
-0.011578733916079584
-0.010669887768361997
-0.00985468649187607
-0.00919426785853709
-0.008542724533092717
-0.00790417261409334
-0.00735226557856854
-0.00680294106483027
-0.006243591568808887
-0.005762346131819509
-0.005313268520862074
-0.004871318755007878
-0.004539198273948747
-0.004270539632773102
-0.003929462751400823
-0.0035804343631099236
-0.0033086492559622135
-0.0030374595618465126
-0.002760652280349844
-0.002561034892532195
-0.0023891774791559794
-0.0021744694431647957
-0.001974513782210957
-0.0018151158704730213
-0.0016522805026067285
-0.0015100251917192459
-0.001411781858556047
-0.0012994788392969878
-0.0011585173854780546
-0.0010388424099296912
-9.414399556270726e-4
-8.454563838054295e-4
-7.662808477867886e-4
-7.018124126341119e-4
-6.322299153911469e-4
-5.694797180499577e-4
-5.221762631514893e-4
-4.7474345763157594e-4
-4.2943070985222617e-4
-3.9379488590626717e-4
-3.555490983319088e-4
-3.1665995236674786e-4
-2.909185513777772e-4
-2.674018974948677e-4
-2.3633337689153618e-4
-2.111946950446306e-4
-1.9318606064473278e-4
-1.7122764548226636e-4
-1.518250627720482e-4
-1.4014618462088884e-4
-1.2596082253951336e-4
-1.104404264979939e-4
-1.0203142979050502e-4
-9.402481179531364e-5
-8.188916372859412e-5
-7.339491704863571e-5
-6.745105770992534e-5
-5.80898990631015e-5
-5.072030391461069e-5
-4.805444505316291e-5
-4.3481356593704956e-5
-3.773442524820674e-5
-3.5507443942323065e-5
-3.2977025139040175e-5
-2.797495996941922e-5
-2.4992012217364202e-5
