1.352826450480657e-6
1.6227222480589427e-6
1.8857388522737724e-6
1.8959093930179817e-6
2.151672519124727e-6
2.587248618763216e-6
2.7191335382877873e-6
3.036371256460085e-6
3.717753964950392e-6
4.0110107973443455e-6
4.349394151877869e-6
5.398079771351807e-6
6.024386622143106e-6
6.127197764760294e-6
7.385378839477499e-6
9.145490823956948e-6
9.787082116042454e-6
1.0553240479459563e-5
1.2202239316442905e-5
1.3551855512410527e-5
1.5598834059793984e-5
1.908292551424561e-5
2.147744476056775e-5
2.2916878072234852e-5
2.6219058154004054e-5
3.0282539059710114e-5
3.394478738646426e-5
3.878937985073673e-5
4.232030639288829e-5
4.3145968627256414e-5
4.8202923713721164e-5
5.870109168162336e-5
6.646648771521585e-5
7.293270348655662e-5
8.489850089916955e-5
9.734706753810811e-5
1.0672169295828285e-4
1.1948021715557315e-4
1.3483159413417713e-4
1.4954274423135977e-4
1.6929956751446747e-4
1.9007565803553565e-4
2.014790925481903e-4
2.1275445553834143e-4
2.339177564698903e-4
2.5820300616230513e-4
2.8916241951451024e-4
3.2989962159442966e-4
3.579206846750016e-4
3.7258796121678663e-4
4.0447970669602143e-4
4.4272139454220715e-4
4.600063243257616e-4
4.88503655335601e-4
5.510731789994417e-4
6.061694048268338e-4
6.453860833671806e-4
6.994658311094311e-4
7.408751308420489e-4
7.48879443852282e-4
7.835703907894338e-4
8.537113365260583e-4
8.774491450427568e-4
8.494803264177086e-4
8.48180999730629e-4
8.837275241482522e-4
9.222593248885136e-4
9.898034982701912e-4
0.0011044205490933364
0.001185604938591425
0.0011555852185051564
0.0010956247725030764
0.0011621340485773873
0.0013270260672008237
0.001412498885192536
0.0014167346101338037
0.0014813377298513617
0.0015605824767377812
0.0015383199782598364
0.0015286074869193694
0.0016641174869881144
0.001888377831718749
0.002195374869573907
0.0026383181052678784
0.0030977736777105533
0.0034758537431623894
0.0038870706927076684
0.004396559962756925
0.004929632179655894
0.005412513295650499
0.005744999308123889
0.005980399571432894
0.006458271564974018
0.007190296900243676
0.007639543154291405
0.007723465007077822
0.008176819369141016
0.00948813466620499
0.01136379037980625
0.013274333983153207
0.014842911520721123
0.015994328127652228
0.017080132815260784
0.0185782096425847
0.02065939367931279
0.022979067663227947
0.0248215508411121
0.02603519107463425
0.02752144363498599
0.02982122764708996
0.03223405787287986
0.03411399589202532
0.035231615718403365
0.03519275271304567
0.03495646949812225
0.036949638051017086
0.041307673875539394
0.045557123374886314
0.049018600353814355
0.05275522810831483
0.05628369245634562
0.05909185379991067
0.06208638559162774
0.06466554600661321
0.06557655787354605
0.06641674899370854
0.06847009153284332
0.06992905962244134
0.0709205432230979
0.07432480777952712
0.07934048203569083
0.08248972754369337
0.08416171153363243
0.08668624472024948
0.08941476743523448
0.09097556299759017
0.09240769343060576
0.0959868273055821
0.10280224567309307
0.11005723097782415
0.11245003580173075
0.10986387232344777
0.1084968991325914
0.11131706188773395
0.11550654317265546
0.11967420553813207
0.12399920996068142
0.1260034166336419
0.12459358526519433
0.12304948050205568
0.12318006290128179
0.1232378686319034
0.12269538901556827
0.12298480729670426
0.12476335809359922
0.12743803851262925
0.12927806351513163
0.12881120932515888
0.1274691574948948
0.1276145378038882
0.12898360948627344
0.13051605621193255
0.13169958432132423
0.13059407463869602
0.12653294479321603
0.12304687766639473
0.12229434298253591
0.12185966232891728
0.12057390322540097
0.11974708066675488
0.11835206388460202
0.11470736718677244
0.11008176247658281
0.10577070672727286
0.10177589145911797
0.0990279110043446
0.09735749015226575
0.0946389959051086
0.09138938019319617
0.08980836040017316
0.08828479520616524
0.08433524815061558
0.07960992909599071
0.07601861713365901
0.07282466867853941
0.07027780406078274
0.0689816965298979
0.06645609088713933
0.060889092888954416
0.054842902705477634
0.05086796156946081
0.048429882559564826
0.046838381722797535
0.04589329944314502
0.04397865139540777
0.03982241819731879
0.0347128561260514
0.03057581513699243
0.027890668286055124
0.026346809153673156
0.025471797305897936
0.024400721039412647
0.022463285313693362
0.020009234728803293
0.017976549542440896
0.01675199060711074
0.015868882011443868
0.014832050455176408
0.01379993042041011
0.01320583257063827
0.013053630678074283
0.012892333518860878
0.012388678006844732
0.01173754412948005
0.011301459026721632
0.01100180143839112
0.010629081136943183
0.010470166254901148
0.01076527767104468
0.01102879004794999
0.01079192274959112
0.010297545841276535
0.009863129708515671
0.0094654994315203
0.009131643330529928
0.00888086356261909
0.008541505347632693
0.008159168414620109
0.007959713434173815
0.007791314949107034
0.0073643218385071605
0.006812858247207991
0.006414969903758033
0.006182837603030226
0.006000935083647113
0.005757104404284434
0.005403738747427284
0.005081474521906997
0.004892054995827431
0.004682351244147107
0.004393201009713566
0.004198262195593215
0.004074830007703738
0.003811287127635327
0.003450559295562439
0.0031796952214646155
0.0029807699575416795
0.002774515862822709
0.002587342627510614
0.002412150809608885
0.002214073727015389
0.002032436861347618
0.0018803261599321301
0.0017166471061018198
0.0015671737193355222
0.0014726081698506763
0.0013903082231412629
0.0012871150391634539
0.0011884619585769837
0.0010934584784732656
9.865971841667117e-4
8.938454642263935e-4
8.284601267952872e-4
7.629061052185884e-4
6.896032423841247e-4
6.275394876487496e-4
5.79769542881867e-4
5.356869897569985e-4
4.880907707692762e-4
4.357425510275657e-4
3.873573691603264e-4
3.495658419084221e-4
3.14514139677129e-4
2.775814150428286e-4
2.4441612024034525e-4
2.1425385830857845e-4
1.8538011497722996e-4
1.65103907782506e-4
1.5318984512798677e-4
1.3997029814877453e-4
1.2527749917453396e-4
1.1345993286966361e-4
1.015954361724227e-4
8.927712224663211e-5
7.999924785031067e-5
7.105782645275414e-5
6.0468043142331915e-5
5.254680061589478e-5
4.713190055725981e-5
4.046421937232233e-5
3.4719166854163784e-5
3.159487511341052e-5
2.7474766382288917e-5
2.2456912891705812e-5
1.9803363815044273e-5
1.782619668764878e-5
1.4450933403280973e-5
1.202617621808635e-5
1.1170491727189631e-5
9.705943704800089e-6
