-1.0503237087812546e-6
-1.5986666707663495e-6
-1.5856967669201334e-6
-1.2677087480003815e-6
-1.8405166429313072e-6
-2.208398787900752e-6
-1.7954379176975414e-6
-2.2271224024279456e-6
-2.9804150016019545e-6
-2.6405751667642013e-6
-2.882033934817603e-6
-4.042403655441455e-6
-3.93682757467524e-6
-3.99294889419707e-6
-5.819568983446613e-6
-6.272335962452705e-6
-5.488159418454199e-6
-7.3880895505093345e-6
-9.62449852168679e-6
-9.456518853534128e-6
-1.1091289307887245e-5
-1.4088964106027109e-5
-1.364373777228707e-5
-1.4169341237980336e-5
-1.9166086629318044e-5
-2.1669815983286045e-5
-2.1682166655324015e-5
-2.5846392371690446e-5
-3.0370195717167837e-5
-3.3757726389885486e-5
-4.3294175143536145e-5
-5.297864821346361e-5
-5.500362711343217e-5
-6.13047701244862e-5
-7.431034807044861e-5
-8.007312468261565e-5
-8.638845508617259e-5
-1.0455959352840024e-4
-1.189262386072156e-4
-1.282229430548347e-4
-1.485715804712625e-4
-1.6694223799733473e-4
-1.8019463556499292e-4
-2.162202235191747e-4
-2.5238696106333103e-4
-2.513805538483573e-4
-2.671221882107282e-4
-3.381775286646033e-4
-3.9602140442297496e-4
-4.272080482593335e-4
-5.016277431308991e-4
-5.939598994296195e-4
-6.4762680466512e-4
-7.098576263890725e-4
-7.913564392474068e-4
-8.467566390963816e-4
-9.401607283494527e-4
-0.00110671519605204
-0.0012356661248143677
-0.0013389707086622783
-0.0015397700642133057
-0.001777968852593567
-0.0019959768232794277
-0.0022877563111830153
-0.0025460754909023293
-0.002634265379153729
-0.0028314414952535444
-0.003257421847246976
-0.0035251911491875924
-0.0037139070670470617
-0.004371355997243096
-0.005184905824229966
-0.005418546307967261
-0.0054326850671536945
-0.005955989836823669
-0.006752267374969125
-0.007393319292003966
-0.007976713457600771
-0.008530859873570171
-0.009116700211435977
-0.010012043592757803
-0.010890934515320467
-0.01126782089084917
-0.011707086730501947
-0.012692010126953666
-0.013529208622221131
-0.014010935196345739
-0.014836028355390768
-0.015727630514673886
-0.016125667905433363
-0.0169664861791273
-0.018803250269514377
-0.020385166777614375
-0.021258310124425348
-0.02248534082204307
-0.024018714006702212
-0.0249947820428035
-0.02580795582019872
-0.02676544109109216
-0.02695213630456327
-0.026525785651955673
-0.027108604154983857
-0.02903639834979242
-0.03103163278814535
-0.03225697892401518
-0.032798856242920525
-0.033220551698481746
-0.03423327911490973
-0.03562405203987006
-0.03627384268046129
-0.036083803647320674
-0.036310424520462695
-0.03779466746888994
-0.040374139857689055
-0.043315026320984225
-0.04540825644171277
-0.046130924159490674
-0.04669087223904174
-0.048116919530643634
-0.04950428630781884
-0.0499704271150934
-0.05014197388632297
-0.05019870143546545
-0.049502805195471296
-0.04920355321032016
-0.05143609637231631
-0.05532548646136511
-0.057934541534233525
-0.059047751531787526
-0.06051401118949116
-0.0619595562862466
-0.06198329176353793
-0.06160671443198809
-0.06224610708789212
-0.06350633079496537
-0.06567928723487565
-0.06928533279646738
-0.0714671173645141
-0.06966721434765413
-0.06726832669966885
-0.06817771516528362
-0.07008218107193794
-0.06993143831531852
-0.06946154236183988
-0.06998358067509947
-0.06956598565030116
-0.0681804578650749
-0.06809679674836983
-0.06943490671931268
-0.0713415065813684
-0.07467462642739929
-0.07949047631201221
-0.08345780107390846
-0.08425894989808931
-0.08144823129387618
-0.07744883257000101
-0.07661606738361304
-0.07999795754512644
-0.08355095733829775
-0.08439969895573309
-0.08359921553097305
-0.08174372996532579
-0.07914681442214697
-0.07893411538490554
-0.08244562887267477
-0.08549559948046999
-0.08506025173316199
-0.08366581749271924
-0.08382571845638345
-0.08493188163981975
-0.08636294422881777
-0.08788207929360808
-0.08849490161377871
-0.0882541514987302
-0.08811326399153001
-0.08758471418141471
-0.08618535889324831
-0.08516326406578067
-0.08477962983937444
-0.08359162346030542
-0.08209197283837841
-0.08243506912210584
-0.08409368759318336
-0.08442222895387284
-0.08319852293012922
-0.08247425949196692
-0.08260921837713023
-0.0822568167007979
-0.08180560528463598
-0.08302231841793944
-0.08516754127253998
-0.08533523643371174
-0.08303035636335823
-0.08051833323873371
-0.07879942023208736
-0.07733433934987397
-0.07665301652397753
-0.07705899125920071
-0.07662387743532002
-0.073976557743702
-0.07058391143093823
-0.06803331204009003
-0.06601531773229782
-0.0640464240788042
-0.062370642332496964
-0.06089999289991451
-0.05915941912599393
-0.05699416798307634
-0.05456752740426313
-0.052116361932194565
-0.04969468394912452
-0.04710904112476152
-0.04451112133494744
-0.0424265740514158
-0.0407632817246648
-0.03886102417473563
-0.03656730675602018
-0.03413863912770361
-0.03161590358385941
-0.02914601246981179
-0.027056616008100574
-0.02537440682618726
-0.024003394737064376
-0.022815627488513002
-0.021312267617360322
-0.019357757414724598
-0.01777350747331675
-0.016912098833006785
-0.015956812877853197
-0.014620428789813851
-0.013575155628869524
-0.012811270776813637
-0.011740058271911139
-0.010594338198519153
-0.009843780934863836
-0.009181979462832507
-0.00833909201391042
-0.0075948807820567215
-0.007004073658315909
-0.006371369221580045
-0.005791936971837533
-0.005334738059786125
-0.004841887710114216
-0.0043881101266069755
-0.004146254528049634
-0.003948848626089045
-0.003627164527351549
-0.0033068714838467286
-0.0030433789818492046
-0.0027456974775972023
-0.0024610162346525425
-0.002268225728731299
-0.0021108519546780575
-0.001953332461165727
-0.0018061695322485905
-0.0016293586746504172
-0.0014356787634817103
-0.0012949551121418784
-0.0011809603772538107
-0.0010539222914045872
-9.705848378630322e-4
-9.304104421483692e-4
-8.487385051645935e-4
-7.413349060517049e-4
-6.802557110519751e-4
-6.378464421312929e-4
-5.720805526540869e-4
-5.138322721337104e-4
-4.738692985030742e-4
-4.282821045335717e-4
-3.8749028943855813e-4
-3.5966043416147607e-4
-3.240537996048279e-4
-2.8739034172593205e-4
-2.692067170740497e-4
-2.537946311079036e-4
-2.2872605947805882e-4
-2.06790493666302e-4
-1.8616427653349616e-4
-1.595637322999393e-4
-1.4021530150375757e-4
-1.309759864782365e-4
-1.1716889093778915e-4
-1.0121871045485312e-4
-9.271627616908734e-5
-8.497699212335879e-5
-7.50744290788646e-5
-6.992693291590911e-5
-6.571055736901397e-5
-5.6944796555828664e-5
-5.00175940870048e-5
-4.674269976410968e-5
-4.144699961799524e-5
-3.613123553737339e-5
-3.3892055000219826e-5
-3.067174399823583e-5
-2.6430810586686405e-5
-2.4792536184867538e-5
-2.3017419238247305e-5
-1.919477458019462e-5
