9.004159449018183e-7
1.0639947479312958e-6
1.2417486266670062e-6
1.4018515090580597e-6
1.2319751517789347e-6
1.0050339525824504e-6
1.489159652790141e-6
1.95709038543483e-6
2.4043661637343445e-6
2.876926737623185e-6
3.4046478064795443e-6
3.993602645007665e-6
4.640644500031199e-6
5.378532272359453e-6
6.224002407296374e-6
7.201263467171925e-6
8.199462929991674e-6
9.404033661128987e-6
1.0821639634391141e-5
1.2426719495784548e-5
1.4238484596805764e-5
1.62937175697971e-5
1.8634455628020215e-5
2.1256053735331527e-5
2.3940044225753852e-5
2.81549748308136e-5
3.19592907946447e-5
3.616448716979551e-5
3.912027617613944e-5
3.349059881911747e-5
3.236274114722367e-5
3.9391428795735155e-5
4.8014146794341986e-5
5.639639035622758e-5
6.504199731329865e-5
7.455110986992396e-5
8.487409059137647e-5
9.317525185138296e-5
1.0085333526968317e-4
1.1284540058524326e-4
1.2536462209436884e-4
1.3841355257614366e-4
1.5201405584138773e-4
1.6605806823806154e-4
1.8028153361550087e-4
1.9418982102608698e-4
2.0699940008887997e-4
2.1968675828101122e-4
2.695118113647411e-4
4.3102615481519456e-4
4.379735751640513e-4
4.321174950365984e-4
4.3102694349192645e-4
3.648738820706785e-4
2.6615251874342194e-4
2.6168888730230915e-4
3.011167231671977e-4
3.3175389426098195e-4
3.6351392860818274e-4
3.5460234380834337e-4
3.361507879818275e-4
3.508642809262528e-4
3.5954548095904913e-4
3.608454098094422e-4
3.568498860087946e-4
3.5323193698951513e-4
3.6787254823988783e-4
4.404450655086726e-4
7.12768142856373e-4
0.001334589308182705
0.0016232023149033918
0.001743614702870136
0.001639038356560379
0.0015881815163944313
0.0016856599759193349
0.001998836560744352
0.0019968793532910067
0.0017754022586424546
0.0017730418089176331
0.0019641912193032246
0.002180389466937214
0.002348763488089917
0.002889760457074743
0.003810011814236132
0.004972326083956826
0.005921333689752794
0.0063971951518562295
0.006561022599917403
0.006951550817056768
0.007799759887292061
0.0076101153242141145
0.007740217814691091
0.007995037268433265
0.008393882056934598
0.00888423307754592
0.009422207595662606
0.009962048227624323
0.011119460395451506
0.013314267595489622
0.017443929232714366
0.02257057334828015
0.026318098074763575
0.0279043854661525
0.028658221278841718
0.029869259648010293
0.031583808662413476
0.03295708132969527
0.03450398326292933
0.03675381369365752
0.03982748902462837
0.04291952770538526
0.04536451399025554
0.04618854634878654
0.04697556942517367
0.04708552471808032
0.04595132771298159
0.04591982315717652
0.04918399381567232
0.05476323220179459
0.05795875782209879
0.05895269444574606
0.061173652808035425
0.06514309037176216
0.07121463984137669
0.07759039367365886
0.08310707080178502
0.08755744437378507
0.09206010021306088
0.0969955023909056
0.10061478593218541
0.10331468449468352
0.10471841325666954
0.10398196810592786
0.10313244266174784
0.10141345410948793
0.10243715659679627
0.10616241821883035
0.10957675212764079
0.1102568745264467
0.11324191409856654
0.11707966230465928
0.11904260480670925
0.12001141799913327
0.12324788493711411
0.12835717325564475
0.1392647986051195
0.1499781899132162
0.15307979322686807
0.14961740764286086
0.15051351122248097
0.13511933457020592
0.13696718356715146
0.1382090109591736
0.13889444320826444
0.13907785423765784
0.13468814426073894
0.11983246773691458
0.10622339151953188
0.10277347994430193
0.10332189368858119
0.10142498977307537
0.0992486093162843
0.09894659957882035
0.09652714530806003
0.09511975861100735
0.09304889642084166
0.09162266435047131
0.09102487472163483
0.09239110789518534
0.09507978718613108
0.0972091140281654
0.09800496003139134
0.09755560636998135
0.09369254924479783
0.09279041919409596
0.09562438273552305
0.08766782555177897
0.08088059135244055
0.07957940043566045
0.07896699607539467
0.07557673414067151
0.07042759944892615
0.061886951165479015
0.056818970132503185
0.05029982509678828
0.04251062091860115
0.03589932564043015
0.03128806122025566
0.027226923696985053
0.023813714594684444
0.021768538939537563
0.021169804282401894
0.021904846410059242
0.023196878784891684
0.024200705941288404
0.020527254252465557
0.014554384937703448
0.011744105804590253
0.01290258197098396
0.014490137984474998
0.015425314498676271
0.014432506981577458
0.011491749973659211
0.008893919987791871
0.007248442322980277
0.006381394613599349
0.005792595731720757
0.005114042949871382
0.005009090445254291
0.005348146138291391
0.005949799537820079
0.006717473841013247
0.008107338158969328
0.010068614441897706
0.012282672965764518
0.012953879092339124
0.01186294368213028
0.010842978451493148
0.010781265380359758
0.010796585893300327
0.011851956013048542
0.012345577748855866
0.0132946799760728
0.014751828941150829
0.011313231596520562
0.010585199797050106
0.009892246340870586
0.009509600462539756
0.00897166855254536
0.008760550186843147
0.00831325699451838
0.007669494016177107
0.007379769576393844
0.007324545831805034
0.006998147464813646
0.006684464680291609
0.006371105832277996
0.006122915594815627
0.005803545192759868
0.005401152645768277
0.005365869529201187
0.005232636347112245
0.00477046375027315
0.004431153601515615
0.004143024315844485
0.0038760919709543307
0.0035016217635791334
0.003177145619389753
0.0029235082247371993
0.0027099722230992554
0.0025283932195181115
0.0023435296767711513
0.0022174127732209068
0.0020705989926521704
0.0018745781428426416
0.0017120212247107897
0.0015551448245007264
0.0015172547651620314
0.001458429466163115
0.001315991379888817
0.0011807099023308214
0.0010457928923575455
9.277848937112644e-4
8.277634007046789e-4
7.444788971436563e-4
6.703261717972034e-4
6.032746708804738e-4
5.468607712934947e-4
4.951296479955142e-4
4.4690893481740554e-4
4.0362822729729606e-4
3.682212868878755e-4
3.281015574468367e-4
2.803193863369854e-4
2.5956067688551274e-4
2.4055287232032182e-4
2.1923776946652376e-4
2.0084692339930713e-4
1.8257131999000576e-4
1.7463456718664288e-4
1.5458787657877395e-4
1.26329600407824e-4
1.054019592690636e-4
8.957277351067031e-5
7.718935181724566e-5
6.649836728680645e-5
5.72823722505372e-5
4.872011531733761e-5
4.1545715844606895e-5
3.538603433193203e-5
3.1117569535737494e-5
2.7943772745480966e-5
2.327465935012242e-5
1.9316796238290524e-5
1.7173262715464383e-5
1.4583876006168521e-5
1.1875561057931174e-5
9.516149863967563e-6
7.586279092703076e-6
6.124213177562197e-6
