-4.939455370029096e-7
-5.553764250448452e-7
-6.165806047672612e-7
-6.526444405377138e-7
-8.09383151432537e-7
-1.5187803129560638e-6
-1.8519627488137418e-6
-2.0866397892952645e-6
-2.3599908890340665e-6
-2.683401774994625e-6
-3.0539327497695207e-6
-3.506798729783258e-6
-4.058074631389573e-6
-4.678715276502377e-6
-5.367041647551198e-6
-6.058978116306472e-6
-6.8002479506423316e-6
-8.205728141698095e-6
-9.480463147393755e-6
-1.0883743899578177e-5
-1.247051330438415e-5
-1.4255552344554058e-5
-1.6260355120214583e-5
-1.8533805395320857e-5
-2.1285217676571064e-5
-2.3200961497584643e-5
-2.6038833888684213e-5
-2.862953720740697e-5
-3.040212585484851e-5
-3.9487180692639856e-5
-5.5391886369540935e-5
-6.560617526071051e-5
-7.36172766332941e-5
-8.155904522785827e-5
-9.244013947249254e-5
-1.0336097325671197e-4
-1.1358658745291511e-4
-1.2200478235303958e-4
-1.496945652565406e-4
-1.7227766782232335e-4
-1.954407838545929e-4
-2.2124251813106894e-4
-2.503271346414744e-4
-2.8315986375636554e-4
-3.202160516382396e-4
-3.618356347156801e-4
-4.0745223116869756e-4
-4.4990759896066973e-4
-4.261934379464091e-4
-3.3454315577732276e-4
-4.620924677474527e-4
-5.617081012980235e-4
-6.386465816151014e-4
-7.661516697062892e-4
-0.0010028142547327396
-0.0012068027980210161
-0.00136569329696899
-0.0015065930845843884
-0.0015843776201508535
-0.00178865775488354
-0.002118325055596452
-0.002386951790391518
-0.0026552286015226207
-0.002940215749065058
-0.003242887723724072
-0.0035537971466506795
-0.0038393252746879393
-0.0040023073260538646
-0.004012320609275885
-0.003696078676257402
-0.003890954802287161
-0.004467879484918751
-0.005174532425443153
-0.0057063662096563175
-0.005880495198373431
-0.0059411729013428335
-0.006578096524167295
-0.00764051570446877
-0.008827729808485611
-0.009734358772411654
-0.010447279183065466
-0.011167614989278797
-0.011562580377190112
-0.011550504721650819
-0.01109971649697453
-0.010977093629638012
-0.01309642825822431
-0.014789150636526496
-0.015729301648105168
-0.016408864234602846
-0.018374505091340865
-0.02022372732511448
-0.022129961041842235
-0.02367730382552189
-0.02503127120121569
-0.025931037675270215
-0.02685400071587567
-0.02725469818250421
-0.026020574961757643
-0.023282685723971925
-0.01999802407655591
-0.01963171290028215
-0.022283613821418028
-0.025173276360289123
-0.027233909112697834
-0.02967084689590763
-0.032445353741323776
-0.03425590972275513
-0.034575382081101745
-0.03557055311961531
-0.03621866201815885
-0.03537307063534182
-0.039430305811388705
-0.04307484966774393
-0.04583343141900691
-0.049580804912547544
-0.051963300244879225
-0.05050804466754554
-0.04793568911793668
-0.050195726204718356
-0.05350585268617805
-0.05379444067877753
-0.05479717151442706
-0.05410428978611712
-0.05415145087605721
-0.05582464427518688
-0.05726716779724272
-0.05828670287781428
-0.05712827258002527
-0.059879678168034564
-0.06047331252284595
-0.057570863312766035
-0.06094400618167674
-0.06773973468155851
-0.0675613196816392
-0.06578605459841794
-0.06341467086373855
-0.06691814713757345
-0.07433623600032699
-0.07911693394305915
-0.08199067607355984
-0.08483479712880204
-0.08789501036084055
-0.0868561976007233
-0.08034866012552701
-0.071201388361747
-0.06579989602520454
-0.06488763473906181
-0.0697910172409363
-0.07182072057984942
-0.09402661819316308
-0.09702203471176804
-0.09834613852894236
-0.09808052657238764
-0.09240216391886075
-0.09022898104806798
-0.10484555672670602
-0.1214290791363648
-0.13093022655302697
-0.13633184469041187
-0.14058305017769823
-0.1431854775344879
-0.14244820854339307
-0.14429613815188694
-0.14556811576210477
-0.147714670812863
-0.14712647276571666
-0.14501869026271513
-0.141313658256307
-0.1372079873997218
-0.13266861611600178
-0.1278995954163824
-0.12388209656307264
-0.1223594855801353
-0.11291201965960065
-0.10195794777129069
-0.10641256322571699
-0.1139639687161768
-0.11730475697382874
-0.11748586610604753
-0.1181376213527526
-0.1186012351292478
-0.12235312204111234
-0.1273615645014871
-0.13145282099223898
-0.13485910475713253
-0.1374105736581252
-0.13796280501995997
-0.13762382179821236
-0.13534636955508506
-0.13269412449634505
-0.1274067521343073
-0.1185357682565622
-0.11035025911399232
-0.10161817581966237
-0.1017921588198173
-0.103524341629083
-0.10394138155157921
-0.10153416308476225
-0.09654762022178098
-0.0920987602486597
-0.08963285493359287
-0.08984536939519283
-0.08985028529973844
-0.08847147082212137
-0.08553044519005515
-0.08248600020418743
-0.07944805487024441
-0.07612185269120073
-0.072151563783553
-0.06772483256782626
-0.06263531425782154
-0.056826079704746485
-0.04913277335496545
-0.04132106761497986
-0.036548631294063445
-0.03379856229508806
-0.03524371567888394
-0.03523995355674914
-0.033328510572249434
-0.03025346030969136
-0.02873634266150381
-0.02576764062441783
-0.022275578210823772
-0.024835801278622158
-0.02343016185478511
-0.022229240353708865
-0.0203475475113501
-0.01861647777922372
-0.016836433349589397
-0.014896758966060101
-0.013568037347755005
-0.0129499040375196
-0.011105358338066708
-0.010073539670317213
-0.009143420199092247
-0.008419678659847494
-0.008289554541025753
-0.007981914451698793
-0.0075351207759184425
-0.006540486530293793
-0.006153306578284742
-0.005953607710233056
-0.005541974859186406
-0.0049577693927346685
-0.004187674379670722
-0.00394938564721245
-0.003944933852858637
-0.003759921297871352
-0.003509783970347796
-0.0031695964090783712
-0.0028098935449546243
-0.0023617983506967217
-0.0020182380006301495
-0.0018605285872787905
-0.001590721943722715
-0.0015298564353329977
-0.0014276147625342044
-0.0012720124543745194
-0.0011973992057956726
-0.0010810169196108351
-9.781665500931303e-4
-0.0010078155220759745
-9.700951682711575e-4
-9.179138928085257e-4
-8.488700137728248e-4
-7.762262459813849e-4
-7.074744608635008e-4
-6.43460050556725e-4
-5.787444826360382e-4
-5.099362460698374e-4
-4.2505214345317516e-4
-3.617849693006333e-4
-3.312728943141648e-4
-2.879674421352069e-4
-2.464134109873632e-4
-2.0136102817175394e-4
-1.9476792761841626e-4
-1.8658678207080455e-4
-1.5776001933736575e-4
-1.5151993530567113e-4
-1.561126831210923e-4
-1.5157506499134107e-4
-1.429202190421504e-4
-1.3107654298172056e-4
-1.1923828527123244e-4
-1.0846230769257356e-4
-9.837606351626692e-5
-8.805604751125089e-5
-7.69142802046308e-5
-6.442329224087923e-5
-5.646256955152722e-5
-4.7419561193231155e-5
-4.353241571133695e-5
-4.011303330279173e-5
-3.7441429795573896e-5
-3.5604380453155396e-5
-3.3306406687459014e-5
-3.079614551039016e-5
-2.8065436188529574e-5
