8.308125508625603e-7
9.881584273086071e-7
1.1738592330145615e-6
1.3915720407782845e-6
1.6479056551571371e-6
1.9495402639062513e-6
2.3022082553795975e-6
2.71537606877338e-6
3.1999843115311327e-6
3.765316205952488e-6
4.424901127869081e-6
5.19599037267894e-6
6.093830190844402e-6
7.137982509295928e-6
8.354911043719091e-6
9.769660765053598e-6
1.141116613125778e-5
1.3319340277042575e-5
1.5534994129968322e-5
1.8102074418931308e-5
2.1080041963346102e-5
2.453473408774225e-5
2.853339979387111e-5
3.316307068030793e-5
3.8522283936637e-5
4.470642582560412e-5
5.182053239286944e-5
5.996261976375432e-5
6.91640047814574e-5
7.931995982990215e-5
9.001111748190291e-5
1.0007560992717458e-4
1.0686911297351476e-4
1.0537833945163238e-4
8.901436707427595e-5
5.664838507087578e-5
2.202736760239654e-5
4.030741236356058e-6
7.479103956421246e-6
2.6035919937466404e-5
5.304175532996894e-5
8.481591390979481e-5
1.1990423351025847e-4
1.5797877212637404e-4
1.9919650971899163e-4
2.4391317879008978e-4
2.927085331232765e-4
3.46167019674265e-4
4.047762510782404e-4
4.6918050070262224e-4
5.399749143228068e-4
6.1774268573988e-4
7.031121252253542e-4
7.966326063525013e-4
8.987199184624967e-4
0.0010097015102097976
0.0011296199683059616
0.0012579503184483977
0.001393391923914159
0.001533234061708387
0.0016720418832952195
0.0017994942600280017
0.0018957959768422738
0.001921484474322935
0.001796612960293409
0.0013731627071876364
5.503764672087984e-4
1.5984732125090694e-4
0.0015077472829599927
0.0031920171028029624
0.004311194904716351
0.005144816315072715
0.0057615749247722226
0.006249314539855655
0.0066348001649881305
0.006907518537294494
0.007020675760373424
0.006857094817888452
0.006107322752745277
0.004103197890517879
0.004280296375506779
0.009777116541485251
0.011524699208467961
0.012209611951183273
0.012787540226670804
0.013446333906727101
0.014189692960040697
0.015141650483535924
0.016330258138867397
0.017693480201849417
0.019264396309652154
0.02105417179085439
0.023067415903931285
0.025293742251950274
0.027402553586567766
0.028946639097581855
0.03247298205395581
0.03555572592000449
0.038662191685742205
0.04184764485059344
0.04511273816328375
0.04844870570609348
0.051845902432938275
0.05528891695938458
0.05876574530836261
0.062236529110633064
0.06543940308668622
0.06840137646785822
0.07274607434109846
0.0764862485283937
0.07999107889923363
0.08295849819907747
0.07531764735473637
0.06890897730837868
0.06533268650799098
0.06214448053383294
0.05973837825840516
0.05799043012494298
0.0563689370204023
0.0549410512129372
0.05429881256256395
0.05534134717090682
0.05851194707118424
0.06284464377734642
0.06608196854572856
0.06761172933758136
0.07287121911165409
0.07809447078388465
0.07685433128698496
0.07590826264717021
0.07570948739812676
0.07604731610103273
0.07686526133610856
0.0783751239976839
0.0813228311754969
0.08472271528339055
0.08477062769111257
0.08481230311859805
0.0857830938952645
0.08732700669656289
0.08887606048707135
0.08828621730857436
0.07925910074213971
0.08222032715885684
0.08377671442781545
0.08448893460232484
0.08507942295090062
0.08562897724052929
0.08611739157382339
0.08653476019868239
0.0868949766385087
0.08722083910276682
0.08751539513339375
0.0872930741294689
0.08307458803867167
0.08179581047414548
0.08175421186707404
0.08021732504727982
0.07475095480634261
0.05406978573974605
0.06877199046616592
0.07975595471153366
0.08303535155789576
0.084026941507017
0.08481125254204964
0.08581295036263535
0.08725443796408269
0.08996066899933955
0.09528045220516494
0.10475626863538957
0.11361966322775623
0.08536639818346008
0.07346285943984159
0.09444514891220815
0.11706931501106665
0.1356311441341544
0.1465665018569209
0.1453941248956977
0.132998171291572
0.1131476249544136
0.08175756251051201
0.047001985016265374
0.04179253235737135
0.032270469643143423
0.022435474976514477
0.023324229197900923
0.04047229493570346
0.049679443385409715
0.046546160686475976
0.039905464722923285
0.03458832939354142
0.0354558094099057
0.034558160529910883
0.03074005696514627
0.025724846680070593
0.019985784019597237
0.016679084857157352
0.016889003626800164
0.01977861905619508
0.028369152550482522
0.02715643162988244
0.023851794998188208
0.021553152903092874
0.02037143143527039
0.019668571634685772
0.012274091624640306
0.01000757877041212
0.010683822950407425
0.010208144613590703
0.007740338272334064
0.006393430890878637
0.007505211074399007
0.008451221434643169
0.009120451663996595
0.01009926829165233
0.011151399025959971
0.011717244454043846
0.013034625020412487
0.013786475397454909
0.013833069819188578
0.012826870440191178
0.01088320302310175
0.008603943004130369
0.006369198604504975
0.005643432538605138
0.007903051621321027
0.008628405870666697
0.007764561708067367
0.006934383283694791
0.006288547965619248
0.00577053145605083
0.005370399541690222
0.00508816314169597
0.005379028003664481
0.006552847762997931
0.00585458467614723
0.00475886487186297
0.004124628693120532
0.00455835486256027
0.0052107149562135545
0.005368286524537986
0.005844962330654304
0.00591079186047808
0.005348917879779239
0.004678957790448046
0.004120353083793663
0.0035739619426739203
0.0031657398493455387
0.0028395033907905294
0.0025579104368517007
0.0023000314207887074
0.0020361285907047914
0.001782127603302823
0.0015715344215017297
0.0014448637449728072
0.0012753835517740643
0.0011903644487055972
0.0014266022244555955
0.0014051372606490263
0.001225459347077948
0.0010412786033556923
8.825714300801936e-4
8.237820598406901e-4
8.721497666442255e-4
7.882749853237298e-4
6.755802407879709e-4
5.439267996721646e-4
5.148403704372635e-4
5.3919441493378e-4
4.907690189944656e-4
4.4818834689937834e-4
4.0874171804694315e-4
3.700508069596902e-4
3.2609009272912507e-4
2.3442741548877104e-4
1.5875784801757382e-4
1.6532458187810376e-4
1.6368654344818572e-4
1.497882205452188e-4
1.4004061184257107e-4
1.26694867937169e-4
9.728235682166658e-5
8.616534120655868e-5
7.962653674069704e-5
7.262081588570589e-5
6.496679907851591e-5
6.047082832840564e-5
5.3591348419480695e-5
4.727459393988473e-5
4.4854581707879255e-5
3.7755339754594216e-5
1.949854870141933e-5
1.675115116592976e-5
1.754171693579693e-5
1.7075427950970114e-5
1.5334186270585212e-5
1.264781326011013e-5
1.120780664450462e-5
9.599506582765937e-6
8.710686385875388e-6
