-5.755563105509183e-7
-6.591799201336187e-7
-7.539340149991944e-7
-8.606902143622349e-7
-9.802111636187312e-7
-1.114421971428539e-6
-1.2645537201651299e-6
-1.4311783803781637e-6
-1.6162393144656985e-6
-1.821206550337934e-6
-2.0461465899725384e-6
-2.292414251273449e-6
-2.5612050624367828e-6
-2.8513572181141707e-6
-3.1623826078803134e-6
-3.4938389907241523e-6
-3.841669373545789e-6
-4.200982038352506e-6
-4.566562707617844e-6
-4.927697767884175e-6
-5.2699161658068194e-6
-5.576662833026101e-6
-5.822541193736611e-6
-5.973633436949441e-6
-5.99030901926902e-6
-5.821280442633143e-6
-5.404900628621617e-6
-4.683045071485051e-6
-3.6194235310600287e-6
-2.2587228321423124e-6
-8.831363819382429e-7
-3.525247987553083e-7
-2.8207832890906715e-6
-1.2848255297592528e-5
-3.745544066628437e-5
-8.061230838801492e-5
-1.3314722617302306e-4
-1.7777704347848067e-4
-2.0721988569445535e-4
-2.2522841758224632e-4
-2.3750741431614582e-4
-2.4781193444030895e-4
-2.580771467780177e-4
-2.6923083520502604e-4
-2.816810720273125e-4
-2.955583177838843e-4
-3.111731916893935e-4
-3.2828329537011895e-4
-3.470006037617049e-4
-3.673584127366361e-4
-3.8941050752311156e-4
-4.132007195713557e-4
-4.3881794171992826e-4
-4.664353581459495e-4
-4.962843936288366e-4
-5.287349987029215e-4
-5.644252026578881e-4
-6.043428215269702e-4
-6.500768171568077e-4
-7.04319035217873e-4
-7.716069494135332e-4
-8.598315229942992e-4
-9.834141405505059e-4
-0.0011696812447796621
-0.0014713652756515392
-0.0019797340231749163
-0.0027306509718313093
-0.0031239815260144083
-0.002385779187955213
-0.0015222546746105625
-0.0011352948413141744
-9.854185870125944e-4
-9.965211818721209e-4
-0.0011286128868551576
-0.0013699451822221612
-0.0017313342668442424
-0.0022382909097871566
-0.002935456220979002
-0.003878955830272194
-0.0047786363984484645
-0.0025215211775077915
-9.684810522903452e-4
-0.0020835219568953885
-0.0031760530706334946
-0.004072465503673231
-0.004809070919344593
-0.00538533679288407
-0.005954330637096574
-0.006310116170779648
-0.006532001002956167
-0.006617630032522036
-0.006564127251429337
-0.0063673498624872826
-0.006005525111411849
-0.005345018464592152
-0.005582164617647976
-0.005040482032938456
-0.004431449197513733
-0.0038290358708629084
-0.003238764487455909
-0.0026723576035832634
-0.0021411905412254575
-0.00165374511104892
-0.0012173874850160446
-8.388540042415011e-4
-5.192088079320323e-4
-2.650220781071659e-4
-1.5849808338864064e-4
-1.9982310848948e-5
-2.8886269875352894e-5
-2.495941741537673e-4
-0.0011818604053040601
-0.004837499317304721
-0.01713381269304385
-0.02526233042202689
-0.03333151202699724
-0.04012947839361198
-0.04549257300915781
-0.04993318546831673
-0.053166653739338494
-0.05423552024514439
-0.05228728037701155
-0.04863299473277398
-0.048036946403751134
-0.05185812107652598
-0.05427302652675556
-0.045560535745302416
-0.05536147253333382
-0.07179663809148852
-0.08144494426554506
-0.08760451998715937
-0.0913859389021356
-0.09224191257540036
-0.08730823314766423
-0.07051031295002641
-0.05972778098098482
-0.08369844720999545
-0.1018661984547792
-0.1106433370949311
-0.11462196754535625
-0.11524080281051402
-0.10993813821345162
-0.1030618082165929
-0.13009327056175288
-0.13977531037446153
-0.14504511561591804
-0.14880420929329524
-0.151800858722916
-0.1543262726194372
-0.15647228273079783
-0.15820778013626396
-0.15934943209921354
-0.15927260966725854
-0.15586782043933511
-0.15425580688073617
-0.16505624227976678
-0.16825377255795174
-0.16847052851260702
-0.16462728353652067
-0.14126640016016506
-0.14842495329678168
-0.16151745293656
-0.16547484850664237
-0.16584594306617512
-0.1645633890947237
-0.16205531302923726
-0.15819092143966237
-0.1518809613683751
-0.14093304304815693
-0.12091864115810497
-0.08836670896833963
-0.10385757601645823
-0.12146084454937704
-0.10818739794806823
-0.08930805629881325
-0.06682237830210193
-0.050961418582678226
-0.04769987528180615
-0.055111671312851405
-0.0651665797973781
-0.06989912215999114
-0.09555174618591965
-0.11810170004468108
-0.121426793985301
-0.10819853896360834
-0.07650069123007006
-0.06909120690534343
-0.08958207592638917
-0.10667563277293812
-0.11740346682448413
-0.12302372658428866
-0.11951665876817605
-0.1161721274033084
-0.1152056225300746
-0.11462582667108467
-0.11376752478823698
-0.10951857658282418
-0.1017720521689659
-0.08847294081488631
-0.07788368010622045
-0.08262525705440925
-0.08454945231959651
-0.08294643076704958
-0.07791767536423941
-0.06672765541562788
-0.061769630025088604
-0.07355366519703257
-0.07368969692351619
-0.07129251401464456
-0.06981591967676004
-0.06840537592951787
-0.06471602117857571
-0.06062346738765484
-0.05648703204175502
-0.05201500147945696
-0.04765682842457164
-0.04340222821643642
-0.03913405764430409
-0.03534603057186037
-0.03229347382255091
-0.030641170066842124
-0.030282058694086702
-0.030280665805898735
-0.029794727687616422
-0.027400660795006134
-0.022650374993424684
-0.021605499039126105
-0.021699963149358698
-0.021143497257811592
-0.020160882415144767
-0.018909215094212437
-0.01734876605565918
-0.015224407279314357
-0.011045935827203613
-0.006910366228912231
-0.007867809958905129
-0.007764045192416024
-0.008724622306710166
-0.007231601082531701
-0.006221200687809329
-0.005595781932745246
-0.0043240070902992
-0.00375418270970237
-0.004003090672931512
-0.0042549566005614554
-0.004303345382409779
-0.0043099059394741575
-0.004201174556209729
-0.0039977495446456915
-0.0037533114393433382
-0.0034896326680786552
-0.0032391415914814776
-0.0030167467179959984
-0.002760866266050893
-0.0023248651150049814
-0.0019140409698686681
-0.0016333458324159153
-0.0011109028260435471
-0.0011495020625087605
-0.001263348366674488
-0.0012737120449411565
-0.0011779713508377526
-9.096334640242996e-4
-7.734793937100721e-4
-8.081060182493395e-4
-7.858746113976028e-4
-6.994683038614669e-4
-4.668041383706331e-4
-4.818329401498041e-4
-5.067233103833074e-4
-4.755978940988586e-4
-4.2807697652292963e-4
-3.7699424045199747e-4
-3.2016502825043223e-4
-2.818650818165831e-4
-3.3054016929106374e-4
-3.0980295624819215e-4
-2.6241175329650443e-4
-2.2683522492796367e-4
-1.6828596409705927e-4
-1.542782669441772e-4
-1.7359326776744373e-4
-1.6409410746293822e-4
-1.495224105784036e-4
-1.3498698619033775e-4
-1.2071499332470391e-4
-1.0438444286712822e-4
-8.942535052781095e-5
-7.97149910848616e-5
-6.645426200552835e-5
-5.045000233233547e-5
-5.244198636690372e-5
-5.873557267062912e-5
-5.311277742307075e-5
-4.55286775615275e-5
-3.908715048392824e-5
-3.500902130435087e-5
-2.869645133725034e-5
-2.128384053274084e-5
-1.806721984699062e-5
