6.2580357312397e-7
7.695714623065258e-7
9.94131714208641e-7
1.090976132124933e-6
1.3082943696932717e-6
1.6868221603691476e-6
1.9178225064627292e-6
2.0573662460989497e-6
2.2515261574522168e-6
2.3978507890281554e-6
2.726528442827103e-6
3.3793051122186767e-6
3.82784898218256e-6
4.131405803870025e-6
5.042046098705812e-6
6.247187896932123e-6
7.152166249164461e-6
8.378926175892791e-6
9.960419801855526e-6
1.0982879846569543e-5
1.209868984395575e-5
1.4264456989667012e-5
1.6457125140901258e-5
1.8431316240710458e-5
2.160859835691541e-5
2.5574700748904296e-5
2.916294162645782e-5
3.329878810578415e-5
3.8307629424366635e-5
4.311878348834375e-5
4.817208424068312e-5
5.375541003756074e-5
5.917167627673382e-5
6.609970090219924e-5
7.531312165530827e-5
8.309663887403051e-5
8.871171867819962e-5
9.703451948818873e-5
1.1066338277419408e-4
1.2920139515780723e-4
1.511426660024503e-4
1.7172440193781896e-4
1.904227741024372e-4
2.1265585662464992e-4
2.348740451065073e-4
2.5312468856229493e-4
2.806775510671756e-4
3.196042049872914e-4
3.492268675052434e-4
3.7783807106657257e-4
4.351006418726238e-4
5.01255270868615e-4
5.438253160841813e-4
5.913102074308111e-4
6.635840210258186e-4
7.19188311752331e-4
7.53893795774984e-4
8.155793345324308e-4
8.957275184239096e-4
9.527904715419832e-4
9.95436484023604e-4
0.0010396075215465918
0.0010954652340867197
0.0012031259509738632
0.0013437387327971421
0.0014336669884296221
0.0015027145461589929
0.0016432498884443821
0.0017932363472763888
0.0018669509898131356
0.001953230387693189
0.002119399871076729
0.002281653250002162
0.0023967701747893526
0.0024793086107246704
0.002508976269434465
0.002551337739739157
0.0026964009998932995
0.00285615873722052
0.0030076755932111534
0.003350078378649469
0.003843600033022561
0.004168912175000699
0.004365584242310213
0.004775009403577243
0.00538713114636808
0.005914193830004837
0.006198104568191525
0.006200692394861567
0.006125570180272035
0.006437624548257966
0.007235049143928476
0.008192587093865054
0.009310630118276562
0.010655966716644847
0.011662951380050248
0.012008531153020746
0.012415018152991526
0.013436504713287946
0.014623791042046252
0.015570799812760655
0.01640226172866843
0.017111384007354954
0.017676837695518734
0.01846793346895148
0.019699519825327666
0.0210719194484537
0.022226163025937284
0.023139508635496926
0.024229937239731873
0.025866734522408962
0.02747386526578056
0.028294348127271225
0.029235474483446003
0.03185143070502491
0.03565065542582437
0.038964046368249496
0.04172069371765888
0.044924470374919985
0.04867823911242843
0.05238227189818644
0.05536392243510431
0.057008818863534476
0.05768064506926728
0.0584523611662438
0.059303085734647876
0.059861027968074784
0.06127773942613182
0.06411789491151483
0.06614182867790734
0.0656670732223479
0.06479387644427069
0.06649270297488047
0.07086110079586071
0.07572548352825367
0.07895401500763337
0.07999464575851215
0.08021205181016595
0.08107000067332251
0.08241883877374767
0.08390041305290134
0.08627780018430593
0.0894847924457964
0.09143993623355144
0.09068831584463422
0.08863461559958405
0.08771244256002583
0.08841698328102104
0.08969392075400676
0.09162161475260887
0.09509438087761578
0.0989542305834019
0.10127242723905214
0.10316963114363413
0.10648084025128482
0.10931473096109043
0.10961091539369368
0.10949413691755601
0.11067775631312388
0.11122236574763676
0.11056817220804405
0.11033128518437837
0.10930582753603611
0.10611102237963875
0.10423139697490791
0.10627501568617055
0.10869312081303238
0.10851620575316245
0.10790035808818016
0.1083862974801169
0.10842214804222622
0.10726625052390347
0.10509877855760909
0.10131597147118844
0.0965144296856062
0.09270733798289463
0.09069513235060463
0.09039612967184048
0.09163812159379518
0.09257952035631324
0.09124811067192348
0.08873920339950654
0.08672346859679939
0.08416784127010343
0.08032764867417583
0.07699597870932695
0.07493021458445726
0.07229871341745794
0.0681634829252894
0.06395140135614805
0.06101487016718448
0.05888276447235211
0.05601416021217655
0.05185076803653283
0.047856406590110145
0.04549793469856715
0.04397434392127325
0.04179228380706313
0.03921897678895416
0.03715362088118634
0.03527696617192882
0.03300087948758701
0.030654983720844273
0.02873175047665388
0.02716125933709443
0.025694589745094566
0.024304485804641774
0.02316156968847583
0.0223730594930969
0.021724798650985273
0.020879324720562763
0.019756730588611285
0.01846830997142276
0.017128915915691233
0.015881102021407554
0.01481770065254527
0.013964604350570578
0.013444541197711931
0.013236634431774974
0.012873886280225467
0.012023866968811343
0.011095873625597085
0.01059897694548721
0.010311202570016342
0.00971045400835317
0.008827751375230635
0.008138739227202447
0.00784180363848343
0.007657239738717007
0.0073157720792767136
0.006907392630143165
0.006596781235339011
0.006307884264877542
0.005926708493393217
0.005510681189697623
0.0051096102840431975
0.004697511739276939
0.004345013555037436
0.004140504228438866
0.003996229654272633
0.0037881505212299734
0.0035378035547397094
0.0033032518314393302
0.0030871349197792173
0.002905177458712476
0.0027657948713158123
0.0026087809469267295
0.0023891566659579168
0.0021529084682947067
0.0019638186187078367
0.0018248895794001838
0.0016986515832111877
0.0015638442609918406
0.001436751692757089
0.0013378161269279357
0.0012561265468797795
0.001171658120044901
0.0010853892273080634
0.0010019510361550163
9.164994609540881e-4
8.295161764430016e-4
7.456238294666358e-4
6.669373143288755e-4
6.001909314021783e-4
5.470574418735813e-4
4.950645103664985e-4
4.418433761760785e-4
4.021161583496359e-4
3.76476556452395e-4
3.4835093291607776e-4
3.1281835945233457e-4
2.77626698991181e-4
2.46788978877934e-4
2.218678269408395e-4
2.0359569471479659e-4
1.875884950344608e-4
1.703941942779607e-4
1.5310661530306826e-4
1.3563268061984773e-4
1.1854041425639514e-4
1.054455264335719e-4
9.552540611813603e-5
8.43544614502604e-5
7.30025378165044e-5
6.46324148097376e-5
5.783711302269992e-5
5.131080937691249e-5
4.601826937466694e-5
4.095278991628626e-5
3.525109123549833e-5
3.070336006685023e-5
2.7384136758991546e-5
2.3615939885870687e-5
2.0246162169175097e-5
1.831259936221977e-5
1.6319044284969362e-5
1.383853691264149e-5
1.2211367444120678e-5
1.11117196960787e-5
9.555143191221972e-6
