-9.26745018453466e-7
-1.3059411644559666e-6
-1.40882116596439e-6
-1.4486030326549688e-6
-1.8013596243808278e-6
-1.970000970119358e-6
-1.877185473120344e-6
-2.2095735162711937e-6
-2.7852883683896724e-6
-3.173691886761039e-6
-3.826919898751905e-6
-4.600284664608146e-6
-4.9766777638422515e-6
-5.765649240895547e-6
-7.1333027042532625e-6
-7.770213968049059e-6
-8.17745735899433e-6
-9.555948340397458e-6
-1.0611418357000449e-5
-1.120688645152133e-5
-1.3598005629669681e-5
-1.669074990011958e-5
-1.817791626519084e-5
-2.0384442126503614e-5
-2.4296329288795025e-5
-2.6456916969044565e-5
-2.7881618487478872e-5
-3.230509375287804e-5
-3.703883092943428e-5
-3.995564355258277e-5
-4.511839299494001e-5
-5.247645170025943e-5
-5.8704471294122597e-5
-6.659696542644035e-5
-7.70842262166833e-5
-8.607977184969825e-5
-9.777084709735581e-5
-1.179064959321617e-4
-1.3860960515080058e-4
-1.5290735627063206e-4
-1.66493058019627e-4
-1.8279461417952423e-4
-2.0079163847386492e-4
-2.2373741500907428e-4
-2.5250888725691104e-4
-2.8702745567366224e-4
-3.2931797540252446e-4
-3.669440620215732e-4
-3.884091518419577e-4
-4.1766479853293215e-4
-4.7631020943814177e-4
-5.413861367865088e-4
-5.97227456531445e-4
-6.620232563784141e-4
-7.372387023339322e-4
-8.161695658171413e-4
-9.081186477485576e-4
-9.937004738865818e-4
-0.001067406144672561
-0.0012065513950228978
-0.0014227646432819266
-0.0015857747863396126
-0.001684302102175658
-0.0018787886609779518
-0.002161375083828771
-0.0023674847528643204
-0.0025370748436929122
-0.0028204571422364728
-0.003180813308807084
-0.0035513474547750213
-0.003942080244429097
-0.004220000117269441
-0.004301362236718925
-0.0045119192137343216
-0.005167845943084275
-0.006044456951298751
-0.006764092870323341
-0.007302847499383138
-0.007776211169730061
-0.008201036461555433
-0.008648798606688659
-0.009257644879546993
-0.010058219148912867
-0.010939052854886316
-0.011704056707034964
-0.012252375887697254
-0.012834264701136034
-0.013868449338949275
-0.015365986550908402
-0.01683196351008721
-0.017825806406518076
-0.018330896997150545
-0.018501382227280715
-0.018417688775184533
-0.018403433043888084
-0.019155863324810105
-0.020851195892989647
-0.0225452165584929
-0.023441343110428663
-0.024158843141445223
-0.025639908984821384
-0.02774409552692127
-0.03000839900585989
-0.03246527050446497
-0.03482570757722775
-0.036485219276071255
-0.03785483493315615
-0.039895804470129484
-0.04223073241460733
-0.04358397210138431
-0.04406402338036888
-0.04523924601072554
-0.047713933849805705
-0.050077968592147366
-0.05102429171525931
-0.051390020566948
-0.05261292900226249
-0.054046356260313996
-0.05406306316180032
-0.053173330997885966
-0.053410178410368186
-0.05524177583512741
-0.05763698695292245
-0.060304631581417585
-0.06353318191564765
-0.06673377626368597
-0.06904819528198314
-0.07085204473942859
-0.07346517754068455
-0.07739888439293525
-0.08147274264758186
-0.08420719080102985
-0.08561459526170391
-0.08639811163333931
-0.0863250633291855
-0.08550740173494129
-0.08580252516418992
-0.08819746326928989
-0.09075494307855951
-0.0918310449089515
-0.09267981608830783
-0.09455446538835771
-0.09658357397355527
-0.09849525953940452
-0.10173728154008142
-0.10623423327000392
-0.10969936144964075
-0.11143768022370647
-0.11318305468309375
-0.11503517008895776
-0.11441910043240908
-0.11072335393379347
-0.10722733857378686
-0.10620902634487045
-0.10568298999347851
-0.103553742495345
-0.101487961888992
-0.10174555649339194
-0.103280208601434
-0.10375269160368794
-0.10298212672203481
-0.1023747630042139
-0.10257822772045362
-0.10274220206639471
-0.10153745255328667
-0.09909003781562935
-0.09737009422974731
-0.09737993332940956
-0.09740088328744252
-0.09585340757607191
-0.09372586449812784
-0.09244647448524967
-0.091968205937602
-0.09205349495254689
-0.09280069562234232
-0.09363245468729364
-0.09369378721777277
-0.09254609722892863
-0.08997424835670767
-0.0868807712390628
-0.08530636138323111
-0.08527965961407963
-0.08426386709596473
-0.08167601777173453
-0.07981938038302985
-0.0792616911189812
-0.078452852643589
-0.07777620949524729
-0.0785513210403355
-0.07940766424029705
-0.0783889871287577
-0.07624998484478007
-0.07450440112610289
-0.07337079031841595
-0.0729185397752029
-0.0728724540762709
-0.07180117351741806
-0.06936965607490456
-0.06737002439225373
-0.06659063824613373
-0.06565630515336741
-0.0638665120251733
-0.06194982050274819
-0.060032056362366144
-0.05769772830334984
-0.05537640350896713
-0.053563311506071264
-0.051661789919122555
-0.048961917815454024
-0.04587099207339987
-0.04337959486441587
-0.041818945992730956
-0.04060701340799399
-0.039125914457432485
-0.037407031547080694
-0.035679965884008166
-0.033824081225732286
-0.031771344560211835
-0.02983392113428138
-0.02820969454983806
-0.026744668204386455
-0.025292607196046778
-0.023799341489871225
-0.022240929918152654
-0.02081875269331965
-0.01977161534150022
-0.01888386278550803
-0.0177436563145801
-0.016407205784445465
-0.015253943506200685
-0.0143682001886118
-0.013520964151673028
-0.012591788213606701
-0.011689386205850564
-0.010932167462893203
-0.010291546986569875
-0.009671107422062501
-0.009038145546285814
-0.008400071140751935
-0.007742605341028955
-0.00708450191094955
-0.006489297009669254
-0.005964237138155009
-0.0054569532715967786
-0.004950012721877839
-0.0044735651546420774
-0.0040778207441937485
-0.003811329390227694
-0.0036394170539215346
-0.0034401786401717428
-0.0031630436071783804
-0.002877889450314005
-0.002629564198348125
-0.0023908152875083393
-0.002153038536718546
-0.0019343015429997897
-0.0017380177245226542
-0.0015720593441244598
-0.0014441859109913485
-0.0013337700097612016
-0.001227687271932458
-0.0011396642391397563
-0.0010630380620282695
-9.741550963407496e-4
-8.811859033888282e-4
-8.059930273660973e-4
-7.444517890816617e-4
-6.821396881633902e-4
-6.147133835896646e-4
-5.463938345400942e-4
-4.902432342676348e-4
-4.5158439363945544e-4
-4.132881741244226e-4
-3.653214305322415e-4
-3.2219461460438316e-4
-2.9009056346977595e-4
-2.5891889087779955e-4
-2.3083417671435243e-4
-2.1279105446140857e-4
-1.9568809926752802e-4
-1.7336465044731855e-4
-1.5451189095331338e-4
-1.4154988755615683e-4
-1.283603206877211e-4
-1.1566005873194934e-4
-1.0523598936424508e-4
-9.373357243095575e-5
-8.234142946259005e-5
-7.459833699850214e-5
-6.770236949564276e-5
-5.982255120936373e-5
-5.4068171696975754e-5
-4.967735966144382e-5
-4.358392736018998e-5
-3.776841384881628e-5
-3.4057205421903835e-5
-3.0203446879307148e-5
-2.5940828734966196e-5
-2.309300354373589e-5
-2.091938980236796e-5
