1.2324006078491169e-6
1.406890832065125e-6
1.4376253831585363e-6
1.7373410713553387e-6
2.0691934054026872e-6
1.9646083988766155e-6
1.9210583055413607e-6
2.3536919743674483e-6
2.7982160275198626e-6
3.2550220839889007e-6
4.06250402718797e-6
4.79278435794913e-6
5.440845212309496e-6
6.624103476698011e-6
7.743971453653079e-6
8.242438404097701e-6
9.285942274389471e-6
1.1126011216225968e-5
1.262807036522006e-5
1.4406297539325081e-5
1.6979894608442753e-5
1.8286910805327315e-5
1.8288104739740916e-5
2.023683037999343e-5
2.465815356347205e-5
2.948877625840655e-5
3.4677234131741074e-5
4.026034922585222e-5
4.5028605790397395e-5
4.938323714114137e-5
5.353161586414856e-5
5.662591594266516e-5
6.113377443918243e-5
6.986285441881309e-5
8.058893034748077e-5
9.091108224213244e-5
1.0040440700718542e-4
1.0788498561406798e-4
1.1684645267319602e-4
1.326216476673303e-4
1.5044127252963614e-4
1.6686407429631654e-4
1.8924018051476202e-4
2.122694221852436e-4
2.2282956215868708e-4
2.3305861513189704e-4
2.486039208402177e-4
2.3792998922118945e-4
2.065934681773419e-4
2.159798783015837e-4
2.6311142912619845e-4
2.7818270872001743e-4
2.67054569825719e-4
2.8637209105930996e-4
3.1816967566021244e-4
3.390155281438855e-4
3.921496124940218e-4
4.612290391095558e-4
4.6505557788958967e-4
4.307486043488626e-4
4.4204682441553435e-4
4.6435539089386454e-4
4.493659773252717e-4
4.7022674235674316e-4
5.655244710521778e-4
6.450660854026225e-4
6.608489976546518e-4
6.720542243841205e-4
7.172125647703188e-4
7.791727995757545e-4
8.294850660231335e-4
8.231449975374292e-4
7.487751218410773e-4
7.1475847858179e-4
8.625772275096983e-4
0.0011616634189504098
0.0014062431189066883
0.0015027334755966263
0.001640865058326147
0.0019888343472864393
0.002383291167771784
0.002650359116713108
0.0029827851952458897
0.003549178595563728
0.004103807859408965
0.004488780205507921
0.0050060711279785175
0.005826149081083359
0.006681348732966035
0.007480692067470967
0.008478037542706715
0.009681156791566215
0.010845202622827418
0.011964889221741704
0.013120545091997211
0.014193363058275725
0.015240070790616789
0.016573313164034813
0.01815189865959805
0.019581805564788574
0.020814889672027156
0.02217457306973075
0.023832324908479648
0.025761437718327992
0.027850963233663015
0.029874233042523277
0.031851386085944726
0.03421162164611683
0.037015609966904624
0.03961963043499125
0.04158639498208488
0.04315809802160693
0.04477410457442743
0.04686554479632399
0.04955297233673873
0.05212544595364067
0.054084111561386684
0.056400687448723556
0.059772678723031304
0.06287287619695081
0.06480605925042934
0.06715142711765108
0.07103198029130212
0.07498847181466328
0.0777811476183158
0.08011218119548998
0.08250485954281059
0.0846579112962447
0.08695382448450732
0.08991472388665661
0.09291825227802769
0.09524852353246539
0.09724367769941107
0.09964055129478365
0.1028595940445092
0.10672702287402361
0.11026511037679777
0.11259651259785385
0.11416308337158369
0.11608417722752494
0.11862302523946044
0.1210537740525126
0.1227639444338255
0.12409839695927168
0.12581304599272491
0.12772347508439702
0.12908152645452645
0.1302519483267897
0.13186581286729598
0.13285934326158647
0.13225260430216074
0.13144808676546504
0.13169582878584699
0.13182664302497557
0.13110657513131957
0.13074032071725847
0.1309024988731906
0.1304563367791957
0.12983333325572105
0.1298496441666177
0.12888127101553612
0.12537781276632132
0.12111229038030696
0.11854048825238371
0.11736555536706832
0.11598201133547223
0.11380123514598317
0.1108508090398262
0.1072904419083718
0.10385372112332501
0.10106133320134482
0.09807925236180538
0.09373518324260532
0.08838844308930874
0.08364522195782172
0.08031460669434386
0.07747776601462261
0.07377623762493296
0.06913293518267842
0.06464749054502039
0.060852272042393456
0.05699605748715703
0.05253948638634195
0.04819102410239526
0.044492940880534605
0.040682202392543665
0.036184099260854266
0.03185684751892077
0.028525153678614162
0.025686327979320397
0.022681011820737677
0.019777899685919233
0.017362125560203428
0.015199576270023
0.012990436846317135
0.010908952228716216
0.009295385839826822
0.008094445061019744
0.006875153387949554
0.0055389332903026806
0.004587392698005506
0.004282852695551087
0.00419865842604985
0.004072245702076577
0.004206069942205575
0.004655288810896201
0.005036224095202383
0.005293063368064622
0.005719754290379319
0.006349425903983105
0.007022718576583936
0.007693115265620285
0.008266999205392622
0.008623638701763789
0.00889222230925959
0.009254801019879615
0.00962071406854102
0.00984842528962958
0.010015827879421143
0.010231378965512744
0.01043626888022485
0.010521954671088544
0.010478302393364527
0.010380864952028465
0.010300765498983257
0.010233115350164367
0.010104215323577212
0.009852568234027193
0.009506187924404746
0.009174071933516893
0.008925422511467754
0.008692986300913757
0.008368739697914107
0.007956021578752968
0.007537679874355232
0.007157246339613174
0.006805770258821977
0.006460946595738134
0.006113079348225729
0.005787347631705608
0.005499777133955171
0.005202853586716105
0.004863559316973683
0.004532690981018432
0.004245765342520865
0.003967259529650547
0.003689147528302279
0.003444622822653432
0.0032215456061236115
0.0029927826937091204
0.0027787521173828953
0.002589442549307022
0.0023962323280747122
0.0021980870609856844
0.0020193580837738825
0.0018579642958901474
0.001706778849580854
0.0015733069478834347
0.0014478974310241344
0.001316185111868854
0.0011914964917280715
0.0010847970090315867
9.843309061853074e-4
8.886219785623964e-4
8.076081678076698e-4
7.352615636251604e-4
6.636786615722149e-4
5.994312710488947e-4
5.434454076786362e-4
4.877001457331606e-4
4.3406044600733594e-4
3.8860502768110853e-4
3.493839422141017e-4
3.1429909153637216e-4
2.8359444828275247e-4
2.538859585723096e-4
2.2399573135562696e-4
1.9786819301893427e-4
1.7580811126135493e-4
1.550127251620206e-4
1.362323259828047e-4
1.2014952389236328e-4
1.0490711637915983e-4
9.110824193631221e-5
8.037017578472596e-5
7.094578189821603e-5
6.14241511126599e-5
5.314167175824666e-5
4.6238160825713254e-5
3.9608042406699006e-5
3.375074634852936e-5
2.9103775503894075e-5
2.4763122691818876e-5
2.0672250784543636e-5
1.7469526235475034e-5
1.4773416323506023e-5
1.2215565826628445e-5
1.0204805964062587e-5
8.650963453731594e-6
7.083217100408397e-6
