-8.20775505451227e-7
-8.499107032130876e-7
-8.76510054867487e-7
-9.639272091405697e-7
-1.0274875828599171e-6
-1.1664830643959629e-6
-1.6012668014468617e-6
-2.0485220680568685e-6
-2.1810498053463e-6
-2.3852527193526837e-6
-2.915832177911751e-6
-3.335288230646454e-6
-3.5424472840257534e-6
-3.837564646197469e-6
-4.166029073391185e-6
-4.6787230377168484e-6
-5.673125872394786e-6
-6.582352665297154e-6
-7.105871230057023e-6
-8.004028912104635e-6
-9.185037575404164e-6
-1.0318971674469535e-5
-1.2839717268406708e-5
-1.669625182890589e-5
-1.8929388100664688e-5
-1.959912083593439e-5
-2.1733005352840302e-5
-2.430708071532918e-5
-2.529193166895614e-5
-2.794514267860664e-5
-3.428698957245036e-5
-4.127304556503531e-5
-4.8992920182155876e-5
-5.9450983826409386e-5
-6.868616014466698e-5
-7.450410602808875e-5
-8.328187230849665e-5
-9.832358634501319e-5
-1.1530984021497377e-4
-1.3222434065545863e-4
-1.4886011285208746e-4
-1.6263086288541233e-4
-1.7631318025218627e-4
-1.9778789802763993e-4
-2.2855466501549233e-4
-2.6652557254959534e-4
-3.15499765530616e-4
-3.7803722105898705e-4
-4.439574595934012e-4
-4.977975775191216e-4
-5.441755504533599e-4
-6.167083340567942e-4
-7.366646665685676e-4
-8.724456137795453e-4
-9.80571225417823e-4
-0.0010661036502887461
-0.0011565552965950058
-0.001258210269217655
-0.0013802044401997878
-0.001546261099601047
-0.0017617320215791714
-0.002013103901111195
-0.0022728928193601057
-0.0024886311083108592
-0.0026492563113553976
-0.0028436863932804206
-0.0031430681728625933
-0.003487678058924553
-0.003796035090375776
-0.004095584119782496
-0.004478603599583933
-0.004993692658778128
-0.005564181071527164
-0.006020880550386874
-0.0063292829959966865
-0.006683874682294368
-0.0072224913905569454
-0.007862527874270818
-0.008530453555636986
-0.009217079641520895
-0.00980087751007264
-0.010216117129987634
-0.01065429691063943
-0.01124652447996798
-0.011864461158185544
-0.01245685193295599
-0.013115398906351182
-0.01374349087151962
-0.014170131059418596
-0.014515023895344347
-0.015024721371756986
-0.015712276637687032
-0.016393077533236294
-0.01694276900287168
-0.017494071179280868
-0.018308641260588284
-0.019261005811357892
-0.019847030153853452
-0.020085856667193123
-0.020665171211691535
-0.02172940606985771
-0.022620857853095862
-0.023279698535423776
-0.024477386476788016
-0.026188280116093934
-0.027347412919033347
-0.02771505346083608
-0.02830623426696299
-0.0295320268408248
-0.03066009093859668
-0.031498976890536406
-0.03276619045705466
-0.03446073387789317
-0.03581920916777138
-0.03707866370589659
-0.0392013326229085
-0.041766624472277934
-0.04322782745893822
-0.043265130316388185
-0.04309495565281777
-0.043732779621335816
-0.04540124273559703
-0.047988101817448066
-0.05078015944111053
-0.05262622174720542
-0.053659403279734834
-0.055765542588166954
-0.05964065645541111
-0.06264762609206911
-0.06232928829053005
-0.06093314614849677
-0.06243056615422722
-0.06580721759061733
-0.06652956363736004
-0.06441482876819477
-0.06419083124942924
-0.06795992584994885
-0.07252757263764707
-0.07458631931060045
-0.07436692591464697
-0.07412115092074074
-0.07565154945175881
-0.07905706716473299
-0.08284934623182844
-0.08565947673383288
-0.08741252420795452
-0.08845358053323414
-0.08883166029634267
-0.08890980233396543
-0.08961828745191719
-0.09186845965795465
-0.09572966878332942
-0.09974017572729064
-0.10187597369730485
-0.10202796375558251
-0.10218803593614914
-0.10355192724031326
-0.10511357143446126
-0.10568961202403084
-0.1059817610431345
-0.10780674590258967
-0.11135590570101664
-0.11426405796829897
-0.11478597434456914
-0.11448563302088105
-0.11545204732173199
-0.11710633699171942
-0.11834297416694455
-0.1195342353975091
-0.1204932761517859
-0.12064598719044943
-0.12152269228730835
-0.12430058853590197
-0.1266950747281093
-0.12703691945718337
-0.1275131583700389
-0.12944310763187875
-0.13092631709915406
-0.13158599400323284
-0.1331434222673041
-0.13476690389641915
-0.13435273476893844
-0.13301179733456334
-0.13266437687277513
-0.13239608197041688
-0.13152400280334406
-0.13168532411354944
-0.13279793385278157
-0.13213378545056637
-0.1293216475551968
-0.12709285528630193
-0.12615483822813006
-0.12433381771782065
-0.121224935455247
-0.11904407103291985
-0.11843310445378885
-0.1173345625752614
-0.11443638796599294
-0.11064442578240535
-0.10700176654495755
-0.103592565614574
-0.10032260677947238
-0.09697686911803319
-0.09304963443442411
-0.0885806801231898
-0.08418023447420442
-0.07992250515983503
-0.07556086262665752
-0.07146501852676201
-0.06786700458372016
-0.06409216436794478
-0.05983168977901441
-0.055873821591177965
-0.052678823845009534
-0.049695599535440026
-0.04651523529596832
-0.04337125009348425
-0.040486181799981334
-0.037809802926046646
-0.03513465619317236
-0.03225957002308019
-0.02946575930101261
-0.027357983225763865
-0.025820286317217465
-0.024103712123702298
-0.022120058892612066
-0.02038531353810356
-0.01888694507666306
-0.01733237068069452
-0.0159458107954298
-0.014881627124111988
-0.01372030279567798
-0.012329044418307436
-0.011174306474544227
-0.010397675385834065
-0.009642373007757778
-0.0088275340873634
-0.008168298448846877
-0.007628584687616834
-0.0070349478010951995
-0.00643210379329867
-0.005931887979968838
-0.005509558738023324
-0.00510308721276387
-0.00469410435834245
-0.004287633367360069
-0.003912152561708214
-0.0035835063884085984
-0.003280528961286671
-0.003001116908999136
-0.002760060772303092
-0.002533959272172656
-0.0023031411781123516
-0.002092054055019488
-0.0019085065672787371
-0.0017357960176847445
-0.0015887359768737112
-0.0014790878804373843
-0.0013726668013845438
-0.0012520806766786294
-0.0011426433802117844
-0.0010490500670709772
-9.536847126515581e-4
-8.641635995396135e-4
-7.923387105657242e-4
-7.257307663529392e-4
-6.577805516306951e-4
-5.980910976263681e-4
-5.463335500432917e-4
-4.964368257045221e-4
-4.5150908268676125e-4
-4.1205679004666036e-4
-3.728343079380556e-4
-3.3548468324867144e-4
-3.042160451076615e-4
-2.771575682139002e-4
-2.525078698221561e-4
-2.3119587947389344e-4
-2.1226960526990528e-4
-1.941395497695057e-4
-1.7646554152987959e-4
-1.5928158164242186e-4
-1.4412532740087404e-4
-1.3198244273965564e-4
-1.2039707293155774e-4
-1.0836550742172342e-4
-9.837667315902907e-5
-9.002869334942112e-5
-8.080141541662649e-5
-7.216539334141072e-5
-6.590104910674412e-5
-6.0018906542908816e-5
-5.391330342300128e-5
-4.9229530967746935e-5
-4.504230233965208e-5
-4.0130112096113117e-5
-3.607204768386145e-5
-3.316804642045722e-5
-2.9778877854240453e-5
-2.6428907721765248e-5
