-3.117498084809531e-7
-2.718568714415445e-7
-2.454891806257706e-7
-5.936972595878051e-7
-7.418798202482296e-7
-6.418885671279855e-7
-1.0116491489559215e-6
-1.48815885589104e-6
-1.545492179179604e-6
-1.8529815538860214e-6
-2.4078398938477574e-6
-2.5787068332967746e-6
-3.0214897396179405e-6
-3.930762160819621e-6
-4.362689813240741e-6
-4.875721839145797e-6
-6.002152100873907e-6
-6.589026824306129e-6
-7.328864853482499e-6
-9.351295510205479e-6
-1.0631950751898619e-5
-1.1452966908792919e-5
-1.4772900557894622e-5
-1.8122601758249015e-5
-1.947113952434868e-5
-2.345894591963833e-5
-2.8691138494635014e-5
-3.052672914467437e-5
-3.745692890282324e-5
-5.126122600196601e-5
-5.2199779863156135e-5
-3.988952465990727e-5
-4.19910680004204e-5
-5.961355241629457e-5
-7.137351565933608e-5
-8.57526561146461e-5
-1.1516075434284889e-4
-1.3755546320746176e-4
-1.4390570636048115e-4
-1.5743677025302835e-4
-1.80125857071893e-4
-1.9711763740691787e-4
-2.1792157835970785e-4
-2.4783877094124775e-4
-2.6927509637548894e-4
-2.866961527944879e-4
-3.235369846963618e-4
-3.7421778349439023e-4
-4.2169540131206423e-4
-4.802394184708709e-4
-5.714193509297153e-4
-6.758856571925248e-4
-7.493030473136697e-4
-7.94480404977277e-4
-8.690939251507648e-4
-9.89000350499534e-4
-0.0011116385772907823
-0.0012494307723157345
-0.001450376107410117
-0.0016685609429677038
-0.001855564869577789
-0.0020934842377186434
-0.002416169923170747
-0.002697516545573677
-0.0029075125152762003
-0.0031817895503520686
-0.0035374009193674394
-0.0038746503012248336
-0.004238822106872744
-0.004729580584731027
-0.005280174530334411
-0.005801094208012803
-0.006348052415603214
-0.006987710030282933
-0.007687937030141661
-0.008382958146083957
-0.009028596203306372
-0.00964934234941361
-0.010350354131261784
-0.01117772785284416
-0.01203709032004022
-0.012854180249454627
-0.013689862594183222
-0.014604613699637335
-0.015516947475479393
-0.016288981429376462
-0.01695691184654262
-0.017777531899097945
-0.018885961528480176
-0.020047571187479928
-0.021063656088523224
-0.022172818699346144
-0.02358664751958636
-0.025005429523277358
-0.026126580867317593
-0.027124850099845006
-0.028169734690060438
-0.029155746040511635
-0.03025619443641681
-0.03190011235256465
-0.03388661184717521
-0.03534989547614969
-0.03599508195931264
-0.0367395878752057
-0.038491335325051126
-0.04062805080384657
-0.04180406072636237
-0.04225099109661544
-0.043620480699527855
-0.04640733991223114
-0.04945881820151406
-0.051758886826047304
-0.05285474925995825
-0.05285753831061207
-0.05345228393433681
-0.056329810549091676
-0.060140721937480504
-0.06255922880769954
-0.06434740708265918
-0.0673595386910468
-0.070974798381145
-0.07395945240175872
-0.07649842192259296
-0.0786430313833562
-0.0802568432304842
-0.08197509025264536
-0.08362898481626381
-0.08437465449950646
-0.08520941798756
-0.08750067250047759
-0.09018049987087416
-0.09197015705566954
-0.0937801034636142
-0.09701325893175622
-0.10207640069761405
-0.10772608998185396
-0.11089462598637721
-0.11071009722309712
-0.11089103986618246
-0.11339207102464294
-0.11520820568888447
-0.11578392842088472
-0.11872726003152242
-0.123818730175648
-0.12736954767418907
-0.12928109805439997
-0.13086794918997632
-0.13123141571483066
-0.13188293314315636
-0.1361558349019395
-0.14176763880370197
-0.1436591225280985
-0.1421175047031555
-0.13984256178862411
-0.1370655460046072
-0.13511766453750237
-0.13654317400786573
-0.13952907968951705
-0.1404724394293652
-0.14054416525179084
-0.14246183802244142
-0.14451520907452944
-0.1435844500640678
-0.14057174263118563
-0.13919541727766546
-0.14118756390778098
-0.1444206292511383
-0.14614731742582088
-0.14684869256083766
-0.14813252620741527
-0.14878894402586496
-0.14764925723293298
-0.14716539799123793
-0.14885786534111728
-0.14988706147199776
-0.1484867158541592
-0.14680798047036775
-0.1460347530267389
-0.14517672039156493
-0.14451352676004178
-0.14436661740634846
-0.14311520383544932
-0.14066712509068185
-0.13947628187601885
-0.14006426345592318
-0.14047452055228746
-0.13994152765300077
-0.13888775594803263
-0.13728853981846628
-0.13556277272247352
-0.13423052968188012
-0.13237846262689232
-0.12934374120400047
-0.1263662493757328
-0.12440852275310027
-0.12280249983707689
-0.12090444705516833
-0.11856069747946053
-0.11534278230071571
-0.11123640488306917
-0.10703837395954358
-0.10328533455243398
-0.09990108490177212
-0.09662943113520098
-0.09311837524549244
-0.08933678350210289
-0.08576981590519255
-0.08247514176589996
-0.07893562328985018
-0.07518238583333164
-0.07159959961029773
-0.0679038232507987
-0.0638466182935078
-0.06007503798473998
-0.05702272630441622
-0.05409332092624006
-0.05076694762290967
-0.04735744299441725
-0.04427782201828906
-0.04151451223803589
-0.038937650848688395
-0.036474891696293234
-0.034023778699404233
-0.031579473742961446
-0.029317687718951754
-0.027316580521901578
-0.025400632076941532
-0.023463350505154097
-0.02167500695785131
-0.02015415580883091
-0.018751740324405755
-0.017352847575854903
-0.016049924847939014
-0.014901924504504506
-0.013841137905882405
-0.012833620149091788
-0.011894114817718805
-0.011010567885991345
-0.01017905092314239
-0.009416312239396063
-0.008716074568374853
-0.00805848376383912
-0.007426855578608187
-0.006814585214900721
-0.006248431064384149
-0.005749216179300651
-0.005288394654705616
-0.0048541702092384205
-0.004472023722265629
-0.004118643166389832
-0.0037506265924827143
-0.0034017287357994024
-0.003117379418283064
-0.0028686907633494185
-0.0026225735078019706
-0.0023900687002328612
-0.002176826912723701
-0.0019813919145953893
-0.001814232182182608
-0.0016678326413869398
-0.0015257507862134639
-0.0013949864047346978
-0.0012756679439243183
-0.0011508339425072701
-0.0010319026825165735
-9.433097436884714e-4
-8.723513233682387e-4
-7.960749187484762e-4
-7.197003030714173e-4
-6.519422226043943e-4
-5.89225917007609e-4
-5.326104570414113e-4
-4.8390797933147285e-4
-4.379961123651942e-4
-3.95130917470641e-4
-3.591711589687815e-4
-3.2638699798515894e-4
-2.9395328901140325e-4
-2.654654407644193e-4
-2.4086737069876435e-4
-2.1718165723959914e-4
-1.9570532830261286e-4
-1.7709512820475326e-4
-1.590863299366729e-4
-1.4259910602439614e-4
-1.2947686787867299e-4
-1.1751325197621038e-4
-1.0523755424316011e-4
-9.45580012054858e-5
-8.572725146034567e-5
-7.715556819190156e-5
-6.919214233343345e-5
-6.250611308340859e-5
-5.608774341405931e-5
-4.974519202234334e-5
-4.452668596356143e-5
-4.018940580749489e-5
-3.581181217815398e-5
-3.174502038929453e-5
-2.8461925936661062e-5
