-1.221814265144864e-6
-1.3904733365985665e-6
-1.2321314266994352e-6
-1.4864630023711477e-6
-1.8907425301471149e-6
-1.7310350276917082e-6
-1.8200842542343668e-6
-2.4689436299576927e-6
-2.5257096785828035e-6
-2.438775925780648e-6
-3.2690515547156124e-6
-3.809009196612825e-6
-3.718718087525439e-6
-4.593618365695407e-6
-5.613985919248761e-6
-5.541848653573666e-6
-6.274071594261368e-6
-7.803502024048415e-6
-7.887414345996398e-6
-8.356907010702321e-6
-1.0648321468760212e-5
-1.1542364015454594e-5
-1.1997005752258686e-5
-1.5663009017727065e-5
-1.8565117747003136e-5
-1.8493343491782686e-5
-2.2211978303937705e-5
-2.9267601369452245e-5
-3.20092860833232e-5
-3.3082057689158124e-5
-3.6679476488411606e-5
-3.862505151513277e-5
-4.1785711868748276e-5
-5.055208356411335e-5
-5.53791832000325e-5
-5.710136837871198e-5
-7.381133939841348e-5
-1.0130513547163136e-4
-1.192526995640894e-4
-1.325206038433777e-4
-1.5275300041291386e-4
-1.7252069785698225e-4
-1.888464617639347e-4
-2.0472748555053802e-4
-2.1852152263926924e-4
-2.449207613356485e-4
-2.921071075785656e-4
-3.3124201615352176e-4
-3.587719527099007e-4
-4.075542313899752e-4
-4.568043645048005e-4
-4.736926837921395e-4
-5.052867372025141e-4
-5.753477310772943e-4
-6.396391657430827e-4
-7.309960982110875e-4
-8.949931236499417e-4
-0.0010346013449951856
-0.0011119788062779296
-0.0012671614680517796
-0.0015030418905064868
-0.0016505794231241775
-0.0017257993264482299
-0.0018815231613324537
-0.002142679035396538
-0.002488124566523746
-0.0028426609844532263
-0.0030050364513569427
-0.0030525045312469164
-0.0033870512373716274
-0.0039840989537042884
-0.004421405468417143
-0.004772406311924778
-0.0053940373422135595
-0.006100352584152157
-0.006585342242152378
-0.0069999470438357565
-0.007444963748950324
-0.007847824147597493
-0.008420192873572183
-0.00923640817691503
-0.009912806246859826
-0.010439544891488359
-0.011230005677718174
-0.012047431778303272
-0.012264665453754499
-0.012099009530560553
-0.012354519197146691
-0.013272392240146962
-0.014389649313212289
-0.015195914149412466
-0.015749114383249593
-0.01665836061415319
-0.018108921607498742
-0.019370746760130043
-0.019917484808825426
-0.020160246288235588
-0.02056148575095318
-0.021202136943422507
-0.022319804028910227
-0.023913068389355512
-0.025122003596632154
-0.025335930390855806
-0.025317361749338973
-0.025980305419058557
-0.026810340414682405
-0.026886717257084775
-0.026760171263172827
-0.02755752895407578
-0.028879911884124285
-0.02978002540911439
-0.030847230890726773
-0.032704850088975855
-0.03415445753451283
-0.034573993537214374
-0.03548087056467216
-0.037453894910276404
-0.039089931776730376
-0.04008019445903124
-0.04138163745116693
-0.04297264024376213
-0.04465951724364536
-0.04656612302846417
-0.047498240337872207
-0.04696909859745756
-0.047506560627231235
-0.05024438718907066
-0.05248101083903469
-0.05341896882299854
-0.05549971988416122
-0.05837731096294163
-0.05984590624116155
-0.061497424868954854
-0.06521320642566764
-0.06820102471816054
-0.06835858773117694
-0.06839997980047963
-0.07017890881414131
-0.07173733826637928
-0.07205392477379176
-0.07279963001387504
-0.0750267931028144
-0.07784801949792561
-0.07994019129644218
-0.08097554760011416
-0.08163142792082369
-0.08193084266082003
-0.08106566329838054
-0.07998932623393087
-0.08109217327653657
-0.08424690393914162
-0.08677766319881342
-0.08719280786420322
-0.08601354287835469
-0.08466585408509533
-0.08485221224841986
-0.08643465600517698
-0.0871733246437876
-0.08682102204460722
-0.08742350835740167
-0.0884487231469432
-0.08759283144260616
-0.08605695129747656
-0.08709657934380259
-0.09111989522992478
-0.09590591147720759
-0.09879869474352213
-0.09839948512107792
-0.09686331509366619
-0.09735756157634168
-0.09856068632136299
-0.09801202307293637
-0.09832263927405172
-0.10168527316875
-0.10399656962592012
-0.1026059814815786
-0.10152188548392602
-0.10302027519538844
-0.10398859693174266
-0.10324754630352023
-0.1028762165952589
-0.10296330704429928
-0.10255103475168863
-0.10245818606264966
-0.10296243616011407
-0.10328157052640302
-0.1039119169553259
-0.10504186986957056
-0.10502399986945461
-0.10348486393234077
-0.1020401724852057
-0.1009884576158889
-0.09938243834922739
-0.09744403182995812
-0.09591364919347292
-0.09495240370603068
-0.09467576521707495
-0.09451285859811062
-0.09285390434049445
-0.08917857155162358
-0.0849013981336915
-0.08144435987374052
-0.07911535026371361
-0.07737138215810348
-0.07517101433662582
-0.07207387787619707
-0.06882009541573583
-0.06595404984915398
-0.06317650438987847
-0.06035058778351955
-0.05745249505839486
-0.054182608695892275
-0.05093438963592749
-0.048521016168728164
-0.04648058857720846
-0.0437454354481289
-0.040449230527390426
-0.03725505056331203
-0.03430962156371295
-0.031852005254163054
-0.03003568877011995
-0.028198506577031556
-0.025896205733792914
-0.023672861442522047
-0.021913216483046734
-0.02039193404817931
-0.018995581509533985
-0.017617499271005303
-0.016081746065914268
-0.014737120884294049
-0.013910121678567934
-0.013096118966868658
-0.01192460292999982
-0.010860978392317778
-0.010139323189343475
-0.00942630306323492
-0.008697646076072532
-0.0081104457170804
-0.00748834429752102
-0.006817002097029541
-0.006366938275060206
-0.0060487646036654985
-0.005581501871422692
-0.005040542352429184
-0.004577802672348557
-0.004170812023383622
-0.003864161818057411
-0.0036594391280911276
-0.003377565060058239
-0.0030122536651248076
-0.0027389586995386797
-0.0025254793943968743
-0.0022646359878439755
-0.0020445043700632955
-0.0019080658780406955
-0.001751945050255805
-0.0015812535463032066
-0.001463298920889587
-0.0013548681216583763
-0.0012356716151811127
-0.0011500147489407618
-0.0010615739771519103
-9.345415011135869e-4
-8.330614105350474e-4
-7.748922851307502e-4
-7.060908426378324e-4
-6.376775262211736e-4
-5.95365240274768e-4
-5.42015099227233e-4
-4.753012488847665e-4
-4.3524579943521937e-4
-4.058500099365085e-4
-3.609751436332218e-4
-3.241040156739504e-4
-3.0018338788308257e-4
-2.692579861945957e-4
-2.436428109955545e-4
-2.305179363325483e-4
-2.0793739318005635e-4
-1.8116815507760267e-4
-1.6910411171557952e-4
-1.5651857771434795e-4
-1.3439830899772523e-4
-1.2114999680552593e-4
-1.1472985960754758e-4
-1.0092718192340587e-4
-8.950423041866705e-5
-8.565540329944734e-5
-7.688810242003532e-5
-6.656978590250943e-5
-6.378891598095235e-5
-5.907514922968927e-5
-4.930183894358224e-5
-4.5041484733595024e-5
-4.33201829194735e-5
-3.67088717531931e-5
-3.208286392825055e-5
-3.163792789159796e-5
-2.778383425723635e-5
-2.2962984756465738e-5
