0.0750000000	0.0677352079
0.0754013378	0.0520410928
0.0758026756	0.0448055278
0.0762040134	0.0443032169
0.0766053512	0.0445677519
0.0770066890	0.0475873404
0.0774080268	0.0588686342
0.0778093645	0.0710236943
0.0782107023	0.0780832753
0.0786120401	0.0878290407
0.0790133779	0.1027951645
0.0794147157	0.1176102300
0.0798160535	0.1112162645
0.0802173913	0.0968448773
0.0806187291	0.0858267848
0.0810200669	0.0803251899
0.0814214047	0.0841387740
0.0818227425	0.0957144395
0.0822240803	0.1124699046
0.0826254181	0.1253475307
0.0830267559	0.1480780049
0.0834280936	0.1767683629
0.0838294314	0.1626375600
0.0842307692	0.1233042732
0.0846321070	0.0982786123
0.0850334448	0.0910433569
0.0854347826	0.0941764097
0.0858361204	0.1000705030
0.0862374582	0.1051606138
0.0866387960	0.1033923066
0.0870401338	0.0964702065
0.0874414716	0.0947078775
0.0878428094	0.1005454016
0.0882441472	0.1083660753
0.0886454849	0.1074570132
0.0890468227	0.0962301601
0.0894481605	0.0839052197
0.0898494983	0.0741603605
0.0902508361	0.0657994277
0.0906521739	0.0585206783
0.0910535117	0.0546959136
0.0914548495	0.0541833059
0.0918561873	0.0537257167
0.0922575251	0.0541552667
0.0926588629	0.0578899782
0.0930602007	0.0624641012
0.0934615385	0.0641481215
0.0938628763	0.0651062283
0.0942642140	0.0675175097
0.0946655518	0.0709668646
0.0950668896	0.0726840529
0.0954682274	0.0724204973
0.0958695652	0.0725017807
0.0962709030	0.0725935659
0.0966722408	0.0718229397
0.0970735786	0.0721739362
0.0974749164	0.0737339919
0.0978762542	0.0737551675
0.0982775920	0.0695589555
0.0986789298	0.0638448784
0.0990802676	0.0618764808
0.0994816054	0.0647789948
0.0998829431	0.0777206238
0.1002842809	0.0764258084
0.1006856187	0.0720583191
0.1010869565	0.0725851124
0.1014882943	0.0797112726
0.1018896321	0.0917900114
0.1022909699	0.1021022868
0.1026923077	0.1011585460
0.1030936455	0.0927920103
0.1034949833	0.0864782852
0.1038963211	0.0857920945
0.1042976589	0.1011234403
0.1046989967	0.1313733686
0.1051003344	0.1203510938
0.1055016722	0.1235234228
0.1059030100	0.1329890060
0.1063043478	0.1339849847
0.1067056856	0.1270665284
0.1071070234	0.1202417514
0.1075083612	0.1109957870
0.1079096990	0.1010186745
0.1083110368	0.0971385757
0.1087123746	0.0926285696
0.1091137124	0.0855341635
0.1095150502	0.0801238798
0.1099163880	0.0814244311
0.1103177258	0.0842067568
0.1107190635	0.0908381061
0.1111204013	0.0994625279
0.1115217391	0.1018803336
0.1119230769	0.0969709569
0.1123244147	0.0876941073
0.1127257525	0.0796163965
0.1131270903	0.0761064148
0.1135284281	0.0770508978
0.1139297659	0.0812963807
0.1143311037	0.0865008750
0.1147324415	0.0899740029
0.1151337793	0.0916294555
0.1155351171	0.0910703034
0.1159364548	0.0884346772
0.1163377926	0.0837656291
0.1167391304	0.0791033006
0.1171404682	0.0769492302
0.1175418060	0.0779020592
0.1179431438	0.0837023244
0.1183444816	0.0907668311
0.1187458194	0.1056500107
0.1191471572	0.1248710941
0.1195484950	0.1507945967
0.1199498328	0.1376931471
0.1203511706	0.1284531324
0.1207525084	0.1274883487
0.1211538462	0.1296611611
0.1215551839	0.1330573727
0.1219565217	0.1357133396
0.1223578595	0.1348478735
0.1227591973	0.1303403816
0.1231605351	0.1245740058
0.1235618729	0.1189852913
0.1239632107	0.1142200409
0.1243645485	0.1107853484
0.1247658863	0.1103205275
0.1251672241	0.1185667026
0.1255685619	0.1237400358
0.1259698997	0.1141437736
0.1263712375	0.1158498758
0.1267725753	0.1170101134
0.1271739130	0.1184888101
0.1275752508	0.1249259592
0.1279765886	0.1380236561
0.1283779264	0.1522886339
0.1287792642	0.1661272566
0.1291806020	0.1925980911
0.1295819398	0.2227187441
0.1299832776	0.2130507736
0.1303846154	0.1867475026
0.1307859532	0.1692656189
0.1311872910	0.1585504321
0.1315886288	0.1495320779
0.1319899666	0.1408634821
0.1323913043	0.1358029780
0.1327926421	0.1366141014
0.1331939799	0.1397967665
0.1335953177	0.1395253129
0.1339966555	0.1355412320
0.1343979933	0.1348227207
0.1347993311	0.1380450142
0.1352006689	0.1450637148
0.1356020067	0.1533304259
0.1360033445	0.1606290302
0.1364046823	0.1673162991
0.1368060201	0.1755501541
0.1372073579	0.1836530689
0.1376086957	0.1847126398
0.1380100334	0.1856582790
0.1384113712	0.1860973048
0.1388127090	0.1816111538
0.1392140468	0.1727013843
0.1396153846	0.1635747585
0.1400167224	0.1607167223
0.1404180602	0.1662118381
0.1408193980	0.1766648926
0.1412207358	0.1842456548
0.1416220736	0.1875781687
0.1420234114	0.1906757634
0.1424247492	0.1895466702
0.1428260870	0.1804429551
0.1432274247	0.1679573218
0.1436287625	0.1570467632
0.1440301003	0.1503826320
0.1444314381	0.1500873556
0.1448327759	0.1557584416
0.1452341137	0.1629541294
0.1456354515	0.1647604205
0.1460367893	0.1607914407
0.1464381271	0.1560348831
0.1468394649	0.1522796610
0.1472408027	0.1510720141
0.1476421405	0.1531605783
0.1480434783	0.1575544907
0.1484448161	0.1619238253
0.1488461538	0.1650984446
0.1492474916	0.1680514009
0.1496488294	0.1731086480
0.1500501672	0.1816577269
0.1504515050	0.1924708870
0.1508528428	0.2030457908
0.1512541806	0.2092765076
0.1516555184	0.2091473332
0.1520568562	0.2059757311
0.1524581940	0.2047898898
0.1528595318	0.2070612512
0.1532608696	0.2117339150
0.1536622074	0.2164994078
0.1540635452	0.2194214296
0.1544648829	0.2196940858
0.1548662207	0.2183782846
0.1552675585	0.2165885149
0.1556688963	0.2124750706
0.1560702341	0.2069258802
0.1564715719	0.2035801362
0.1568729097	0.2041749988
0.1572742475	0.2073989940
0.1576755853	0.2103377324
0.1580769231	0.2101971929
0.1584782609	0.2067943147
0.1588795987	0.2014078582
0.1592809365	0.1951361739
0.1596822742	0.1909478154
0.1600836120	0.1906953847
0.1604849498	0.1931842540
0.1608862876	0.1967435828
0.1612876254	0.1998306553
0.1616889632	0.2020655913
0.1620903010	0.2053152603
0.1624916388	0.2105433092
0.1628929766	0.2154517942
0.1632943144	0.2181756884
0.1636956522	0.2189740468
0.1640969900	0.2188738904
0.1644983278	0.2196150834
0.1648996656	0.2223889246
0.1653010033	0.2266869066
0.1657023411	0.2299336534
0.1661036789	0.2308236323
0.1665050167	0.2319071907
0.1669063545	0.2342595407
0.1673076923	0.2349498494
0.1677090301	0.2306943638
0.1681103679	0.2228467060
0.1685117057	0.2173345803
0.1689130435	0.2122449618
0.1693143813	0.2073074155
0.1697157191	0.2044515348
0.1701170569	0.2042848747
0.1705183946	0.2054712854
0.1709197324	0.2068952626
0.1713210702	0.2080811886
0.1717224080	0.2084603723
0.1721237458	0.2075306567
0.1725250836	0.2054655737
0.1729264214	0.2028213633
0.1733277592	0.1997509785
0.1737290970	0.1968144388
0.1741304348	0.1948335950
0.1745317726	0.1947550121
0.1749331104	0.1966563802
0.1753344482	0.1992003588
0.1757357860	0.2016956396
0.1761371237	0.2043331541
0.1765384615	0.2070673026
0.1769397993	0.2103381950
0.1773411371	0.2141187249
0.1777424749	0.2184689887
0.1781438127	0.2240128596
0.1785451505	0.2303290008
0.1789464883	0.2351072034
0.1793478261	0.2359922018
0.1797491639	0.2344276994
0.1801505017	0.2329904789
0.1805518395	0.2321721874
0.1809531773	0.2314350940
0.1813545151	0.2322575410
0.1817558528	0.2352603839
0.1821571906	0.2392245237
0.1825585284	0.2425835091
0.1829598662	0.2446435125
0.1833612040	0.2447118359
0.1837625418	0.2418996204
0.1841638796	0.2368581390
0.1845652174	0.2309494511
0.1849665552	0.2230657125
0.1853678930	0.2134077776
0.1857692308	0.2064088272
0.1861705686	0.2048253155
0.1865719064	0.2088049562
0.1869732441	0.2156375767
0.1873745819	0.2200954481
0.1877759197	0.2149251584
0.1881772575	0.2079249181
0.1885785953	0.2028975531
0.1889799331	0.2000702019
0.1893812709	0.1991350554
0.1897826087	0.2011152940
0.1901839465	0.2059480299
0.1905852843	0.2097631068
0.1909866221	0.2089205416
0.1913879599	0.2034373932
0.1917892977	0.1993696566
0.1921906355	0.1984905800
0.1925919732	0.2008907199
0.1929933110	0.2049871472
0.1933946488	0.2087619264
0.1937959866	0.2125740133
0.1941973244	0.2159347749
0.1945986622	0.2173640417
