1.316215423548371e-5
1.579577770158339e-5
1.8660426018438236e-5
2.186052699019378e-5
2.5600446323180897e-5
2.9766497738100142e-5
3.4189995132715544e-5
3.89675780688767e-5
4.4458010489222616e-5
5.0568531825528434e-5
5.7056849475771786e-5
6.274621432703763e-5
6.99774577379045e-5
8.101034874577758e-5
9.406191727320435e-5
1.0929682155574254e-4
1.2686861019888787e-4
1.454835452269108e-4
1.6217982191269115e-4
1.8081650300998253e-4
1.998948718241478e-4
2.0714850074966414e-4
2.1734576483161257e-4
2.5187968387803156e-4
2.9831707104940083e-4
3.4723314974172256e-4
3.956694301532932e-4
4.424669561463374e-4
4.891962757375849e-4
5.439309108264751e-4
6.137391685493807e-4
6.898329499875351e-4
7.650109009377646e-4
8.345115987792077e-4
9.098438917286673e-4
0.0010170046191958122
0.0011550875266767896
0.00131310445488969
0.0014920310613529219
0.0016952725923965167
0.001916548443230909
0.0021511826036916255
0.002410900047358289
0.0026998371340535704
0.003006685306685755
0.003329152774957961
0.0036805994742250625
0.004072394463925674
0.004493498899706555
0.004920422762224364
0.005365442824864424
0.005883977145647678
0.006471035696032889
0.0071176645722653845
0.007864610547297212
0.008668348748070242
0.009462564567312955
0.010281638150801253
0.011229076201981325
0.012356610781194276
0.013608277917102268
0.014904710287384777
0.016097428453466713
0.01772604722572816
0.019406368122184665
0.021310119990619197
0.02318053129603157
0.02481048548818879
0.02605251661173473
0.027397333408181755
0.02954441170682165
0.03228698543668476
0.035157212987140904
0.037344901693768834
0.03971072701554533
0.043477839274714
0.04579411947966768
0.047545324376730626
0.04934424078654768
0.05236623315756861
0.05591868180318305
0.059772142874740086
0.06413610851570106
0.06876721229874845
0.07424549525994853
0.08065826024299269
0.08633919601818332
0.09206187910119049
0.09753602936726287
0.10246821120111058
0.10607505099892992
0.10962011612380924
0.11466219733062998
0.12196521264729643
0.1310910857813832
0.1404712897212189
0.14906383318204774
0.15646854611475502
0.16286891841289602
0.16939927108838482
0.1765239410722452
0.1842336518708155
0.19238619497799797
0.2021244094356862
0.21444193390019956
0.22765993334817766
0.24037593129299736
0.25244028314110534
0.2640928728330828
0.2713756922965669
0.2804188052456057
0.2973032117164491
0.3191251755501912
0.32492233636164114
0.3254248305165908
0.3253691813686231
0.3229765629849448
0.3174241770583691
0.311266339506025
0.3081502011655938
0.30848603101945193
0.31105739048337
0.31478398952480924
0.318923644861985
0.32289739432569486
0.32821372605260496
0.3527268812070579
0.37017697566680113
0.38886360272990667
0.40412378452110975
0.4077649312874081
0.4025472776946189
0.38703492486664676
0.36622721579422557
0.34419334390416884
0.3354787702097446
0.3841905613518693
0.4736162197932755
0.509349850229792
0.49753040764601203
0.46490554467734957
0.43171643455892234
0.40822530070964536
0.3964533294650662
0.3983195945562678
0.41380744156682464
0.44333041001787965
0.4694834912508672
0.48707090571809697
0.4951852956706065
0.4889646200421416
0.4712989303820492
0.4451844307109427
0.4124513647902483
0.37500882075627423
0.3368492113300191
0.30281504996219577
0.28002676916294245
0.27680977559919917
0.2857960805101848
0.290623404638889
0.28401677419180593
0.2750504710083909
0.27408201870093907
0.2878418880452255
0.3117384702754291
0.33086409153508467
0.34199250700072426
0.3437768384784888
0.332672800572734
0.31451471163962935
0.29853508685174457
0.2867170045530788
0.27790570515256297
0.27454971783756466
0.2773917418315205
0.2776819291723307
0.26715514675084734
0.25070581954262006
0.23544466374970294
0.2239756092817285
0.21575243120727913
0.21061025216884194
0.20771808330917296
0.20425884668773858
0.19877842242743332
0.19369928551774884
0.19181638672415469
0.19300338331841677
0.1945863717708236
0.1931425523012942
0.18683967874714447
0.17667018719448194
0.16638049702364252
0.15996715726451938
0.15752883143854157
0.15383585476631664
0.14764186006127294
0.14396696503399573
0.14832983758288482
0.15449675478973254
0.1546019273449811
0.1498006041177693
0.14265840819972328
0.1350742880113022
0.12799179338382483
0.12181392399867076
0.11668080505317371
0.11263937810677778
0.10889185624152568
0.10403202441584236
0.09920482647760648
0.0962928936673686
0.09454144000453134
0.09251113131317862
0.08974448003335316
0.08614475438730276
0.08170260861616137
0.07604624852451536
0.06916142845637915
0.0626365082455918
0.05784321521559989
0.0544940557004648
0.05207656451396909
0.05022847131542629
0.0487460292731191
0.04769680935335341
0.04674548452777216
0.04556096522183671
0.04415665239584113
0.0424491121026077
0.04048989040102739
0.0382942851867594
0.03590914716703512
0.033484745022008815
0.0310890277510453
0.02880757715339525
0.026622404906359327
0.02465077839450972
0.023033249328835912
0.02175332624762582
0.020765642036566292
0.01994195420535245
0.019007413675641384
0.017770651879123182
0.01634686130018097
0.014978449378893356
0.01376907126038588
0.012680834073517881
0.011633260635383733
0.01063664554094335
0.009784084645134812
0.009105536371739028
0.008541868842872665
0.008026314400619999
0.0075147408090074225
0.006983693063357487
0.006437009576082197
0.005889167372574634
0.005391803448599774
0.004993992082623402
0.004620160074406843
0.004203231184491281
0.003782498976849243
0.0034175529928417506
0.003098732718237761
0.002822839809880914
0.0026064443794906484
0.0024382405247454116
0.002284421287473321
0.002125739088035314
0.0019648879181604624
0.0018039110342003728
0.0016406603680182608
0.0014893477692743142
0.001357641662159815
0.0012290060184827968
0.0010981399696088354
9.72387405106704e-4
8.567116582154968e-4
7.5312814868787e-4
6.690974942964987e-4
5.991710989089192e-4
5.345501186016706e-4
4.764672036578596e-4
4.235284125101022e-4
3.733132046643915e-4
3.2702092941658506e-4
2.8770517833310563e-4
2.56461617859775e-4
2.310527057473744e-4
2.0800373356150855e-4
1.851591119707201e-4
1.6330223826043557e-4
1.4343469952504773e-4
1.2614426298032417e-4
1.1120892205882163e-4
9.821831277574331e-5
8.695575465547983e-5
7.72241926768702e-5
