-1.010869875467403e-5
-1.1485080487312484e-5
-1.3002146403438748e-5
-1.4593974011579427e-5
-1.6298075619763708e-5
-1.820499581323883e-5
-2.020506627823557e-5
-2.2586557924321225e-5
-2.550689660741241e-5
-2.8643966162034234e-5
-3.201310899368338e-5
-3.730350828953e-5
-4.5012846933604766e-5
-5.219798990646355e-5
-5.950441881551029e-5
-6.649355912983189e-5
-7.214320985487365e-5
-7.768785719588631e-5
-8.635966752467471e-5
-9.684973421060908e-5
-1.0641339702876404e-4
-1.2777730821658814e-4
-1.6778149999048173e-4
-2.0352833020671166e-4
-2.3022809684289787e-4
-2.5339823756573553e-4
-2.784874245997403e-4
-3.1119366126856554e-4
-3.532847801838721e-4
-4.041886697930807e-4
-4.583891904571129e-4
-5.144676679755737e-4
-5.751768550574237e-4
-6.521486811851775e-4
-7.539201116824334e-4
-8.647226362717142e-4
-9.734163981787942e-4
-0.0010851990432385423
-0.0012034859101080885
-0.0013277798837200527
-0.0014581806596775198
-0.0015994670238741442
-0.001753462087561972
-0.0019152845414711567
-0.0020854136848371943
-0.0022789403170482103
-0.0025090610719554073
-0.0027581422767277725
-0.0030256151176800763
-0.003339791350946265
-0.0037174202515451423
-0.004115609962429873
-0.004523603131110032
-0.004959810264399116
-0.005402499773317442
-0.005874617375426164
-0.006443569115818901
-0.007128365433088363
-0.007896207560386592
-0.008667359427779412
-0.009389022973057898
-0.010097775157107004
-0.010767506255715074
-0.011559398103364494
-0.012594369069710471
-0.013441514677771703
-0.014255506865655462
-0.015259528905573704
-0.01687447826166158
-0.019124858783468188
-0.02124352480247483
-0.02297830733269564
-0.024554818893001235
-0.025984253263861837
-0.02624114456895838
-0.028433501272443203
-0.03128312028398394
-0.034397730620165046
-0.03854154913629119
-0.04266889332126297
-0.04673636519260904
-0.05130865619404573
-0.0560373128728304
-0.06023759268097103
-0.0642072166056332
-0.06821615230357096
-0.07329386837605023
-0.07770545697961047
-0.08255302136519932
-0.08759003012416533
-0.09386874758879107
-0.10197525707515548
-0.11088878029316471
-0.11939174043266049
-0.1265825170794572
-0.1329990260470926
-0.13951117356241283
-0.14667946787110894
-0.15495857549901826
-0.1641399572520178
-0.1738822693596697
-0.18445569368270734
-0.1960731884640804
-0.20770015084565602
-0.21751656665390434
-0.22597093458205328
-0.2339820676483545
-0.2405339948157458
-0.24703297505141275
-0.2534697691241887
-0.25522226481145033
-0.24432227020562197
-0.25345900055824133
-0.2770355996804328
-0.3008303342617512
-0.32323537326042917
-0.34721730704521697
-0.37503368374720686
-0.4064626853494388
-0.43822453320062527
-0.4680718370826942
-0.4959760542672156
-0.5223510060514497
-0.5473296036560116
-0.5696840609855394
-0.5816727857766817
-0.5771420757996977
-0.5953193041350044
-0.5999617482205919
-0.6083020456588326
-0.6275130353516785
-0.6491806303973501
-0.6721974777053439
-0.6978891942905767
-0.7241088051387461
-0.7192609550251907
-0.6502439611507602
-0.5923634640878295
-0.6108956307726927
-0.6651056494465188
-0.7304904098363586
-0.7936106807485082
-0.8459986280976736
-0.8807289794387254
-0.892248084693251
-0.8855275548836273
-0.868902640409636
-0.8602928056105629
-0.8541784033646973
-0.8502654722061633
-0.8535052825012619
-0.86493087382619
-0.8850445161271976
-0.9114836301217919
-0.9389263341875288
-0.9660671506918929
-0.9991328261631599
-1.0199624896096697
-1.0208620443333274
-1.0162326219486864
-1.0215789894955594
-1.0374388216676755
-1.0445127880521055
-1.0293335257348744
-0.9907110014354685
-0.9455234378225653
-0.9107358703434837
-0.883373644093325
-0.8707974826565057
-0.8819392458657163
-0.9038460711924192
-0.9199363122908055
-0.9245125580307616
-0.9160227580973046
-0.893016244563376
-0.8612429856966357
-0.8388638195169837
-0.834322040664939
-0.8359202929597953
-0.8342706426855863
-0.8249782544109867
-0.8079330175181887
-0.7847888441336062
-0.7593096807550246
-0.7356826993156034
-0.7142458705349164
-0.6901225341870083
-0.6593057553038122
-0.6235149876887839
-0.588126145180252
-0.5604992724599809
-0.5439925807496864
-0.5341308373496703
-0.5225869531791483
-0.504340759349969
-0.4804790862269741
-0.4582699422553778
-0.4404541770392987
-0.42246995498068196
-0.3978666307721604
-0.3720275766408163
-0.3540020075589989
-0.3419294610889767
-0.33099794114896547
-0.31850989346813485
-0.3045466963470558
-0.2904279963572133
-0.27739602533641683
-0.26528975907201685
-0.2541216764551379
-0.24471004668478374
-0.23464685917703132
-0.22146411864719248
-0.20660282093725896
-0.19225121854995728
-0.1794396668323009
-0.16835365017974324
-0.15838744399507051
-0.1496790179612219
-0.14294569025592296
-0.1370458649735981
-0.13043592153257189
-0.12307828286348818
-0.11506779688585086
-0.1065495961875988
-0.09788624297571294
-0.08950663903640682
-0.08191253723161948
-0.07494542768123363
-0.06842687496223229
-0.06286618858479262
-0.05857511193758949
-0.05523751408841307
-0.05204807493352802
-0.0491077976337112
-0.04637860351727564
-0.04359591677791843
-0.040758910087272934
-0.0378941441811882
-0.03495302741563968
-0.03197449154120574
-0.029022592918582963
-0.026230583729371138
-0.023834898840581167
-0.021974710997991656
-0.020511696227589155
-0.01916624279230317
-0.0177954246608509
-0.016403487774922915
-0.015075994424378139
-0.013849794346813035
-0.012645616416652832
-0.01141795906772343
-0.010218154504438757
-0.009094604902317062
-0.008085946453639943
-0.007208379123706026
-0.006441894686488035
-0.005775337815132241
-0.005183932847551202
-0.0046347320102068474
-0.004166628202129555
-0.0038067191294910633
-0.0035068739673153127
-0.0032094371031252096
-0.002908479535110496
-0.0026022244936778063
-0.0022822620636172384
-0.0019666048296297827
-0.0016876648848679668
-0.0014623443616305254
-0.001285776439870193
-0.00114701747019888
-0.001038685408133196
-9.472909245973411e-4
-8.61075818283846e-4
-7.824348363935716e-4
-7.112978723294282e-4
-6.425213934171376e-4
-5.780415594436226e-4
-5.242237597394793e-4
-4.8117719056648767e-4
-4.380969284319452e-4
-3.975996261209266e-4
-3.5814186215811744e-4
-3.213115698114034e-4
-2.8840499862160395e-4
-2.58221744002496e-4
-2.3008671779207288e-4
-2.0394520160210028e-4
-1.803603176259574e-4
-1.5863590430175735e-4
-1.399865763404999e-4
-1.2361078014000687e-4
-1.0897475341166082e-4
-9.579731039834287e-5
-8.375480540154595e-5
-7.298862982805535e-5
-6.362398017360082e-5
-5.538117443396377e-5
