1.1771109364917257e-6
1.3605475245559545e-6
1.4335405925839333e-6
1.7559886774581208e-6
2.1570583471147898e-6
2.271562444136164e-6
2.630436781635589e-6
3.307362409728045e-6
3.42013442783885e-6
3.2897602927549505e-6
3.884071240079019e-6
4.632806281262813e-6
5.115793427738251e-6
6.134791867835036e-6
7.283087965942795e-6
7.829556644146207e-6
8.925258777591905e-6
1.0761454954456799e-5
1.194093367597165e-5
1.3303532436904507e-5
1.5951851915164674e-5
1.8243301455578403e-5
2.0311548817655156e-5
2.424410060841489e-5
2.8538940696293688e-5
3.191838084161106e-5
3.698960818320122e-5
4.2949778870750784e-5
4.69942611163387e-5
5.235489097795901e-5
5.981982545281028e-5
6.365284225401823e-5
6.697768709048318e-5
7.715634095455064e-5
8.666435403659134e-5
8.89036502999778e-5
9.539680095140793e-5
1.1117811569624745e-4
1.2731803685108966e-4
1.4706543425939333e-4
1.742367453165913e-4
1.9106974528288736e-4
1.914851340420134e-4
1.9732032242462282e-4
2.1588059113245738e-4
2.358390446446581e-4
2.597380699645789e-4
2.8529745491760267e-4
2.9444949956704324e-4
2.996214153640771e-4
3.3376912081868257e-4
3.8487000640095246e-4
4.1941577441295474e-4
4.5025984742595954e-4
5.057673217629362e-4
5.667926352259437e-4
5.921762359489302e-4
5.819630337373982e-4
5.823714759665374e-4
6.270737115109877e-4
6.946984981086636e-4
7.545610099060759e-4
8.124915326371724e-4
8.542185897825479e-4
8.314220770704357e-4
7.735171338415519e-4
7.826778578790193e-4
8.757238018782875e-4
9.808172379226561e-4
0.0010603367605995875
0.001103489641810758
0.0011222414434097089
0.0012201114998403283
0.0014530928516080647
0.00167720704081111
0.0017984040927081432
0.0019692933218028383
0.0022748089831856025
0.0025611504670961563
0.0027670590525149612
0.0030048479518788055
0.0032709245477640907
0.0035241412039172908
0.00391808049038871
0.004541640183669694
0.005208973971049121
0.005821580186925357
0.0065728023539020465
0.007597447271294993
0.008748186437451852
0.009784831331720317
0.010625782168057991
0.011476188586289602
0.012603327288601234
0.013842778253390356
0.014762912448272549
0.015466823858763126
0.016448536457177823
0.017600010862388746
0.018477137212192754
0.01944553576040904
0.021186608031514176
0.023331618419817166
0.025025009605227626
0.026382682045088004
0.0280585268308676
0.030005697573244592
0.03181865464534979
0.033685972575577205
0.03615284802349596
0.039257071203814005
0.0422717886829247
0.04438350216665355
0.04569767950067085
0.047090027148691684
0.04887904415982435
0.05068830605212572
0.05268033334328587
0.055329338342888994
0.05820171865305081
0.06081186913610014
0.06385389293973621
0.06768446396172864
0.07110250772832451
0.07335266893060093
0.07533851985538788
0.07773382755815596
0.08023605486579719
0.08296434398759653
0.08613034905564657
0.0889483590904219
0.0910872906919064
0.09357130584414998
0.09645770858177674
0.09820399642646355
0.09865577679542106
0.09948965060768072
0.10110582969684281
0.10266342562313989
0.1048566934942708
0.10867006538381153
0.11245771864080183
0.11426354408860287
0.11525295770182982
0.117275000569881
0.11967811771022409
0.12152998002063287
0.12360455033309298
0.12587145591567275
0.12665876370497373
0.12560604416020066
0.1240381628049586
0.12247999423049985
0.1208294111364264
0.11970334676046386
0.11921703159251108
0.11850131596893937
0.11770648188557113
0.1177277690121723
0.11771245907104876
0.11601986528910599
0.11329937495868225
0.11163125768973527
0.11134070362374926
0.11107106888465623
0.10999682345819377
0.10807103055867315
0.10516299165315621
0.10150196681269805
0.09807755248411458
0.09536202417996956
0.09242930592964718
0.0884164489118515
0.08400275012607719
0.08030855772817115
0.07724891329905598
0.0741556504181214
0.07101465098454335
0.06791751640052902
0.06434968999453773
0.06010917863427368
0.05596459566125143
0.052537024879883897
0.049373992198517604
0.04579400724813608
0.041930983886559095
0.03834165240204891
0.03513516920863478
0.03213143087843912
0.029447322467107784
0.027168187066948873
0.024795407549622003
0.021877783277013115
0.01885900905435485
0.016460822858115065
0.014651794857632239
0.013024531478786018
0.011666567642307689
0.010841210961254816
0.010239476239495964
0.009321176721110934
0.008185439225438613
0.007446534205172523
0.007293830561711884
0.007309062302378835
0.007262266515603771
0.007344342249113562
0.00751253328766181
0.0074836299565785224
0.007442064796483867
0.007809886549266952
0.008385799342691479
0.008630503140729434
0.008557462784638523
0.008555680807431146
0.008707584341375519
0.008847578096589637
0.008916304393730513
0.008974724177999499
0.009114187258441394
0.009336434517930226
0.00946487201413948
0.009389246810410425
0.009253565413869208
0.009150323320512441
0.008971110449112045
0.008733777465527235
0.008587875048610673
0.008462693341065215
0.008193617108793927
0.007864133012591687
0.0076075829395591136
0.007331504915494195
0.006942827496557459
0.006543648647675258
0.006230606746060388
0.0059680011594956716
0.005712468375203541
0.005462991636360151
0.005201853049673198
0.004905940525671807
0.004587803210291213
0.004281309585899139
0.004008133937029216
0.003762494440987491
0.003524230946506916
0.003286435148261039
0.003056735028742032
0.0028416312329184825
0.002645672572461128
0.002465011370290625
0.0022814570228512935
0.002091867952000377
0.0019224440816769188
0.0017847341521618886
0.0016539698608257058
0.0015129664125507899
0.001376406954729358
0.0012590605372351834
0.0011549166924090383
0.0010540926279295334
9.580104260129234e-4
8.726331446778779e-4
7.964014688998995e-4
7.229738753121736e-4
6.533743739994968e-4
5.927974206958986e-4
5.377667280875327e-4
4.826162350507237e-4
4.320861967146479e-4
3.912881482086247e-4
3.5464860754451247e-4
3.170846517949671e-4
2.8215347415733714e-4
2.52941062538297e-4
2.2750301944976674e-4
2.037302199178949e-4
1.8084252884291847e-4
1.59223549262014e-4
1.4066430817847922e-4
1.2512358629981324e-4
1.1030987215348747e-4
9.610460616668876e-5
8.399259757067594e-5
7.3480470195617e-5
6.387291786835794e-5
5.577541610998718e-5
4.870245526234833e-5
4.1855909867435306e-5
3.615619238357281e-5
3.178284207141669e-5
2.7310430997469953e-5
2.2910050514811243e-5
1.985607350474961e-5
1.7522344312980504e-5
1.4804690840922282e-5
1.2223885881487377e-5
1.0279344878302204e-5
8.564453854158358e-6
7.069767949943792e-6
