-1.0025584471015197e-6
-1.173274757317831e-6
-1.2466213829629942e-6
-1.3437323655784548e-6
-1.5175729297047346e-6
-1.6262046512434218e-6
-1.641469245033333e-6
-1.7368675736254322e-6
-2.005977000190991e-6
-2.413737210385866e-6
-2.9330379466317806e-6
-3.5065356142634497e-6
-4.0500181898274495e-6
-4.548353874954925e-6
-5.045659167462968e-6
-5.657895829491004e-6
-6.473540345117547e-6
-7.337855012595717e-6
-8.205536115134471e-6
-9.471996138458998e-6
-1.1134675704508597e-5
-1.2519570742013212e-5
-1.3727769911088251e-5
-1.5546169362447155e-5
-1.7477164780799058e-5
-1.8647268577202795e-5
-2.0145476657320457e-5
-2.2968611124920625e-5
-2.5584009417256828e-5
-2.7320685284434853e-5
-3.089899074677398e-5
-3.793558636321363e-5
-4.578088724236022e-5
-5.189564936202921e-5
-5.803005598239845e-5
-6.76708932965532e-5
-8.119876100470544e-5
-9.544388893195355e-5
-1.0755809091873856e-4
-1.171853795079519e-4
-1.2559251995485223e-4
-1.3735390638151522e-4
-1.6067491852567398e-4
-1.9733862710167774e-4
-2.3635955836745276e-4
-2.6919763910274093e-4
-3.042562889902798e-4
-3.5221955114462936e-4
-4.0430146678732795e-4
-4.3975831095780833e-4
-4.5535914190331637e-4
-4.799449374303799e-4
-5.467868247427174e-4
-6.443841627021998e-4
-7.214928057337239e-4
-7.664654117412433e-4
-8.434557312358953e-4
-0.0010047807518906817
-0.0012056978695044222
-0.0013620339987397113
-0.0014634740664650192
-0.001576169554595307
-0.001753346638703095
-0.0019948825724121423
-0.002285354670604037
-0.0026132872562955965
-0.002940219203121105
-0.0032107288020140584
-0.0034270491842412236
-0.0036656839222456022
-0.003984441798330847
-0.004349113189348287
-0.00468523218918631
-0.00498782134204196
-0.005336579166470635
-0.005764960364816459
-0.00617930517420867
-0.006529800937985875
-0.006980859957231305
-0.007714656113372682
-0.008649968463204469
-0.009540711855641868
-0.010221669818338766
-0.010668597719804197
-0.011042682404445864
-0.01162992696030021
-0.01244801109512478
-0.01313699579365165
-0.013509839002507993
-0.013784423693998602
-0.014109939474817602
-0.014472696937807143
-0.015057825436922608
-0.01600159274143867
-0.01698323764417417
-0.017699599662837632
-0.018369965203375804
-0.019306504961303907
-0.020432965173782052
-0.021470568131808018
-0.02225773738014302
-0.02288623942028509
-0.02363304068831974
-0.02456353771486413
-0.025312781963283647
-0.025553116549105786
-0.025571434544641142
-0.026155136506944048
-0.02767383704219402
-0.02932795879143321
-0.030207186729877395
-0.031092492311211306
-0.033328256080280366
-0.03611529088731667
-0.03784262406533898
-0.03927163888248913
-0.041694479630363
-0.04383873150774055
-0.04454701448061702
-0.045338912060733386
-0.04701814674614477
-0.048249485373724
-0.04928432323158604
-0.05152385338462646
-0.053577698913778726
-0.05364416386094229
-0.05357800236481506
-0.055408642299835865
-0.057761343750471705
-0.05938065580276916
-0.0612433476446226
-0.06337991398494587
-0.06455778313240072
-0.06532740531448167
-0.06751827279391352
-0.07142869154309682
-0.07557891269127508
-0.07840976900669148
-0.0798132512290851
-0.08098226508178034
-0.08228041758220914
-0.082929273204725
-0.08334044672737392
-0.08452386920311061
-0.08550910387118728
-0.08521343826945163
-0.08489609236494093
-0.0856148310022701
-0.08707384458335392
-0.09008158683138093
-0.09495844125603638
-0.09918919130232697
-0.10173452182428304
-0.10491218604127507
-0.1087006299562514
-0.11070251949900792
-0.11225548669127644
-0.11568659980458773
-0.11836463705379754
-0.11797952232135638
-0.1177713316736649
-0.11993995625003027
-0.12164296953205944
-0.12109518133428142
-0.1198952065847179
-0.11922032820623688
-0.1196478905566344
-0.12171059632998957
-0.12368379921814082
-0.12377409235301973
-0.12395429035579167
-0.12627996225310367
-0.12903146237265298
-0.13066743327881633
-0.13190173470580677
-0.13215492488215133
-0.13063232524429916
-0.12983123559941057
-0.1315850810114211
-0.13326408628734113
-0.13292753067636146
-0.13257100905575814
-0.13292796244527488
-0.13180711870216938
-0.12937874505395672
-0.12846517525820245
-0.12913911310570989
-0.12867535688902848
-0.1262159456223388
-0.12325016827252824
-0.12084620405567838
-0.11919728424256108
-0.11823487803150859
-0.11720332110179815
-0.11517987696981254
-0.11232469454614535
-0.10937268305098692
-0.10649388123813414
-0.10354129673434523
-0.1004065658092358
-0.09683993455449781
-0.09300051187813095
-0.08968350372777421
-0.08699598287833749
-0.08398974128296162
-0.08034241177446474
-0.07675427640262261
-0.07335041698109233
-0.06952438472716775
-0.0653075787938265
-0.061295758978247405
-0.05767858491374886
-0.05441725189997578
-0.051557182973950934
-0.048837454366489584
-0.045945715725420236
-0.04316048469606205
-0.040840360065400136
-0.03865015621422949
-0.03606197186554898
-0.03319663228255554
-0.03063839758513255
-0.02866700308143575
-0.026946062033736933
-0.024982529144273964
-0.02277908377289115
-0.02076541374917978
-0.019155252223076156
-0.01778387975536987
-0.01647218822762022
-0.01516312891848694
-0.013874105376343664
-0.01271197023106907
-0.011714215972093349
-0.01076691131400018
-0.009893981221966757
-0.00926244288262187
-0.008769254686592308
-0.008152356227211135
-0.007474576610359577
-0.00692938397996386
-0.006412087494102046
-0.005799902914147346
-0.0052619890430645015
-0.004911071553886283
-0.004594162451626416
-0.004217047064354248
-0.003856630430008379
-0.003541198585068993
-0.003246789303414709
-0.003000266952094775
-0.002791371915761289
-0.002553872504759168
-0.0022974973871584727
-0.00208293010258962
-0.0019019741551603564
-0.001724095337105912
-0.0015698052532333196
-0.0014472523100574983
-0.0013232511949485912
-0.0011952754073039156
-0.001093510936675522
-0.0010140431971235257
-9.309770089845969e-4
-8.490807414731127e-4
-7.828939200950487e-4
-7.194985775055954e-4
-6.467881542395579e-4
-5.803347557515958e-4
-5.316051598608195e-4
-4.8733097881899484e-4
-4.3823217739082934e-4
-3.921421903333827e-4
-3.526553384426375e-4
-3.1652246009663203e-4
-2.8694736418993837e-4
-2.6513417827310904e-4
-2.431118990063746e-4
-2.1896299398083675e-4
-1.9930245434086725e-4
-1.8380523294610877e-4
-1.6747303171011607e-4
-1.5183800616601592e-4
-1.3874071561625824e-4
-1.2523936359969356e-4
-1.117155063875043e-4
-1.0121509001153688e-4
-9.192569582396295e-5
-8.166300456419908e-5
-7.281602721148875e-5
-6.637694660350327e-5
-6.014990667500701e-5
-5.3925437300638446e-5
-4.868805778303163e-5
-4.37732355534199e-5
-3.9149907643859927e-5
-3.5673907998786296e-5
-3.258607280570204e-5
-2.909118698702726e-5
-2.602158714866215e-5
