1.3390581772122792e-6
1.4936659902532856e-6
1.6777955358467852e-6
1.9049158376486897e-6
2.1275328238612526e-6
2.4101665197128693e-6
2.8357447222190995e-6
3.2161365519988214e-6
3.344774838723993e-6
3.486054219644516e-6
4.079138581472646e-6
5.040989073828825e-6
5.925885864121677e-6
6.673723041051724e-6
7.605670894419112e-6
8.771307217096534e-6
9.942854440184886e-6
1.1159157313514072e-5
1.2619933707179073e-5
1.430473960217176e-5
1.6289867011063688e-5
1.8734483072277835e-5
2.1232868743373882e-5
2.3633326451600807e-5
2.6970695370886107e-5
3.101040930937492e-5
3.311433596931227e-5
3.354080977637973e-5
3.706603606401753e-5
4.4357397625454775e-5
4.9959585600358705e-5
5.346840851015315e-5
6.043053519350828e-5
7.000961426113222e-5
7.783484383362961e-5
8.81165684908786e-5
1.0457127393350126e-4
1.1951091773702464e-4
1.290178456043801e-4
1.404667617639653e-4
1.5438516221157674e-4
1.652288866515905e-4
1.797621741755809e-4
2.0451324474367766e-4
2.2984264756195573e-4
2.526147431507126e-4
2.831710273732719e-4
3.1584913354836165e-4
3.389696038065917e-4
3.6842325786979983e-4
4.1528440408927927e-4
4.4917980328979586e-4
4.525387234762009e-4
4.626813672658386e-4
5.102081214446607e-4
5.761430685719384e-4
6.372901389169987e-4
6.851237490609693e-4
7.027660499462336e-4
6.982079818788494e-4
7.239859916298715e-4
7.846739587189546e-4
8.023195262045264e-4
7.647054604175992e-4
7.819210632210506e-4
8.836019094699424e-4
9.402338663779012e-4
9.142076979455631e-4
9.419527948234862e-4
0.001043818881820059
0.0010849113820477715
0.00111135658200315
0.0013007368188910102
0.0015559171960779535
0.0016303197986759703
0.0015770067855753545
0.001605141354766483
0.0017111703124281766
0.0018315491464766162
0.0020104108919600707
0.002213523112002041
0.0024009717572712223
0.00273125226935882
0.0032649920420898433
0.0037680770217871176
0.004118958347169556
0.004426153994176891
0.004684093987117714
0.0049054599256116264
0.005361182643284845
0.006114598893962429
0.006803099544891951
0.007314456685402243
0.008034732848223963
0.009139804164379903
0.010224120074248711
0.0108207715642481
0.011055060300706781
0.011695427243633014
0.013347184087144531
0.01566328886096643
0.017895266702652658
0.019898679387025518
0.021763206451450166
0.02318391589440774
0.024241783572178315
0.025736722695916266
0.027751031501603633
0.02925376681544639
0.0299315022583855
0.030806202059331305
0.03240521989086979
0.034045944596412026
0.0355490909015152
0.03790210907864487
0.04137039576445704
0.04459102221957312
0.04666654776477747
0.04851211983945906
0.0507506332501824
0.05233473176945885
0.053123097190405755
0.055221686334902466
0.059305807767737036
0.0626592020245834
0.06382241978479719
0.06582747861158439
0.07138536661797293
0.07806343759736714
0.0818536296558192
0.08295583479534012
0.08480006417563021
0.08919751403346113
0.09484474242058934
0.0993782634385703
0.10172926279995964
0.10329524724842262
0.10648062318717084
0.11131734703349534
0.11515619986578202
0.11623034940774925
0.11493964290762125
0.11213509055050332
0.10970382231336333
0.11076463139834172
0.11514264387839979
0.1184869971626607
0.1190289608412464
0.1186653103455
0.1164914276847189
0.11156260538988033
0.11036641070459204
0.11787251389834538
0.1255193652462489
0.12369766614967503
0.11891382317480736
0.12235507837807669
0.13073255589438076
0.1335472048255006
0.12963231742653059
0.12483536155964883
0.12226613556981242
0.12170562520488458
0.12159576111420413
0.12001385582688674
0.11808875698095825
0.11902624495671182
0.12157123094124372
0.12091412184271602
0.11641386525992466
0.11159791623353896
0.10826688619751283
0.10615817794729573
0.10488521225904524
0.10267027524122398
0.09768894493354432
0.09193411397328027
0.08903875551221345
0.08885916936885288
0.08830719523872806
0.08571871109240606
0.08135431411324391
0.07597506691814769
0.07091540450939363
0.06733401950234863
0.06450997359841412
0.060785769806542087
0.056202354396933454
0.05236684541658325
0.049939695989556485
0.04799791607713812
0.04571145761166735
0.04297612656710071
0.03956450176243132
0.03542278548531299
0.0316016349872126
0.029116196682885023
0.0273544143690902
0.025265389416561493
0.02312961015649584
0.021630213365518864
0.02058645372242494
0.01978108365083076
0.019363832403197015
0.018830446222353105
0.017413774862529752
0.01554063213237801
0.014240798095416144
0.013571102362654297
0.012960964905660392
0.012313982184957736
0.011792793774245915
0.011321507629871094
0.01083047904030673
0.010417628131175633
0.010197696836829476
0.010278716521326194
0.010629409662297869
0.010919665091982058
0.010846413128967771
0.010493979342821933
0.010115116427501215
0.009807050032910339
0.009542692768972266
0.009283209435069151
0.009014321781648519
0.008750159885671245
0.008456443314898227
0.008068798586859067
0.0076601621203136626
0.007365889652465993
0.007129226200334129
0.006806857021176869
0.006441144890633739
0.006152436115283383
0.005927796367154348
0.005704529160470079
0.005456807799114136
0.005143309791902089
0.004773628553530472
0.004462697321018436
0.00426263193803506
0.004083076703044566
0.0038559490001811416
0.003605095572274622
0.0033505524571107513
0.003099406131464645
0.0028795785438032132
0.002683896557223128
0.002468393827715495
0.002243421280779896
0.002062611994632755
0.0019248292310970606
0.00178432641296492
0.0016342970851707314
0.0014998208056869456
0.0013781385971296837
0.001252945843227
0.0011404370074935535
0.0010621650168825176
9.968884571327974e-4
9.134225358679633e-4
8.225962169979671e-4
7.468868546497253e-4
6.774486305283667e-4
6.049372108916269e-4
5.451355022941315e-4
5.027637127184613e-4
4.6030505326675244e-4
4.14179141069567e-4
3.747045362327801e-4
3.387964239559951e-4
3.006569898768772e-4
2.6733114106230706e-4
2.4103208101410574e-4
2.1399712967427179e-4
1.8700362062075475e-4
1.667569549215993e-4
1.5110914038964123e-4
1.3526536201239226e-4
1.2024126063965206e-4
1.0682460756185154e-4
9.375017394526308e-5
8.192549308978278e-5
7.224475780876067e-5
6.377261219688295e-5
5.636129918810671e-5
4.9841417891766336e-5
4.307282197950394e-5
3.6653446701223845e-5
3.195731732647151e-5
2.8156362395678868e-5
2.4393864549097404e-5
2.1412001283311406e-5
1.892648457309493e-5
1.5965557470432566e-5
1.3319757750273282e-5
1.1741138803062272e-5
1.0229304595745195e-5
8.360262388730228e-6
