-1.2773502942082254e-6
-1.2981215307614486e-6
-1.646529125633727e-6
-1.7026274946288877e-6
-1.6353131353642076e-6
-2.020294868297653e-6
-2.2207967227446586e-6
-2.006267883234501e-6
-2.3805072438450856e-6
-3.1072407272512165e-6
-3.2936068709033643e-6
-3.6625038645577552e-6
-4.43113837063866e-6
-4.559448611336898e-6
-4.761157551199067e-6
-5.887091981778146e-6
-6.515623664849709e-6
-6.764337064147387e-6
-8.321456185521506e-6
-9.814788440461012e-6
-1.0109374291712783e-5
-1.1412747714508319e-5
-1.3461436220572231e-5
-1.4323811148561071e-5
-1.5963067523674924e-5
-1.8771767912944503e-5
-2.0576587854536253e-5
-2.484463946238041e-5
-3.280201798476546e-5
-3.6722060651843816e-5
-3.7980512783981305e-5
-4.6644385492679894e-5
-5.719714909840767e-5
-6.143693889951071e-5
-7.021824975495855e-5
-8.569752754273934e-5
-9.236474588243917e-5
-9.591370975644463e-5
-1.1242493840111824e-4
-1.3047823515745154e-4
-1.4349687232672058e-4
-1.6980205385680472e-4
-2.026775539505174e-4
-2.2005099188478834e-4
-2.401761500920753e-4
-2.8204454108125045e-4
-3.2312176734296787e-4
-3.579875304934351e-4
-4.0872304054664406e-4
-4.6351102923956287e-4
-5.031390918714253e-4
-5.49334911078748e-4
-6.190160007456223e-4
-7.022297025713533e-4
-7.928774903272556e-4
-8.777577882475489e-4
-9.530332896617031e-4
-0.0010612599560559178
-0.0012174058756008444
-0.0013751277140601182
-0.0015475628207776446
-0.0017955786722802902
-0.002070404195865846
-0.0022780969816979034
-0.0024545844499557342
-0.002692111762956012
-0.0029800584356989217
-0.0032312347744636156
-0.003434243713869087
-0.003746331106444322
-0.004274421998570124
-0.004757700583882293
-0.004912062532309828
-0.005031965581989243
-0.005540342346860204
-0.0062302246328319565
-0.006807493958720967
-0.007517943202640283
-0.00843348856443694
-0.009169072845707272
-0.009769478426274694
-0.010548172204810483
-0.011174682492013114
-0.011339412561346221
-0.011596746315954884
-0.012404237336280809
-0.01351214141268082
-0.014794998634504083
-0.016210517854676566
-0.01717767161841237
-0.017444130256499112
-0.017776407474264514
-0.018735358749816973
-0.019823379854947275
-0.020435660856825754
-0.02083431237107086
-0.021892400566116292
-0.02391273855021555
-0.02586653605102257
-0.02667847145661598
-0.026860761509386887
-0.027339868398714315
-0.027765370632526938
-0.0278106084885807
-0.02828285150891758
-0.029398317473463553
-0.030315878511915226
-0.03104771307806666
-0.03236431673932379
-0.034126076098818334
-0.035682694680409716
-0.03695885427423444
-0.03825686044288286
-0.03997866215463296
-0.0421211253534908
-0.043773342934431726
-0.04456105344639281
-0.04554478836399093
-0.04703181041295491
-0.048163445635532626
-0.049529334523771514
-0.05208605360345049
-0.054195796061765666
-0.05443951863314463
-0.054636030836156375
-0.05590957484965521
-0.05642917268797835
-0.05573729557992159
-0.055679454939076736
-0.05659326846343125
-0.057751975728983954
-0.05928894725068511
-0.06015954362984388
-0.059000169443153914
-0.058104193922047416
-0.06018648234191022
-0.06286399064945443
-0.06299527056238576
-0.06227382781318397
-0.06277151173476464
-0.0630980632490371
-0.06307946076266933
-0.065160888936092
-0.06902013211353934
-0.07153815941135437
-0.07207830719701372
-0.07221426577499221
-0.07250363158052027
-0.07380014997647348
-0.07758026322021208
-0.08178236161802474
-0.08180019901985505
-0.07800570733028442
-0.07615691190104928
-0.07845063887933564
-0.08036691699259622
-0.0781337973423935
-0.07406697461849142
-0.07314371684198724
-0.07760119745978729
-0.08484352014304831
-0.08918133200972654
-0.08761562761526567
-0.08402740440674904
-0.08401455619559499
-0.08679312592013197
-0.08758358796291991
-0.08620345674918184
-0.08654556532844218
-0.08886701505806123
-0.08949014891210981
-0.08754310917944912
-0.085895147558164
-0.08573524136050151
-0.08553583838740873
-0.08508015108253338
-0.08562401332369408
-0.08633298688096128
-0.0851487014610371
-0.08293753603531043
-0.08274955130497975
-0.08546267596458919
-0.08919656779226948
-0.09186588580237458
-0.09244022912936697
-0.09142035570434091
-0.09056214428951932
-0.09046555010175866
-0.08982626115395131
-0.08827483129438886
-0.08688604083112457
-0.08569723532334227
-0.0845975480034103
-0.08490497269133096
-0.08614540532322881
-0.08535980929678418
-0.08266379989213044
-0.08130898974219929
-0.08091529529788608
-0.07830101591841221
-0.07426261586310177
-0.07163853857690736
-0.06951736951843233
-0.06621512548790671
-0.06340840469412824
-0.06234360115682895
-0.06123391387633195
-0.058967696358784856
-0.05646997726037113
-0.05416948825514385
-0.05184793700775697
-0.049688605468684144
-0.04760389668602693
-0.045365278321419136
-0.043216863945768735
-0.04084335629833988
-0.03752401250082731
-0.033917820508539726
-0.031215866490276085
-0.029151220406542423
-0.027101755648721443
-0.025385548676112767
-0.023998217157069898
-0.022364415944606454
-0.020669232678606188
-0.019357232410261643
-0.018149933462331746
-0.01693504552778196
-0.016050688905898707
-0.015263121595586576
-0.014149067254909787
-0.01297601461940813
-0.01196090913367737
-0.010852366342723898
-0.009769525870471456
-0.009037098441094526
-0.008406882638876225
-0.007624806538039453
-0.006986923413287912
-0.006623103017652697
-0.0062070929212316986
-0.0055742511119489455
-0.0048544637567302235
-0.0042214591255941855
-0.0038579873554367714
-0.0037377507605367687
-0.0035475323012828046
-0.0031937832341729666
-0.002922571106949155
-0.0027869006589692625
-0.0026107192352364215
-0.0023899129372427384
-0.0022040603324132864
-0.002009839643182724
-0.0018060069776673871
-0.0016537345650888035
-0.00151672962237859
-0.0013638840462414648
-0.0012459209932482917
-0.0011445247205175532
-0.001009997597269797
-8.979434069383233e-4
-8.446497375007483e-4
-7.869489199968788e-4
-7.119271697266973e-4
-6.606296743842726e-4
-6.098995678246288e-4
-5.373270069705371e-4
-4.821431289246042e-4
-4.4870815262720154e-4
-4.033605546938314e-4
-3.582888982594776e-4
-3.322262083963812e-4
-3.059504113064766e-4
-2.771513428514042e-4
-2.603746206658454e-4
-2.4243649312742394e-4
-2.142870444709946e-4
-1.9118696468625512e-4
-1.729349919901664e-4
-1.5084119331003644e-4
-1.3463812566267793e-4
-1.2600641254130948e-4
-1.1304115565906138e-4
-1.003868042566261e-4
-9.483060411737861e-5
-8.622985481241809e-5
-7.391666037449263e-5
-6.848241113330889e-5
-6.496283934922003e-5
-5.61599672571453e-5
-4.975217413667906e-5
-4.7237292911114135e-5
-4.109289481083826e-5
-3.4894569251097244e-5
-3.365658792555486e-5
-3.11424044977775e-5
-2.5814729682669678e-5
-2.355077165462884e-5
-2.2589480656967898e-5
