1.344296223024875e-6
1.3385837530012352e-6
1.721304768149063e-6
2.0669124602389407e-6
2.05364191313171e-6
2.268845246303271e-6
2.7530467085092406e-6
2.9635689404873005e-6
3.2164811378909547e-6
3.74484461077073e-6
4.001961467477654e-6
4.3898727285599306e-6
5.531558306522143e-6
6.361309346485394e-6
6.524861925868635e-6
7.602742255237623e-6
9.510420223902058e-6
1.0768550540297427e-5
1.2040209648461938e-5
1.3870888260143574e-5
1.4739524378967364e-5
1.5126976115490862e-5
1.6992236783352605e-5
1.9408364701755643e-5
2.1681294360068538e-5
2.557848656120535e-5
3.0289806498673147e-5
3.4463370341769735e-5
4.124345254684328e-5
5.0362639571896444e-5
5.4869878403585546e-5
5.471610334977483e-5
5.80853450265268e-5
6.667529974611455e-5
7.758800121399352e-5
9.307447512759879e-5
1.1189785423085485e-4
1.2571353774964688e-4
1.3432914439972463e-4
1.4565183236305078e-4
1.5963603270410424e-4
1.718514314515856e-4
1.867283102692841e-4
2.118043311325016e-4
2.459932419806184e-4
2.793061919954242e-4
3.006316751478361e-4
3.102712524821401e-4
3.20584024088826e-4
3.340406350028744e-4
3.395115053619961e-4
3.456742500979229e-4
3.822145293778466e-4
4.442694063133345e-4
4.834081249689098e-4
4.861280602855324e-4
5.064640438122199e-4
5.791248067876681e-4
6.594829691032597e-4
6.999646543231707e-4
7.229160590762172e-4
7.625563823359957e-4
8.028486247975425e-4
8.265224463698987e-4
8.570888405044697e-4
9.221435505979631e-4
0.001045120571409159
0.0012449877615251241
0.0014478218014736853
0.0015005666779685468
0.0014146281972932976
0.0014183778609587142
0.0015827083683299928
0.0016650466734865555
0.0015509635940094868
0.0014776512699927033
0.0015825340656335778
0.0017187665088872017
0.0019084079519569542
0.0023604715377432387
0.0029560908671409786
0.0034152634855934183
0.0038422178639135776
0.004396986441173585
0.00487426210463615
0.005233630959182975
0.005786044636666971
0.006490222758665836
0.007066975725349356
0.0077278260545277705
0.008700051225142834
0.00964426819969788
0.010433150520217083
0.011386253715547745
0.012373843538926118
0.013151558173566317
0.014180294763953428
0.015657669464104983
0.01696427516896781
0.018071973868032814
0.019625305245195224
0.02148204455702568
0.02325587096954857
0.02534597024796717
0.02769857483183068
0.02951907356093638
0.03100664776639385
0.03280578230150354
0.03431139815372946
0.03517515116732973
0.03666318208961317
0.03944078168437341
0.04253808866483799
0.04536347765909163
0.048136099327734355
0.05074922189015344
0.05313012706053244
0.055564934167517524
0.058213827231560586
0.06150065580380533
0.06568013007886409
0.06944764630491725
0.07147390728168787
0.07261146714356756
0.07399923193283738
0.07545966486647795
0.07751294750788536
0.08103741394534666
0.0846970937249969
0.0869007442624482
0.0884159857851928
0.08978552959936455
0.09027472918422286
0.09107296146839217
0.09415257823652105
0.09820772144074652
0.10091487478865159
0.10278007864589259
0.10467896733082632
0.10575185055009177
0.10637753736220934
0.10846143979905991
0.1116156364802622
0.1135169017374294
0.11409799186803149
0.11551817891508276
0.11818869726023681
0.12018957465762574
0.12094889912953713
0.12229999852153754
0.1247946310704065
0.12646323368944917
0.1266528560847154
0.12687067909728428
0.12691288614687848
0.12528817297769848
0.12317147370067053
0.12234469849301621
0.12122820008212051
0.11825400491949135
0.11549732625258909
0.11469981873025795
0.11430882371581658
0.11302049932430411
0.11157122418201987
0.11017598975799359
0.10800299610915802
0.10488513920104757
0.10149600520445957
0.09872098093125935
0.0970659564494424
0.09579802510651052
0.09361697441151828
0.09041182167761876
0.08703117323061539
0.08389782518594273
0.08082093792322155
0.07719557185646711
0.0724404641183022
0.06719230539641327
0.06288579650122753
0.05960374033247773
0.05618478949664073
0.052302449798146175
0.048541323034980384
0.045202760293315714
0.042380255263269016
0.04010374306331414
0.03789267870498079
0.03515572723788817
0.03185808955086232
0.028406534509721096
0.02542215010236743
0.023292586602466005
0.021568192805734604
0.019693554708024055
0.017990675991540157
0.01668143894981321
0.015145819121079648
0.013337461546363541
0.012074675573640264
0.011266758315285102
0.010086840588943304
0.008847736553995822
0.008461687924304767
0.00868661416800301
0.008732454891542297
0.008586091170123693
0.008573096702875298
0.008715479962710873
0.008989116036506357
0.009299568837587894
0.009369227766868767
0.009265258922177421
0.009425700400548737
0.009834734468956179
0.010013542858268193
0.009927271850221301
0.009985836553644736
0.010191810454590779
0.010189447191419551
0.010023597885190406
0.00999659622853903
0.009986392920896045
0.009703788980947693
0.009322595605779582
0.009134088923552719
0.00898069112420455
0.008639505766704171
0.00827589500933187
0.008060879485354581
0.00785902418678858
0.007561229695106743
0.007243986498707419
0.006923537734303924
0.006542604625461103
0.0061421532450407195
0.0057982304334587365
0.0055119053506771975
0.005256710461393436
0.005006818753957485
0.00473244345125269
0.004443357288093789
0.004168591397590699
0.0038964228062457335
0.003616084149097411
0.0033581813596510945
0.0031346767319188457
0.0029175744882829245
0.002695146853769899
0.002482773801933476
0.0022909600879144525
0.0021179685490167856
0.00195387332194188
0.0017920521367834467
0.0016449179511863192
0.001523935917866727
0.0014155973692085184
0.0013055829164266113
0.0011976823188413993
0.0010928518263930707
9.87089928878706e-4
8.891463937137517e-4
8.079883278207735e-4
7.370387661227749e-4
6.686581083378826e-4
6.041607712334044e-4
5.456524311180584e-4
4.933610679614356e-4
4.4643886240922694e-4
4.0236208003068035e-4
3.618835233115772e-4
3.277583768444014e-4
2.9640125359231664e-4
2.6320214685587797e-4
2.3160819284971765e-4
2.056890505713853e-4
1.8357085072774862e-4
1.6367219905953902e-4
1.4613181726548676e-4
1.293628379604048e-4
1.1329892570223458e-4
9.986130735753067e-5
8.802619025827272e-5
7.618894106757059e-5
6.604557643435714e-5
5.8291948643405733e-5
5.0988600550945386e-5
4.402821000507733e-5
3.8466312727356625e-5
3.342076250749422e-5
2.8315741928771904e-5
2.4145212836945568e-5
2.0947006850170165e-5
1.7997843596534886e-5
1.540666437608215e-5
1.3163471399683017e-5
1.0967599916228665e-5
9.212893186591108e-6
8.034116712460658e-6
