-9.801072526826046e-7
-1.224798420438818e-6
-1.2072792838575298e-6
-1.1270967096635067e-6
-1.368520498904884e-6
-1.5980312143840317e-6
-1.6232415268867934e-6
-1.782762703069858e-6
-2.0063650612092618e-6
-2.228635726413822e-6
-2.8729724956784384e-6
-3.5908128178743275e-6
-3.665529074547098e-6
-3.7949075577871355e-6
-4.7531503650915566e-6
-5.748250240233325e-6
-6.232914562027874e-6
-6.657221223973678e-6
-7.05489802722091e-6
-7.743815979823407e-6
-9.632642449629256e-6
-1.224484982186747e-5
-1.466145031189245e-5
-1.7491644969038903e-5
-2.0799641607760108e-5
-2.356253347046889e-5
-2.630653372593168e-5
-2.9552758804404426e-5
-3.159526310280549e-5
-3.1954369362087166e-5
-3.355460245901484e-5
-4.0092749787998915e-5
-5.24150595149826e-5
-6.475593630245493e-5
-6.95059511518201e-5
-7.058005788011611e-5
-7.859362775018327e-5
-9.151240649399131e-5
-1.021589314304301e-4
-1.1661724146028545e-4
-1.3913005367365065e-4
-1.5908728116768877e-4
-1.7271296197992253e-4
-1.8797102111267435e-4
-2.0703894757479255e-4
-2.3439777609042048e-4
-2.76970629740684e-4
-3.196979751114454e-4
-3.5000950645439787e-4
-3.912244328265293e-4
-4.5201874049396345e-4
-5.037596373999973e-4
-5.59333387860323e-4
-6.67868820680237e-4
-8.058911512204011e-4
-9.034848532321258e-4
-9.6345160018358e-4
-0.0010385436657432774
-0.001151453564404721
-0.0013087395254759845
-0.001505405302980357
-0.0017049315556284961
-0.0018906684422231018
-0.0020877023276195212
-0.0023045984008350836
-0.0025260888669249625
-0.002731255075018411
-0.002899242097448078
-0.0030956881632701375
-0.0034549602319719004
-0.003941282643088725
-0.004364280683217319
-0.004715867417658456
-0.005132891207996501
-0.0055987295742215525
-0.006102528502162186
-0.006781009108482855
-0.007518180211124467
-0.007972840137520877
-0.008218626901792437
-0.008586441532271893
-0.008960031285653109
-0.009133161161165733
-0.009462756924239648
-0.010276830014834685
-0.011267735394990227
-0.012119662037510321
-0.01291753531320445
-0.013629567712442173
-0.014103054940455911
-0.014585501506585169
-0.015416906192002115
-0.016429824706319825
-0.01729169190247776
-0.0180532612510085
-0.018870966391405678
-0.019582667988276865
-0.019988322230224138
-0.020309677861493187
-0.02096507268424271
-0.021953522043397105
-0.022842186366354066
-0.02331867031061468
-0.023365005128681043
-0.023102766241766323
-0.022943139045468585
-0.023488615517107014
-0.024802306946412896
-0.026281084044322497
-0.027538432449692174
-0.028782179114012627
-0.030180959934047367
-0.031498295738399615
-0.03259974386909072
-0.03394786050334036
-0.036016039598370846
-0.0382012905952467
-0.039417451238398876
-0.03992431054750287
-0.04075096799184754
-0.0415503880202793
-0.041761597904387285
-0.04274577321791559
-0.045291046360792106
-0.047460794739657385
-0.04844918681510305
-0.05042594204544836
-0.053699814238824785
-0.055706367823722694
-0.056239284766688546
-0.057391469952689164
-0.05904187996107651
-0.06027375821460267
-0.06216579461861828
-0.06488644320845294
-0.06685828335094923
-0.06832534940798825
-0.07027970494611603
-0.07174410772423943
-0.07283180469721999
-0.07538606269488976
-0.07802960493465938
-0.07797496062809149
-0.07724987534669804
-0.0789979268546255
-0.08128570980835667
-0.08176461766568474
-0.08237369224712501
-0.0845058479568933
-0.08640917920781353
-0.08713198012976908
-0.08705398657585915
-0.08603956443949569
-0.08512828546334365
-0.08643674957628959
-0.0898723474720928
-0.09385642031203995
-0.09795987826451778
-0.10166295731142007
-0.10370386907817819
-0.10434708794770917
-0.10488744937800189
-0.1052409209731862
-0.10485155230921016
-0.10443196836964512
-0.10508833659505848
-0.1070332725730396
-0.10935737392461374
-0.11071670057038052
-0.11094466748006493
-0.11118184493299059
-0.11202922092727728
-0.11329723899489876
-0.11478973105950765
-0.1157397985738137
-0.11588089461075435
-0.11717770740462649
-0.12045671758107827
-0.1224585105885024
-0.12107677587509355
-0.11921964076219115
-0.11927827513497068
-0.11958358510642705
-0.11872035638861445
-0.11737878916110527
-0.11598341608519078
-0.11496347198649674
-0.11491665408932332
-0.11464698555217276
-0.11296420625269615
-0.11125803497974018
-0.11034979561784262
-0.1086385734367816
-0.10602436195020373
-0.1042744125868542
-0.1029397760720804
-0.10041788931651532
-0.09747543112950922
-0.09531012365977007
-0.09311132975061967
-0.09017728809827773
-0.08728655428565708
-0.08510632786575381
-0.08333698115080222
-0.08103979253857932
-0.07745104117628832
-0.07322133956064203
-0.06955373497105992
-0.06605015262926252
-0.06185410854948345
-0.05776362384570601
-0.05452750086717716
-0.051384078956924685
-0.04817537191163284
-0.04576557309039738
-0.043806456073137996
-0.04128213498373394
-0.038450860847201965
-0.035822728718311964
-0.03312046632522777
-0.03051703778444711
-0.028590552541093377
-0.026973776972218567
-0.025022586890896703
-0.022981948087298375
-0.02128731669850568
-0.01991660744595046
-0.018740793659038982
-0.017523392311544667
-0.016012251999965803
-0.014466130079044544
-0.013283319694187546
-0.012318439521681098
-0.01134507361314313
-0.010518025649497718
-0.009894532063162422
-0.009279240634776639
-0.008599819688991584
-0.007868559974221949
-0.007091239469659624
-0.006423367544693667
-0.005957600773012107
-0.005525850485838713
-0.0050646127703181795
-0.004718296147462635
-0.0044531620358267705
-0.004109187619750995
-0.0037221867964306156
-0.0033830729375723327
-0.003071495153192309
-0.0028089908251893616
-0.0026315805944559577
-0.0024581341122359586
-0.002241685083912314
-0.0020435491766886815
-0.001866391270439132
-0.0016747486890032
-0.001514432554571809
-0.0014077042801204692
-0.0012975199901889911
-0.0011772059700089878
-0.0010819000522185346
-9.918370648456245e-4
-8.932514026096458e-4
-8.181990476237227e-4
-7.610860955159859e-4
-6.909631785055191e-4
-6.235012340873848e-4
-5.760079865119645e-4
-5.274239732845255e-4
-4.7160065567539806e-4
-4.2415743491716764e-4
-3.8289168402010234e-4
-3.431890521099795e-4
-3.1279017159835235e-4
-2.883527309794676e-4
-2.6179550030826796e-4
-2.3776426705914767e-4
-2.1755390599220958e-4
-1.9618028133499367e-4
-1.775690509660821e-4
-1.6384753816430048e-4
-1.4802746811702378e-4
-1.3092531884045962e-4
-1.1856110176101661e-4
-1.0768928295100704e-4
-9.57783438365907e-5
-8.717311677042455e-5
-8.054134893848003e-5
-7.182217564201225e-5
-6.430113592224109e-5
-5.972012697224504e-5
-5.398051220704974e-5
-4.7403779629036724e-5
-4.3029704615034536e-5
-3.904553276176208e-5
-3.4302529570372815e-5
-3.105935796657593e-5
-2.8677167638631055e-5
-2.5364301993705897e-5
