9.168729759178665e-7
9.813505893439067e-7
1.1475892989231856e-6
1.3910248685124205e-6
1.658127830331733e-6
1.944103156028853e-6
2.2863851623170283e-6
2.5922781640991246e-6
3.0310529954235117e-6
3.3243010473861494e-6
3.914785622182755e-6
4.592914843281579e-6
5.33730281607419e-6
6.176790418862925e-6
7.127829282033324e-6
8.20309565742781e-6
9.364604132542463e-6
1.072282455281672e-5
1.2318578880628902e-5
1.411387918846723e-5
1.600692572395738e-5
1.8367590850508326e-5
2.1000596119721594e-5
2.3401274326595994e-5
2.3737773241950663e-5
2.628941202547058e-5
3.1052130955579334e-5
3.577049502230404e-5
4.082567643582941e-5
4.6029886569762675e-5
5.055055737190822e-5
5.7011343349365764e-5
6.284825756987467e-5
7.053528125849532e-5
7.863600816605515e-5
8.707404045202742e-5
9.635411054117259e-5
1.0566657843321145e-4
1.1561229775201398e-4
1.269338928243184e-4
1.39406292824966e-4
1.5126220011971918e-4
1.6374997421251744e-4
1.761394498443584e-4
1.7957014681147337e-4
1.9032548817287797e-4
1.8580575962478152e-4
1.9133225200651028e-4
2.426070547177252e-4
2.8308940290049567e-4
2.7686290839424996e-4
2.877057888408664e-4
2.9311503465455477e-4
2.9209035028680483e-4
3.0750283981985556e-4
3.08911016493193e-4
3.066420267385312e-4
3.0215364612196343e-4
2.953724834473494e-4
2.8299678767155936e-4
2.7345554498802707e-4
2.5812597850890487e-4
2.316936489521774e-4
2.0892128646527174e-4
1.6225759182923727e-4
1.409843719017618e-4
1.6091346384730613e-4
2.5074974482055146e-4
4.606392507319299e-4
6.359655040089866e-4
5.425996729781594e-4
4.63084919152704e-4
4.4184814512773996e-4
4.669795966221336e-4
5.053607604606616e-4
5.834324713862439e-4
8.735220674319865e-4
0.0010145070114739303
0.0012191288959874204
0.0014956729869437064
0.002123729298486641
0.002700228116101373
0.0032721243606938758
0.004115205309178819
0.004588285419385331
0.005023510537819586
0.005499410877585088
0.005719149717775386
0.005737029555673727
0.006127741316334959
0.006881272097032621
0.007995221627144578
0.009548204208916637
0.01100825428083355
0.01237397245406801
0.014152320217154981
0.016076958762071745
0.018214477126963162
0.020828386195913172
0.023164295342835317
0.024268333164127166
0.02501968173984915
0.025711784256912912
0.026710354927814137
0.0290655845736311
0.031806745262810604
0.03413862252612379
0.03649779247709015
0.03795339166941848
0.03870208990772985
0.04037846736242263
0.044418029397463595
0.050082038054999244
0.05507192323459895
0.0593148518254591
0.06294269862421115
0.06526135316807877
0.06812397232369671
0.06927094665182998
0.07209845205987722
0.07501323393667722
0.07742199457686891
0.07982544499377053
0.08049719702963051
0.08370798758046614
0.08656115213760412
0.09251171597781242
0.0989412215803468
0.10036267823264841
0.09957003004080721
0.10267884014463913
0.10550680649015085
0.11159316934002428
0.1187771338955774
0.12147161323691136
0.12265676300012354
0.1274672954690594
0.13140477283783356
0.13339644772051662
0.13378105816103325
0.13186119251386508
0.13320601459295206
0.13586208042126094
0.13799819635003263
0.13947259399386414
0.14194344148277965
0.1393308580245472
0.1339232462949703
0.12699029366271475
0.13149842042006446
0.1367123230878882
0.13382778908640752
0.13130838977806417
0.134944973635404
0.14167674875530534
0.14301928437814582
0.1432553381258855
0.1428368389462167
0.14393861584474166
0.14412326316693103
0.14290556716762465
0.14239127390209413
0.14299997829513908
0.1441519107307361
0.14450309914708206
0.13912454948925063
0.12800536550495534
0.12191421885755704
0.11910648308610979
0.1190196978588634
0.11311020000425495
0.10541429278558434
0.099474190547374
0.09460465512625743
0.09387766271534179
0.09207775817668125
0.09098144364092572
0.0888981418509883
0.08346903834598043
0.07573345636060011
0.06916984930630943
0.06484975672129374
0.05800141680133365
0.052057742491661764
0.0442875647125701
0.036181397283480535
0.03302741256828872
0.030206681525135996
0.026851503984195238
0.02438048628674631
0.023628380509526693
0.021521811014120526
0.017611491700320385
0.014247462696288932
0.013534438728160021
0.013039010627651084
0.011475522326936244
0.009937321374768604
0.00783857705434344
0.006890490171712363
0.006202456675869895
0.005978813553958264
0.005353186692669876
0.003576779588774844
0.0032479849162680417
0.004195937109349343
0.004448584248112227
0.004995447624480629
0.005940615424041991
0.006852010930198964
0.007870950653531121
0.00878573991698153
0.009528421411791561
0.0105929771084168
0.011794505950734096
0.012378562056781957
0.012615335724016203
0.012438045621757439
0.012326793784155549
0.012356990902500805
0.011922833430250378
0.011770513013431384
0.01270945756451362
0.01311897846221181
0.01194281603501954
0.01147921374642576
0.011487452819776391
0.01132203830226776
0.010974526478405931
0.01045601669345199
0.009822270940151867
0.009381693341187148
0.009147544665203778
0.00893529866587441
0.008560632985201273
0.008095119724972
0.007597920005045473
0.007066324322642943
0.006658698166525774
0.006323929393049415
0.006248588646067567
0.006074023679052445
0.005755756811995525
0.005458391533201634
0.005088715236638509
0.004645559367053289
0.004163128130954941
0.0037944479635853637
0.0035122821545717415
0.0032080935244307067
0.002970431019516934
0.0027860071557326838
0.0026267735358446002
0.0024709605486267403
0.002278834973350634
0.0020670394181126223
0.001867802332758133
0.001699340346790213
0.0016139262782674316
0.0015046098198088496
0.0013732718361314658
0.0012413684073604397
0.0011130922615057207
9.786011969616542e-4
8.649324539656897e-4
7.918031259669408e-4
7.451071214177663e-4
6.992601663424742e-4
6.434313378714318e-4
5.710320770308602e-4
5.145552962995241e-4
4.6400739336679476e-4
4.1037667982608974e-4
3.592269453137556e-4
3.182615802698837e-4
2.884047171875251e-4
2.627276940986316e-4
2.385346133290837e-4
2.0820984642653487e-4
1.7576694051948553e-4
1.49113357446971e-4
1.3127875444276293e-4
1.1720408010511117e-4
1.0272560494937929e-4
9.064201739497019e-5
7.993386712461768e-5
6.89702994448947e-5
5.757780826299708e-5
5.005745376159024e-5
4.3659039297333274e-5
3.721825496685707e-5
3.082557609187519e-5
2.5438488612875596e-5
2.1527030957548878e-5
1.8187779988007058e-5
1.5291863148161577e-5
1.3097319859477294e-5
1.1636180824236596e-5
1.0068718275135834e-5
8.787612350942186e-6
