-4.270410357764376e-7
-5.484519573716888e-7
-6.743198517618839e-7
-8.370560445258025e-7
-9.639783942690202e-7
-1.1073200758241085e-6
-1.2382460324004399e-6
-1.469339983169883e-6
-1.6715335032208013e-6
-2.0195807561314343e-6
-2.5142949348873117e-6
-2.915149535911096e-6
-3.377439684583423e-6
-3.899823995334357e-6
-4.495820156028209e-6
-5.1609250990294e-6
-5.9390599995696016e-6
-6.956358943713669e-6
-8.00023883457536e-6
-9.146431063313106e-6
-1.046679134657352e-5
-1.198772713457622e-5
-1.3379705171195874e-5
-1.4257921803704398e-5
-1.7635775524476214e-5
-2.319408116569452e-5
-2.7022881104962964e-5
-3.07712955819614e-5
-3.4961473418766753e-5
-3.926547972624031e-5
-4.5658518015888216e-5
-5.2230586392718914e-5
-6.099993117194391e-5
-7.072644158527616e-5
-8.087966282022531e-5
-9.248699663784523e-5
-1.0611206677936988e-4
-1.2083108988178102e-4
-1.3968936486860047e-4
-1.5969430332952666e-4
-1.811371340782108e-4
-2.0498920253117045e-4
-2.3543764001695237e-4
-2.6321740880952144e-4
-3.053451717962202e-4
-3.549486244756629e-4
-3.61254019850627e-4
-4.502399806426737e-4
-4.598520419484256e-4
-5.476773755653054e-4
-6.460412638452325e-4
-7.524275569323381e-4
-8.524835668324034e-4
-9.76777792809515e-4
-0.0010857230954976747
-0.001243968824315051
-0.0014178889334923919
-0.0015997139692293448
-0.0017938169702114044
-0.002010785817389834
-0.0022453428582381732
-0.0025087225948201997
-0.0027900172604386833
-0.003079711883314926
-0.0033956134886044265
-0.0037470927712194685
-0.003930876946739078
-0.004239001497947866
-0.004146204871118607
-0.004307529568338899
-0.004998729934080336
-0.005677497486055001
-0.006334387060509415
-0.00686091543072571
-0.00773519176180725
-0.008397460576813426
-0.008893519488897543
-0.00957352233932239
-0.010067738274722357
-0.010529755566665413
-0.010970614207160308
-0.011196296883440062
-0.011751578084520676
-0.011827853937479378
-0.01224854280244053
-0.013128657591388655
-0.01428548832836636
-0.015461098226972248
-0.01680589881728868
-0.017576691441701535
-0.017540269362981233
-0.018582364365171883
-0.0191850216130426
-0.020050758393622706
-0.02108425915517985
-0.02156920591933622
-0.021266441854890246
-0.02151194236201294
-0.02171391860023879
-0.021595523448234538
-0.022521566976489195
-0.024597199628899825
-0.026637013866723753
-0.028202621008343365
-0.02893186504045842
-0.03006896551401167
-0.030814375186141517
-0.03132712272021972
-0.0327216941348981
-0.03463873812568348
-0.03557945431907039
-0.03396889988755909
-0.03357453052005133
-0.03426937271859728
-0.03396220108324862
-0.034051192139741567
-0.03546229615756063
-0.03843615958180165
-0.042024806591082514
-0.04335689437710882
-0.04426694119271783
-0.04629406220723192
-0.048338554000146985
-0.05129917662657982
-0.051565148452442526
-0.054296918226865484
-0.052349786920241434
-0.04943205868303602
-0.049934161833780424
-0.05274585113748034
-0.053140713707447676
-0.0559363002669975
-0.0534830598971664
-0.05322514395040377
-0.057599193682350495
-0.059134804892953044
-0.05980798873753409
-0.06285545980828001
-0.06550603893964285
-0.06820037128869975
-0.07201516002805511
-0.07350743127082363
-0.07552641717453455
-0.07592627782072947
-0.07305248739194223
-0.07535557263744225
-0.07479947604495207
-0.07526510462092575
-0.08610737768448079
-0.08957907880993082
-0.09199411993611191
-0.09540056193977511
-0.09911786758779592
-0.09527857048550839
-0.09524088977010381
-0.09911577846097888
-0.10047609618406439
-0.10263797902637502
-0.1035664920540304
-0.10455734547455797
-0.10574544375671072
-0.10554558901154108
-0.10242997228336986
-0.09910436345525034
-0.09505700929117245
-0.09451358517566343
-0.10256953985534889
-0.1108053817328366
-0.11254299679811944
-0.11381776527067908
-0.11693253714569869
-0.12171018614253007
-0.1246452869993651
-0.12385897910890425
-0.12016374756984027
-0.12074621156508714
-0.11992305203523546
-0.12092350822840928
-0.12325291339735438
-0.12436572148500297
-0.1238965257448254
-0.12577627683289894
-0.1264964604247824
-0.12872343920476462
-0.13125503177044973
-0.13527388012477104
-0.13591558061747938
-0.1350180699885664
-0.1343536626416189
-0.13416548187523153
-0.13115451707369674
-0.12843282254119925
-0.12736594372188964
-0.12435485754366216
-0.12069085084578228
-0.11833816327851908
-0.1153368440815771
-0.11242489898488478
-0.10846719136482413
-0.10574696686180904
-0.1026406913930309
-0.09831170504739578
-0.0941592770245935
-0.0912771330455243
-0.08815081709215503
-0.08351712273893971
-0.08044634241487406
-0.0773007818095638
-0.07312851456926334
-0.06912278554562624
-0.06488323653373387
-0.06055726834972906
-0.05622473834065787
-0.05183073842273122
-0.04750520137427387
-0.044329203974930634
-0.04130189214412251
-0.03870482151987964
-0.03591522682141435
-0.033069177101521754
-0.030184257932208594
-0.02738970295108154
-0.024499902712498217
-0.022431109104765937
-0.022152897134888154
-0.020822217727898735
-0.019432278187005537
-0.018179360612217754
-0.016923485656262484
-0.015646887574459117
-0.014489314742279496
-0.013483598935705606
-0.01232765138137084
-0.011165905331892628
-0.01021987727788814
-0.009344449125389911
-0.008390560453868398
-0.00774347967300607
-0.007114804861981232
-0.006405210278230744
-0.0056423194080385645
-0.005167815371528516
-0.004703939745629064
-0.0042796483296186185
-0.003982750082419742
-0.0037427199394861306
-0.003575871803038517
-0.003393548846936075
-0.003124105361761861
-0.0028568207606321063
-0.0026030135376631947
-0.002329122911128989
-0.002102585929242923
-0.0018883288956678158
-0.0017221063582374108
-0.0015790647836900781
-0.0014659398398501758
-0.0013421338476527838
-0.001178798571172919
-0.0010704713904092908
-9.724599718148613e-4
-8.93855678825713e-4
-8.294459891704753e-4
-7.703080353145709e-4
-7.141829062119242e-4
-6.441369810819612e-4
-5.7120283449443e-4
-5.105012185537285e-4
-4.522835962125299e-4
-4.090091841765953e-4
-3.87263002444186e-4
-3.5548817112620137e-4
-3.2695593547544285e-4
-2.98566463323997e-4
-2.690065306257753e-4
-2.4206828590485915e-4
-2.1677539604893613e-4
-1.9548903882045913e-4
-1.8088031394121432e-4
-1.6653123991848366e-4
-1.5631458985263655e-4
-1.471661263449505e-4
-1.3582726629733063e-4
-1.2443366719336947e-4
-1.1432794377212748e-4
-1.0239702467651959e-4
-9.075318602110622e-5
-8.211657292401243e-5
-7.39451202267258e-5
-6.773429285205019e-5
-6.147699188051025e-5
-5.670010523144515e-5
-5.145487152840653e-5
-4.554569900265656e-5
-4.022644838752109e-5
-3.691707842803922e-5
-3.362136610847426e-5
-3.0076888757896567e-5
-2.733617063908834e-5
-2.448227647725309e-5
