1.4998080631631442e-6
1.809419997764161e-6
1.5941335721816944e-6
1.9517471902716466e-6
2.6159494747295646e-6
2.465485955389931e-6
2.5906033803638843e-6
3.5153036046496645e-6
3.62540507160733e-6
3.556570688398834e-6
4.785560783962396e-6
5.462218423790922e-6
5.247878713402974e-6
6.798490052901619e-6
8.682895460904312e-6
8.524315198961822e-6
9.483633824540703e-6
1.2312866178547045e-5
1.3080407719753396e-5
1.3661081112864675e-5
1.7173093632668208e-5
1.9443237435013613e-5
2.0344516492394887e-5
2.5095593210302927e-5
2.9570377819437008e-5
2.9521497023363588e-5
3.2310128314780236e-5
3.846127589571661e-5
4.041931175479232e-5
4.411088608285318e-5
5.478255893012777e-5
6.15180934388819e-5
6.478672101427027e-5
7.571127196634454e-5
8.458304352276319e-5
8.485629394552314e-5
9.560856901482874e-5
1.165459869612402e-4
1.272392045663124e-4
1.3899283978452672e-4
1.6370559688053902e-4
1.738924170873787e-4
1.6761675228370537e-4
1.8368712758949683e-4
2.1747529853983737e-4
2.352331316951533e-4
2.493634035931207e-4
2.7481873768271344e-4
2.8635122350100585e-4
2.8350598885269957e-4
3.0016314426720137e-4
3.436789134070975e-4
4.003080337798139e-4
4.5161525921264353e-4
4.6824642887601404e-4
4.62288395261519e-4
4.897322476264669e-4
5.429871832444301e-4
5.564226178008315e-4
5.302427078452612e-4
5.181669287878229e-4
5.294058973854183e-4
5.366657205839798e-4
5.303883300880036e-4
5.432144420722491e-4
6.176456434868781e-4
6.941915033172034e-4
6.567793944384674e-4
5.867661672073711e-4
6.879513717287246e-4
8.831818479262627e-4
9.091729291141707e-4
8.010033960578133e-4
8.003376784808228e-4
9.235638584259829e-4
0.001042612210564619
0.0011270834565843709
0.0011673971405107575
0.0012057902586462923
0.0014235838181554017
0.0018436563221547614
0.002217367916597294
0.0024663677693247264
0.00278625040593968
0.003237267019332407
0.003749268620310785
0.004358547781132325
0.004971268793184968
0.005341156692965437
0.005619352027919774
0.006242756754861663
0.007152284819582979
0.007956100749916827
0.008674372253420387
0.009420895922425237
0.009971959615363134
0.010574742476563873
0.012097870855364729
0.0144833710045631
0.016474664156603723
0.017639629698740243
0.019126851340236783
0.02186124353985024
0.025217911116380005
0.027752077407342497
0.028781164130130668
0.029334197264808452
0.031055689540844034
0.03397210217151358
0.036750026483313075
0.03901121356504329
0.04122104559001062
0.043068525522889214
0.04433428386358642
0.04590544750240035
0.04822897083327767
0.05080592530248365
0.05359440410719516
0.05672305440582957
0.05986728100865775
0.06326078245192515
0.06699131693427968
0.0696271120732351
0.07067638381341669
0.07229072992254136
0.07568781888040658
0.07938432762764991
0.08237456051770498
0.08487069386029189
0.0863258562236475
0.08661096633050362
0.08754447914974907
0.09085975097450537
0.09624997312108022
0.10171314370369738
0.10545058654237494
0.10841591707903989
0.11265072728109893
0.1162151640380874
0.11577820895104753
0.11408006680040089
0.11628306536009762
0.12115292695111195
0.12443158927250961
0.1257954226021801
0.12617398533851498
0.1256310197088196
0.12620018366231542
0.1290778949474038
0.13139522780643084
0.13141187609678526
0.1308991263220943
0.1308528683807159
0.1317685994862988
0.1344476254988082
0.13591727780043164
0.13318006192912268
0.1308727204975624
0.13364998987864213
0.13661945400212663
0.13459352649336978
0.13067330422180587
0.12802881886969789
0.12562087366230926
0.12415333453052078
0.12449450856412912
0.12355307435365348
0.11983184242917094
0.11598012741625632
0.11313327026484567
0.11082161879447021
0.10978908711321314
0.1085578427737657
0.10371760482403086
0.09639416951364375
0.09069404648058074
0.0870014502920401
0.08334521107020765
0.0792265165440485
0.07439306709865974
0.06878684434506326
0.06397209713098385
0.060785851580357646
0.058035659882823845
0.05510480957550023
0.0522514172272401
0.04906835933586968
0.0456296056876765
0.04283454101296102
0.04035507957848807
0.037059336516196216
0.033085276168168226
0.029436321906174356
0.026718388925934092
0.024749782264623606
0.022458799294115685
0.019275088108905176
0.01646967154921238
0.0150960872952596
0.014195168659509023
0.01296377373041154
0.011964402146479352
0.011245121355601953
0.010397951441216208
0.009986118784871456
0.010226034650805587
0.010093285572530029
0.00939601631982603
0.009133990891678948
0.009360128931750554
0.009316947813146265
0.009149838348532264
0.009426032542644472
0.009972120174660643
0.010345987963279079
0.010449703827817994
0.010356438745733016
0.010227810901838271
0.010242621264862656
0.010362635741563405
0.010441471741284592
0.010430012234659758
0.01030214959821607
0.010053976265910803
0.009777494359414421
0.009545061796326432
0.009346976375717119
0.00915749012953381
0.008924706672061704
0.0086079195177801
0.008263317519235718
0.007957339015377062
0.0076791607714409476
0.007405302346247146
0.007120776062104297
0.006816707340712301
0.006523227743303108
0.006221684904959283
0.005824836471139287
0.005379974717766225
0.005042921605934459
0.004795525986711103
0.004511123746667434
0.0042143071423651245
0.003974734658256174
0.003746763175800928
0.003500100744862389
0.0032644526277952114
0.003023988455478005
0.002772529129760323
0.0025577698728733115
0.0023735073833195514
0.0021827762400377297
0.002013676199167797
0.0018810466606533592
0.0017431795919768467
0.0015999333511112282
0.0014748262580768676
0.0013444086123293494
0.0012091043145153295
0.0011114697444775258
0.0010384851300566723
9.494188651737689e-4
8.601849829556267e-4
7.880648079030513e-4
7.109687578880659e-4
6.310873938891645e-4
5.704302722704415e-4
5.192006222809399e-4
4.6608904577082364e-4
4.2073670175179166e-4
3.7970770095411e-4
3.3628776104781716e-4
3.0185706795003074e-4
2.752812590985137e-4
2.423888114392093e-4
2.105747428142049e-4
1.9033914616449607e-4
1.7101997286826892e-4
1.4890574673889073e-4
1.3371520912872778e-4
1.2154404090444961e-4
1.0485290583822534e-4
9.06997673738661e-5
8.213987538122062e-5
7.205979868526642e-5
6.130735973961276e-5
5.437679828596072e-5
4.787384780953028e-5
4.0206567423129805e-5
3.466938415484473e-5
3.0192110590970346e-5
2.498604564813684e-5
2.142544864553944e-5
1.9254473322153897e-5
1.5944120410179455e-5
1.2939984515640012e-5
1.163227700900973e-5
1.0022924234238106e-5
7.884438807938329e-6
