-1.1112475810970835e-6
-1.0828152693122221e-6
-1.1845579186616224e-6
-1.4407738038195944e-6
-1.452235715844285e-6
-1.4521594492838088e-6
-1.7768604910184704e-6
-2.0106740554082873e-6
-2.114179544700774e-6
-2.5537637065624314e-6
-2.988816115415938e-6
-3.1739085378530953e-6
-3.7623360977717194e-6
-4.4987212282565995e-6
-4.6257197601183035e-6
-4.983583469239157e-6
-6.114843567684878e-6
-6.879374826582234e-6
-7.440775796044741e-6
-8.942246589270215e-6
-1.0481630723511562e-5
-1.1483158406402716e-5
-1.3250205485716388e-5
-1.5207374129178244e-5
-1.6221768588697026e-5
-1.8292510582698686e-5
-2.2123964060133727e-5
-2.5525231018683144e-5
-2.9546171735084698e-5
-3.596464732816926e-5
-4.161326823084102e-5
-4.520003872681991e-5
-5.0154760648586985e-5
-5.6638739000934586e-5
-6.457163782058739e-5
-7.824445209716344e-5
-9.51926108335454e-5
-1.0765549855543608e-4
-1.1919040686161516e-4
-1.3569637652346533e-4
-1.5056124608858347e-4
-1.631127291551769e-4
-1.871103528757217e-4
-2.256008240729318e-4
-2.681982576604914e-4
-3.1079621650181394e-4
-3.5266598933939833e-4
-3.954088107960686e-4
-4.496401546808737e-4
-5.086979555757065e-4
-5.447114982999035e-4
-5.701430416089039e-4
-6.413142620918979e-4
-7.669036400571891e-4
-8.933615650421159e-4
-9.975205803519427e-4
-0.001111680956080685
-0.0012582793417577063
-0.0014246648643962809
-0.001594420300827819
-0.0017737474381658283
-0.00199305665458929
-0.002268384300825247
-0.0025494129458411598
-0.002756621087112004
-0.0029173672601536496
-0.003197959713016988
-0.00366988703046625
-0.0041060042349789555
-0.004274874125432682
-0.004393652802955263
-0.004865271814926225
-0.005610379071258808
-0.006214748708506507
-0.006639178762038744
-0.007163411551673449
-0.007826454621335398
-0.008476939982147914
-0.0090566351451186
-0.00951921491331805
-0.00991865801202061
-0.010534391917701495
-0.011386457983905593
-0.01204173105689884
-0.012355231890554173
-0.01272472548415351
-0.013423857397269189
-0.014442352256904562
-0.015735117012499487
-0.016983181831810974
-0.017792650187513307
-0.018414394675391105
-0.019282121801805514
-0.020138869772640296
-0.020723559156702744
-0.021385748963814948
-0.022023989260396025
-0.02187150038014626
-0.02108225355291665
-0.020880974533364616
-0.021724886118202613
-0.02278667020316974
-0.0233583024363892
-0.023676622872555772
-0.02429649078028636
-0.0252086047481235
-0.025921883059380892
-0.026452027727104595
-0.027512142985248973
-0.029273136077357893
-0.030903973765084084
-0.03187051440807531
-0.03269542199892643
-0.03403648120867633
-0.035721967483935156
-0.037091170977882996
-0.038275964733017795
-0.04032146786943516
-0.042965745915017096
-0.04403709172018027
-0.043266587260178735
-0.043706838139106405
-0.04651668762010613
-0.048745118991734886
-0.04890518403728434
-0.04914699622494875
-0.050473723168227756
-0.051829728088220374
-0.053411740897426584
-0.05562406368473415
-0.057437959958876836
-0.05877349658834991
-0.05989451126179455
-0.058872512945953706
-0.05545483924282207
-0.05360708565716208
-0.05504462548373057
-0.0570113738547402
-0.05906649080799771
-0.06310102315615818
-0.06717457941930413
-0.06836877943277955
-0.06806430506234089
-0.06793730472479557
-0.06735929628931071
-0.06734329085485721
-0.06913791921178482
-0.07062271223654087
-0.07079756274574575
-0.07196359899244349
-0.0737815577107655
-0.07370180145142462
-0.07293397079629281
-0.07343545228321997
-0.07382288128928552
-0.07454181233233882
-0.07835405374640153
-0.08290192417639047
-0.08340442940460509
-0.0816925817248957
-0.08256776283459359
-0.08556973737100057
-0.08784686654430231
-0.08901813375567932
-0.0892691631428123
-0.08866659609409677
-0.08870713613917999
-0.09023926035446363
-0.09203013794708294
-0.09314254418442433
-0.09363789200237234
-0.09348644730101759
-0.09308585397313765
-0.09308529181588057
-0.09349509957524363
-0.09467443422330746
-0.09697394561392682
-0.0987761737765881
-0.09870406468997812
-0.09868792119697077
-0.10080551676438976
-0.10377418431902796
-0.10552707883629658
-0.10580273611268617
-0.10508887262997824
-0.10395446709379709
-0.10271420036431175
-0.10079242267625421
-0.09863496182330425
-0.09866942416906133
-0.10134318099502646
-0.10350626195319114
-0.10305354754709388
-0.10116262126910329
-0.09936200882069274
-0.09810216377234193
-0.09716873047745762
-0.09543878191686712
-0.09238230381926628
-0.08941445328998995
-0.087288751382451
-0.08474075413499446
-0.08138232312144568
-0.07804157611679753
-0.074324344960584
-0.06997978172397429
-0.06661622252272974
-0.06475831874525491
-0.06272100005630131
-0.05995365553378236
-0.05730229327843756
-0.05436021644015984
-0.0505168871542052
-0.04679193054962333
-0.04392207791274927
-0.04127897218726267
-0.03867172808733314
-0.03641204381853176
-0.03407360327503983
-0.03142901251269494
-0.029159455080155793
-0.027380378181248985
-0.02535969734753579
-0.023044293559881402
-0.021098867569985684
-0.019673367969214553
-0.01838285419293645
-0.01703499777717137
-0.015713509615635925
-0.014527680873647008
-0.013486223985615048
-0.012481095798142309
-0.0114439133335907
-0.01045174192528418
-0.009584432754572386
-0.008813497922834812
-0.008068089347961695
-0.007346659856765934
-0.006759556180039792
-0.006358990182877756
-0.005976580274027374
-0.005478144282000331
-0.004996844451010061
-0.004622250288465215
-0.004216221111258767
-0.0037597294731646544
-0.0034092757188008624
-0.0031511019426515257
-0.0028669926916814713
-0.0025977534158360786
-0.002390290027230578
-0.002176157887416164
-0.0019584277349401717
-0.0017921748275954734
-0.0016378576402555252
-0.001484459372290084
-0.0013968270339243596
-0.0013363616202964922
-0.0012165548212749585
-0.0010806562901370233
-9.87539647626041e-4
-8.985251191552457e-4
-8.033857498150461e-4
-7.389153606031977e-4
-6.834971551410048e-4
-6.129513205159609e-4
-5.595372776557524e-4
-5.249867980213235e-4
-4.7835771800432337e-4
-4.333549189400177e-4
-4.0548968165410787e-4
-3.714720158334572e-4
-3.31815674643176e-4
-3.078177134437212e-4
-2.8595997964426514e-4
-2.5337085707911053e-4
-2.2791703694743945e-4
-2.1106716345427112e-4
-1.8853050191619062e-4
-1.687500593877787e-4
-1.5840979220209533e-4
-1.4427371839363984e-4
-1.268542102445328e-4
-1.1685418993755184e-4
-1.0754376970391654e-4
-9.376812953421925e-5
-8.466299144929644e-5
-7.963056129251637e-5
-7.112131252424551e-5
-6.341398053656672e-5
-5.9652333315916484e-5
-5.421945827038787e-5
-4.8105068119701904e-5
-4.520824537211464e-5
-4.144860207599888e-5
-3.569358438623258e-5
-3.270829294014158e-5
-3.081107015737172e-5
-2.6417222108869404e-5
-2.291367028176684e-5
