-7.527017811639727e-6
-8.194616879046256e-6
-8.918428251475289e-6
-9.702910942621463e-6
-1.0552853192677004e-5
-1.1473395598226066e-5
-1.2470053994983338e-5
-1.3548745408019741e-5
-1.4715813807406699e-5
-1.597805915308592e-5
-1.7342766336700313e-5
-1.8817737613134396e-5
-2.041132506717463e-5
-2.2132466741902496e-5
-2.3990722993937406e-5
-2.5996316646914923e-5
-2.8160173624499196e-5
-3.0493967475595023e-5
-3.301016469890443e-5
-3.57220740035397e-5
-3.864389676446347e-5
-4.1790781398674327e-5
-4.517887941239934e-5
-4.882540529106314e-5
-5.274869862029837e-5
-5.6968289901063564e-5
-6.150496924593282e-5
-6.63808585454021e-5
-7.161948725517111e-5
-7.72458713514395e-5
-8.328659673630387e-5
-8.976990542968133e-5
-9.672578712716491e-5
-1.0418607308151162e-4
-1.1218453634870703e-4
-1.2075699381547668e-4
-1.2994141566467952e-4
-1.39778036005029e-4
-1.5030947207186044e-4
-1.615808439110837e-4
-1.7363990381111634e-4
-1.8653716548165672e-4
-2.0032604418362265e-4
-2.1506299582440077e-4
-2.3080766821234993e-4
-2.476230504665676e-4
-2.6557563577442577e-4
-2.84735581477145e-4
-3.051768836427532e-4
-3.2697754815584195e-4
-3.5021977733968413e-4
-3.7499015232147424e-4
-4.0137983185171814e-4
-4.294847461561312e-4
-4.594058079926826e-4
-4.912491181267799e-4
-5.251261885497107e-4
-5.611541596238051e-4
-5.994560352561898e-4
-6.40160911650434e-4
-6.834042240835589e-4
-7.293279870901237e-4
-7.780810523152656e-4
-8.298193598191467e-4
-8.847062063196307e-4
-9.429125071408668e-4
-0.001004617073943683
-0.0010700068866998215
-0.0011392773798031836
-0.001212632723240839
-0.001290286115757434
-0.0013724600741932128
-0.001459386732148582
-0.0015513081362168338
-0.001648476548354094
-0.001751154747488344
-0.0018596163335373981
-0.0019741460326304174
-0.002095040000439508
-0.0022226061289690358
-0.0023571643465979623
-0.002499046924079597
-0.0026485987684593524
-0.002806177725608838
-0.0029721548648510305
-0.003146914775067912
-0.003330855836656319
-0.0035243905078346685
-0.0037279455802908946
-0.0039419624520499715
-0.004166897362847014
-0.004403221649575787
-0.00465142195725467
-0.004912000472700728
-0.005185475106704386
-0.005472379701262951
-0.005773264178401531
-0.0060886947159828776
-0.006419253858420053
-0.006765540655789398
-0.007128170731529563
-0.007507776379311396
-0.007905006582791784
-0.008320527064410298
-0.00875502025202869
-0.009209185273859742
-0.009683737866859034
-0.010179410311576015
-0.010696951277263753
-0.011237125690556881
-0.011800714512178906
-0.012388514533228234
-0.013001338078666434
-0.01364001272507123
-0.014305380926193087
-0.014998299646030564
-0.0157196399021685
-0.016470286308358246
-0.017251136531336923
-0.01806310073764357
-0.01890710096009346
-0.019784070443653434
-0.020694952918344642
-0.021640701839671008
-0.022622279565058388
-0.023640656485007846
-0.024696810100798685
-0.02579172404319844
-0.026926387049906866
-0.02810179186943484
-0.0293189341375959
-0.03057881116504524
-0.031882420712706395
-0.03323075966283042
-0.03462482269439781
-0.03606560083814245
-0.03755408005375022
-0.03909123967126494
-0.04067805087256262
-0.04231547502271068
-0.044004462059391916
-0.04574594871926846
-0.04754085684034966
-0.0493900914893868
-0.05129453918320788
-0.053255065925456535
-0.05527251535367571
-0.05734770669487708
-0.05948143284707511
-0.06167445826417467
-0.06392751698220545
-0.06624131044540363
-0.0686165054881633
-0.07105373211710322
-0.07355358145942287
-0.07611660351735283
-0.07874330509622403
-0.08143414754783035
-0.08418954469252476
-0.08700986057008302
-0.08989540737080838
-0.09284644321331169
-0.09586317010218685
-0.09894573175133088
-0.10209421158594503
-0.10530863063406086
-0.10858894559005278
-0.11193504679620242
-0.11534675638546457
-0.11882382637883208
-0.12236593692386351
-0.1259726945301228
-0.1296436304266508
-0.13337819895441866
-0.13717577606404902
-0.14103565788919786
-0.14495705940281148
-0.14893911319318406
-0.15298086829997534
-0.15708128921334133
-0.16123925490836488
-0.16545355808900747
-0.1697229044382188
-0.17404591212709625
-0.17842111129717597
-0.18284694385115818
-0.1873217631869743
-0.19184383428486487
-0.19641133370670424
-0.2010223499928276
-0.20567488394264696
-0.2103668493306847
-0.21509607348198767
-0.2198602983135345
-0.2246571812149346
-0.22948429642310053
-0.23433913621318012
-0.2392191126107106
-0.24412155889898338
-0.24904373166544108
-0.25398281263098105
-0.25893591102542135
-0.2639000657394914
-0.26887224802340404
-0.27384936395601206
-0.27882825745833084
-0.28380571307483843
-0.28877845928531815
-0.29374317159267915
-0.29869647611392935
-0.3036349529625402
-0.3085551401028085
-0.3134535370066555
-0.3183266087474541
-0.3231707899193947
-0.32798248893963067
-0.33275809221079633
-0.3374939686024941
-0.3421864738300545
-0.34683195509190984
-0.35142675563119924
-0.35596721949380367
-0.36044969625061063
-0.3648705458380366
-0.36922614340530685
-0.3735128842047562
-0.3777271885302819
-0.3818655066184781
-0.38592432364204515
-0.38990016458197346
-0.39378959923994833
-0.39758924704717974
-0.40129578204922073
-0.4049059376129912
-0.40841651135275553
-0.4118243696912582
-0.4151264526836124
-0.4183197783991649
-0.4214014476047933
-0.4243686479298959
-0.4272186583651486
-0.4299488531817797
-0.43255670620503567
-0.43503979445184465
-0.4373958021460534
-0.43962252404510965
-0.44171786915280403
-0.4436798637157328
-0.44550665459872724
-0.44719651192195303
-0.4487478320719154
-0.45015913995348766
-0.4514290916137094
-0.45255647608968474
-0.4535402176123422
-0.45437937704302234
-0.45507315363840856
-0.4556208860592887
-0.4560220536749174
-0.45627627714706004
-0.4563833192559657
-0.45634308505341753
-0.456155622205468
-0.4558211207132635
-0.45533991276872776
-0.4547124720431249
-0.45393941305918034
-0.45302149005969844
-0.4519595958939169
-0.4507547604771246
-0.4494081492047069
-0.44792106101809814
-0.44629492635406787
-0.4445313048383181
-0.4426318827950678
-0.44059847057586476
-0.43843299965731336
-0.4361375196370982
-0.43371419493351826
-0.43116530147802284
-0.4284932230518608
-0.42570044769975257
-0.4227895637345927
-0.4197632559038746
-0.4166243010995417
-0.4133755643064426
-0.4100199940586066
-0.40656061820251677
-0.4030005391352301
-0.39934292941801725
-0.39559102684438446
-0.3917481299327566
-0.38781759286466094
-0.3838028208971294
-0.3797072652113576
-0.3755344182797256
-0.3712878086680302
-0.36697099638929553
-0.36258756770912864
-0.35814113051477314
-0.3536353091616924
-0.34907373989810847
-0.344460065792772
-0.3397979322410771
-0.3350909820142508
-0.3303428508811182
-0.3255571628125235
-0.32073752574462
-0.31588752697711847
-0.3110107291031936
-0.3061106656302961
-0.30119083710216105
-0.2962547069720128
-0.2913056979384286
-0.28634718809401843
-0.2813825074937716
-0.27641493460510264
-0.2714476931238532
-0.26648394874118875
-0.26152680622220753
-0.25657930650738103
-0.251644424065579
-0.24672506433486407
-0.24182406136342346
-0.23694417559809533
-0.23208809181696172
-0.22725841727047902
-0.22245767990776005
-0.217688326871906
-0.2129527230236213
-0.20825314978252057
-0.20359180394888024
-0.19897079688686148
-0.1943921536387888
-0.1898578124403498
-0.18536962412193125
-0.18092935194556237
-0.17653867128516212
-0.17219916976802946
-0.1679123472259896
-0.16367961612552076
-0.1595023017784373
-0.15538164304016625
-0.151318792767867
-0.14731481876801894
-0.14337070448558517
-0.13948735017990727
-0.13566557383073394
-0.13190611251899415
-0.12820962353216073
-0.12457668592728659
-0.12100780182001901
-0.11750339810508854
-0.11406382790998676
-0.1106893724503323
-0.10738024263021406
-0.10413658100884896
-0.10095846352765828
-0.09784590156608963
-0.09479884377734245
-0.09181717821059612
-0.08890073423553223
-0.08604928471078657
-0.08326254797868707
-0.08054019005908354
-0.07788182669642099
-0.07528702555991182
-0.07275530832533637
-0.07028615286381668
-0.06787899534082169
-0.0655332323777555
-0.06324822315221956
-0.06102329151739091
-0.058857728087680895
-0.05675079230335665
-0.054701714486919704
-0.05270969784145231
-0.05077392046467606
-0.04889353727044245
-0.047067681948412335
-0.04529546880050492
-0.04357599463505732
-0.0419083405110734
-0.040291573557437226
-0.03872474861903806
-0.03720690999274195
-0.03573709297127384
-0.03431432548847248
-0.03293762955831766
-0.03160602282337758
-0.030318519887100857
-0.029074133760965928
-0.027871877089494835
-0.026710763492342575
-0.025589808682546913
-0.02450803170139218
-0.02346445593075396
-0.022458110219947452
-0.021488029794218166
-0.020553257273110533
-0.019652843478079177
-0.018785848343145235
-0.017951341625188834
-0.017148403708367906
-0.01637612622097271
-0.015633612736296897
-0.014919979300336998
-0.014234355032197856
-0.013575882567374145
-0.012943718561641287
-0.012337034054640946
-0.011755014881811252
-0.011196861963417609
-0.010661791629113534
-0.01014903583775018
-0.00965784241999631
-0.009187475233880934
-0.008737214331027903
-0.008306356053257438
-0.007894213128187593
-0.007500114711912131
-0.007123406419900331
-0.006763450320783028
-0.006419624908513768
-0.006091325052128918
-0.005777961915081856
-0.005478962865728137
-0.005193771349618614
-0.004921846765333249
-0.0046626642954343215
-0.004415714751902045
-0.004180504371349983
-0.0039565546341165355
-0.0037434020291391844
-0.0035405978504960975
-0.0033477079370283925
-0.0031643124499284286
-0.0029900055919007597
-0.0028243953692305836
-0.0026671032948907248
-0.002517764138176755
-0.002376025616025079
-0.0022415481330294606
-0.002114004464770667
-0.0019930794908927353
-0.0018784698739086436
-0.0017698837877223414
-0.0016670405950602693
-0.0015696705736195778
-0.0014775145949054286
-0.001390323849986425
-0.0013078595321717754
-0.0012298925641334023
-0.0011562032865686312
-0.001086581188241402
-0.0010208246024347302
-9.587404413142125e-4
-9.001439016658241e-4
-8.448582047954443e-4
-7.927143127886843e-4
-7.435506749874074e-4
-6.972129557452634e-4
-6.535537883833694e-4
-6.12432515163028e-4
-5.737149494657534e-4
-5.372731285198619e-4
-5.029850844064428e-4
-4.7073460985945503e-4
-4.4041103859118963e-4
-4.119090243173934e-4
-3.8512833077513313e-4
-3.599736239635312e-4
-3.3635427213166076e-4
-3.1418415109520163e-4
-2.933814543642961e-4
-2.738685112934146e-4
-2.5557160742710006e-4
-2.384208151453228e-4
-2.223498242294013e-4
-2.0729578458539882e-4
-1.9319914696456198e-4
-1.8000351728072984e-4
-1.6765550735486874e-4
-1.561046003080475e-4
-1.453030111338297e-4
-1.352055626138493e-4
-1.2576955547809743e-4
-1.1695465426621867e-4
-1.0872276679442549e-4
-1.0103793937388594e-4
-9.386624526521197e-5
-8.717568866676174e-5
-8.093610180683893e-5
-7.511905711943643e-5
-6.969777259842009e-5
-6.464703159268929e-5
-5.9943096029225335e-5
-5.556363327322869e-5
-5.1487636813994464e-5
-4.7695359658799714e-5
