-7.527017680608237e-6
-8.194617011020911e-6
-8.918428119749982e-6
-9.702911072753007e-6
-1.0552853065577343e-5
-1.1473395720765372e-5
-1.2470053878676051e-5
-1.3548745516357562e-5
-1.4715813708834507e-5
-1.5978059239979965e-5
-1.7342766263445322e-5
-1.8817737670736764e-5
-2.041132502721937e-5
-2.2132466762145662e-5
-2.3990722995491684e-5
-2.5996316621590328e-5
-2.816017367561259e-5
-3.049396739685884e-5
-3.301016480705944e-5
-3.572207386429491e-5
-3.8643896936450665e-5
-4.179078119271074e-5
-4.517887965351291e-5
-4.8825405013910506e-5
-5.274869893412963e-5
-5.6968289550254196e-5
-6.15049696338399e-5
-6.638085812082457e-5
-7.161948771590058e-5
-7.724587085582191e-5
-8.328659726517193e-5
-8.976990486935814e-5
-9.672578771652756e-5
-1.0418607246621801e-4
-1.1218453698666665e-4
-1.2075699315882578e-4
-1.299414163354126e-4
-1.3977803532492302e-4
-1.5030947275610754e-4
-1.615808432288499e-4
-1.7363990448499963e-4
-1.8653716482324944e-4
-2.0032604482009194e-4
-2.1506299521845476e-4
-2.3080766878005876e-4
-2.476230499452617e-4
-2.655756362407885e-4
-2.847355810741291e-4
-3.0517688397309345e-4
-3.269775479068601e-4
-3.5021977749878034e-4
-3.749901522616815e-4
-4.013798318044472e-4
-4.2948474631950234e-4
-4.5940580770639024e-4
-4.912491185438507e-4
-5.25126187994368e-4
-5.611541603225052e-4
-5.994560344083729e-4
-6.401609126514625e-4
-6.834042229266255e-4
-7.293279884059304e-4
-7.780810508393327e-4
-8.298193614550244e-4
-8.847062045285634e-4
-9.429125090866081e-4
-0.0010046170718495961
-0.0010700068889372691
-0.0011392773774325609
-0.0012126327257356649
-0.0012902861131500831
-0.0013724600769000116
-0.0014593867293583062
-0.0015513081390732225
-0.0016484765454542437
-0.0017511547504167192
-0.0018596163306046592
-0.001974146035542374
-0.002095039997577558
-0.0022226061317586624
-0.0023571643439077284
-0.002499046926637919
-0.002648598766061519
-0.0028061777278179877
-0.0029721548628670142
-0.0031469147768008014
-0.0033308558352046903
-0.0035243905089702874
-0.0037279455795022564
-0.003941962452467371
-0.004166897362834982
-0.004403221649160655
-0.004651421958123849
-0.004912000471353283
-0.005185475108542925
-0.005472379698902336
-0.005773264181277016
-0.006088694712554623
-0.006419253862392362
-0.006765540651271312
-0.0071281707365824865
-0.007507776373720918
-0.007905006588931906
-0.008320527057765205
-0.008755020259166696
-0.00920918526626026
-0.00968373787490675
-0.010179410303134961
-0.010696951286080409
-0.011237125681453557
-0.011800714521557332
-0.012388514523625811
-0.013001338088391273
-0.01364001271527315
-0.014305380935992729
-0.014998299636301705
-0.01571963991176025
-0.016470286298987738
-0.017251136540383422
-0.018063100728976825
-0.018907100968268968
-0.019784070436041537
-0.020694952925295048
-0.021640701833441044
-0.022622279570430125
-0.023640656480506516
-0.024696810104271785
-0.025791724040756733
-0.026926387051227848
-0.028101791869358277
-0.029318934136471235
-0.030578811167542616
-0.0318824207088414
-0.033230759668077675
-0.03462482268771602
-0.03606560084629143
-0.03755408004416563
-0.03909123968231402
-0.04067805086014802
-0.04231547503657016
-0.04400446204407855
-0.0457459487358181
-0.047540856822512544
-0.0493900915084082
-0.051294539163052016
-0.05325506594665405
-0.055272515331609234
-0.05734770671775547
-0.059481432823589586
-0.06167445828827872
-0.06392751695774192
-0.06624131047006056
-0.06861650546354636
-0.07105373214165445
-0.07355358143523193
-0.07611660354109981
-0.07874330507328955
-0.08143414756993972
-0.08418954467152613
-0.08700986058979127
-0.08989540735244374
-0.09284644323014964
-0.09586317008731052
-0.09894573176430117
-0.10209421157503955
-0.10530863064269333
-0.10858894558394795
-0.11193504679962038
-0.11534675638474305
-0.11882382637688171
-0.12236593692849963
-0.12597269452259927
-0.1296436304370399
-0.133378198940944
-0.13717577608039705
-0.1410356578701058
-0.14495705942499465
-0.14893911316828762
-0.15298086832757754
-0.157081289183039
-0.16123925494108518
-0.1654535580539224
-0.16972290447561833
-0.17404591208805245
-0.17842111133789595
-0.18284694380840816
-0.18732176323066616
-0.19184383424011844
-0.19641133375216208
-0.20102234994698737
-0.2056748839883512
-0.21036684928533073
-0.21509607352694707
-0.21986029826936687
-0.22465718125776535
-0.22948429638148782
-0.23433913625283215
-0.23921911257319498
-0.24412155893418488
-0.24904373163336646
-0.2539828126604703
-0.25893591099956237
-0.2639000657617732
-0.26887224800445914
-0.273849363970602
-0.2788282574475936
-0.2838057130809823
-0.28877845928350226
-0.2937431715901132
-0.2986964761209734
-0.3036349529510318
-0.30855514011921553
-0.31345353698583667
-0.31832660877261887
-0.32317078988954906
-0.32798248897394805
-0.33275809217257457
-0.33749396864393466
-0.34218647378466693
-0.3468319551410032
-0.3514267555791375
-0.35596721954828964
-0.36044969619329664
-0.3648705458971062
-0.36922614334432335
-0.3735128842664053
-0.3777271884675991
-0.38186550668204366
-0.3859243235789854
-0.3899001646451493
-0.39378959917847906
-0.3975892471076469
-0.40129578198993376
-0.40490593767005817
-0.40841651129857287
-0.4118243697432754
-0.4151264526355781
-0.41831977844382917
-0.4214014475640552
-0.42436864796575824
-0.42721865833369427
-0.429948853208656
-0.4325567061830242
-0.4350397944680729
-0.43739580213540336
-0.4396225240505838
-0.44171786915264255
-0.4436798637100543
-0.4455066546100082
-0.44719651190526727
-0.4487478320936432
-0.45015913992645296
-0.4514290916460508
-0.45255647605250354
-0.4535402176532386
-0.45437937699721614
-0.4550731536884381
-0.4556208860055867
-0.45602205373179083
-0.45627627708732527
-0.4563833193181709
-0.4563430849887846
-0.4561556222711936
-0.4558211206464964
-0.4553399128356807
-0.4547124719753558
-0.45393941312607544
-0.4530214899932679
-0.4519595959583558
-0.45075476041416723
-0.4494081492662944
-0.4479210609595638
-0.4462949264095275
-0.4445313047866445
-0.44263188284351956
-0.4405984705315853
-0.43843299969774824
-0.4361375196022504
-0.43371419496405933
-0.431165301452499
-0.42849322307236815
-0.4257004476851047
-0.4227895637441896
-0.41976325589985747
-0.41662430109777576
-0.41337556431343714
-0.4100199940467877
-0.40656061821979184
-0.40300053911271044
-0.3993429294444937
-0.3955910268128691
-0.39174812996860076
-0.38781759282474526
-0.38380282094042883
-0.3797072651650366
-0.37553441832954537
-0.37128780861585053
-0.36697099644377573
-0.36258756765290384
-0.358141130571782
-0.35363530910349633
-0.3490737399568558
-0.34446006573447924
-0.3397979322992507
-0.33509098195726394
-0.33034285093729926
-0.32555716275820074
-0.3207375257967711
-0.3158875269270836
-0.31101072915049044
-0.30611066558594563
-0.30119083714294037
-0.2962547069348955
-0.2913056979718554
-0.28634718806401827
-0.28138250751930505
-0.27641493458377325
-0.2714476931409508
-0.2664839487285757
-0.26152680623038405
-0.2565793065037203
-0.25164442406479237
-0.2467250643398334
-0.24182406135388892
-0.23694417561109096
-0.23208809179981135
-0.2272584172912074
-0.2224576798834587
-0.21768832689944395
-0.21295272299308185
-0.2082531498155745
-0.20359180391334256
-0.19897079692486208
-0.19439215359946305
-0.18985781248109887
-0.18536962407972668
-0.1809293519884073
-0.1765386712418875
-0.1721991698114432
-0.16791234718264986
-0.1636796161683784
-0.1595023017363087
-0.15538164308103564
-0.15131879272828408
-0.1473148188059436
-0.14337070444943115
-0.13948735021397593
-0.13566557379904903
-0.13190611254826676
-0.12820962350527293
-0.12457668595117899
-0.1210078017988129
-0.11750339812310363
-0.11406382789475872
-0.11068937246224905
-0.10738024262125752
-0.10413658101466897
-0.10095846352474498
-0.09784590156591463
-0.09479884378035991
-0.09181717820470224
-0.08890073424404239
-0.08604928469966507
-0.08326254799216738
-0.08054019004326499
-0.07788182671415242
-0.0752870255401442
-0.07275530834682944
-0.07028615284092317
-0.0678789953650496
-0.06553323235238867
-0.06324822317849489
-0.06102329149060172
-0.058857728115014996
-0.05675079227572688
-0.054701714514578115
-0.052709697813973076
-0.050773920491798685
-0.04889353724385521
-0.04706768197428784
-0.04529546877549744
-0.043575994659002124
-0.04190834048827777
-0.04029157357893022
-0.03872474859896765
-0.03720691001128285
-0.03573709295429772
-0.034314325503781856
-0.03293762954472404
-0.03160602283524734
-0.030318519877050837
-0.029074133769230927
-0.02787187708299604
-0.02671076349705075
-0.025589808679559418
-0.024508031702640404
-0.0234644559311499
-0.02245811021798087
-0.021488029797734898
-0.020553257268164236
-0.01965284348436587
-0.018785848335610186
-0.017951341633891785
-0.017148403698604524
-0.01637612623166947
-0.015633612724785778
-0.01491997931256623
-0.01423435501937092
-0.013575882580694773
-0.01294371854796262
-0.012337034068568578
-0.01175501486773136
-0.011196861977530047
-0.010661791615040451
-0.010149035851660012
-0.009657842406342048
-0.009187475247202257
-0.00873721431812136
-0.008306356065662789
-0.007894213116336686
-0.0075001147231452065
-0.007123406409336417
-0.006763450330630072
-0.0064196248994229585
-0.006091325060435359
-0.0057779619075936095
-0.0054789628723833335
-0.005193771343794251
-0.004921846770316276
-0.00466266429128319
-0.004415714755224229
-0.004180504368832155
-0.003956554635839691
-0.003743402028177707
-0.0035405978507260143
-0.0033477079374986765
-0.0031643124487892166
-0.002990005593660763
-0.0028243953668967993
-0.0026671032977565916
-0.002517764134827339
-0.002376025619810168
-0.002241548128858955
-0.0021140044692776897
-0.0019930794861012127
-0.001878469878939494
-0.001769883782508211
-0.0016670406004145218
-0.0015696705681689349
-0.001477514600404909
-0.0013903238444806256
-0.0013078595376431823
-0.0012298925587335351
-0.0011562032918619593
-0.0010865811830867145
-0.001020824607419768
-9.587404365241477e-4
-9.001439062352333e-4
-8.448582004656697e-4
-7.927143168588715e-4
-7.435506711886809e-4
-6.972129592589865e-4
-6.53553785164196e-4
-6.12432518081533e-4
-5.737149468505155e-4
-5.372731308297366e-4
-5.029850824000373e-4
-4.7073461156466945e-4
-4.404110371798342e-4
-4.1190902544158283e-4
-3.851283299285702e-4
-3.5997362454349556e-4
-3.3635427180612576e-4
-3.1418415117942376e-4
-2.9338145450664706e-4
-2.7386851094018835e-4
-2.555716079754098e-4
-2.3842081441800557e-4
-2.2234982511743975e-4
-2.072957835529679e-4
-1.9319914812460098e-4
-1.8000351601053452e-4
-1.6765550871855343e-4
-1.561045988674761e-4
-1.4530301263553677e-4
-1.3520556106671178e-4
-1.2576955705587413e-4
-1.1695465267175597e-4
-1.087227683926636e-4
-1.0103793778476025e-4
-9.38662468339333e-5
-8.717568712898948e-5
-8.09361033040554e-5
-7.511905567140597e-5
-6.969777398958398e-5
-6.464703026509666e-5
-5.994309728758375e-5
-5.556363208884493e-5
-5.148763792042576e-5
-4.769535863318111e-5
