1.0
1.003006012024048
1.006012024048096
1.0090180360721441
1.0120240480961922
1.0150300601202402
1.0180360721442883
1.0210420841683363
1.0240480961923843
1.0270541082164324
1.0300601202404804
1.0330661322645285
1.0360721442885765
1.0390781563126246
1.0420841683366726
1.0450901803607207
1.0480961923847687
1.0511022044088167
1.0541082164328648
1.0571142284569128
1.0601202404809609
1.063126252505009
1.066132264529057
1.069138276553105
1.072144288577153
1.075150300601201
1.0781563126252491
1.0811623246492972
1.0841683366733452
1.0871743486973933
1.0901803607214413
1.0931863727454894
1.0961923847695374
1.0991983967935854
1.1022044088176335
1.1052104208416815
1.1082164328657296
1.1112224448897776
1.1142284569138257
1.1172344689378737
1.1202404809619217
1.1232464929859698
1.1262525050100178
1.1292585170340659
1.132264529058114
1.135270541082162
1.13827655310621
1.141282565130258
1.144288577154306
1.1472945891783541
1.1503006012024022
1.1533066132264502
1.1563126252504983
1.1593186372745463
1.1623246492985944
1.1653306613226424
1.1683366733466904
1.1713426853707385
1.1743486973947865
1.1773547094188346
1.1803607214428826
1.1833667334669307
1.1863727454909787
1.1893787575150268
1.1923847695390748
1.1953907815631228
1.1983967935871709
1.201402805611219
1.204408817635267
1.207414829659315
1.210420841683363
1.213426853707411
1.2164328657314591
1.2194388777555072
1.2224448897795552
1.2254509018036033
1.2284569138276513
1.2314629258516994
1.2344689378757474
1.2374749498997955
1.2404809619238435
1.2434869739478915
1.2464929859719396
1.2494989979959876
1.2525050100200357
1.2555110220440837
1.2585170340681318
1.2615230460921798
1.2645290581162278
1.2675350701402759
1.270541082164324
1.273547094188372
1.27655310621242
1.279559118236468
1.282565130260516
1.2855711422845642
1.2885771543086122
1.2915831663326602
1.2945891783567083
1.2975951903807563
1.3006012024048044
1.3036072144288524
1.3066132264529005
1.3096192384769485
1.3126252505009965
1.3156312625250446
1.3186372745490926
1.3216432865731407
1.3246492985971887
1.3276553106212368
1.3306613226452848
1.3336673346693328
1.336673346693381
1.339679358717429
1.342685370741477
1.345691382765525
1.348697394789573
1.3517034068136211
1.3547094188376692
1.3577154308617172
1.3607214428857652
1.3637274549098133
1.3667334669338613
1.3697394789579094
1.3727454909819574
1.3757515030060055
1.3787575150300535
1.3817635270541015
1.3847695390781496
1.3877755511021976
1.3907815631262457
1.3937875751502937
1.3967935871743418
1.3997995991983898
1.4028056112224379
1.405811623246486
1.408817635270534
1.411823647294582
1.41482965931863
1.417835671342678
1.4208416833667261
1.4238476953907742
1.4268537074148222
1.4298597194388702
1.4328657314629183
1.4358717434869663
1.4388777555110144
1.4418837675350624
1.4448897795591105
1.4478957915831585
1.4509018036072066
1.4539078156312546
1.4569138276553026
1.4599198396793507
1.4629258517033987
1.4659318637274468
1.4689378757514948
1.4719438877755429
1.474949899799591
1.477955911823639
1.480961923847687
1.483967935871735
1.486973947895783
1.4899799599198311
1.4929859719438792
1.4959919839679272
1.4989979959919753
1.5020040080160233
1.5050100200400713
1.5080160320641194
1.5110220440881674
1.5140280561122155
1.5170340681362635
1.5200400801603116
1.5230460921843596
1.5260521042084076
1.5290581162324557
1.5320641282565037
1.5350701402805518
1.5380761523045998
1.5410821643286479
1.544088176352696
1.547094188376744
1.550100200400792
1.55310621242484
1.556112224448888
1.5591182364729361
1.5621242484969842
1.5651302605210322
1.5681362725450803
1.5711422845691283
1.5741482965931763
1.5771543086172244
1.5801603206412724
1.5831663326653205
1.5861723446893685
1.5891783567134166
1.5921843687374646
1.5951903807615126
1.5981963927855607
1.6012024048096087
1.6042084168336568
1.6072144288577048
1.6102204408817529
1.613226452905801
1.616232464929849
1.619238476953897
1.622244488977945
1.625250501001993
1.6282565130260411
1.6312625250500892
1.6342685370741372
1.6372745490981853
1.6402805611222333
1.6432865731462813
1.6462925851703294
1.6492985971943774
1.6523046092184255
1.6553106212424735
1.6583166332665216
1.6613226452905696
1.6643286573146177
1.6673346693386657
1.6703406813627137
1.6733466933867618
1.6763527054108098
1.6793587174348579
1.682364729458906
1.685370741482954
1.688376753507002
1.69138276553105
1.694388777555098
1.6973947895791461
1.7004008016031942
1.7034068136272422
1.7064128256512903
1.7094188376753383
1.7124248496993864
1.7154308617234344
1.7184368737474824
1.7214428857715305
1.7244488977955785
1.7274549098196266
1.7304609218436746
1.7334669338677227
1.7364729458917707
1.7394789579158187
1.7424849699398668
1.7454909819639148
1.7484969939879629
1.751503006012011
1.754509018036059
1.757515030060107
1.760521042084155
1.763527054108203
1.7665330661322511
1.7695390781562992
1.7725450901803472
1.7755511022043953
1.7785571142284433
1.7815631262524914
1.7845691382765394
1.7875751503005874
1.7905811623246355
1.7935871743486835
1.7965931863727316
1.7995991983967796
1.8026052104208277
1.8056112224448757
1.8086172344689238
1.8116232464929718
1.8146292585170198
1.8176352705410679
1.820641282565116
1.823647294589164
1.826653306613212
1.82965931863726
1.832665330661308
1.8356713426853561
1.8386773547094042
1.8416833667334522
1.8446893787575003
1.8476953907815483
1.8507014028055964
1.8537074148296444
1.8567134268536925
1.8597194388777405
1.8627254509017885
1.8657314629258366
1.8687374749498846
1.8717434869739327
1.8747494989979807
1.8777555110220288
1.8807615230460768
1.8837675350701248
1.8867735470941729
1.889779559118221
1.892785571142269
1.895791583166317
1.898797595190365
1.901803607214413
1.9048096192384611
1.9078156312625092
1.9108216432865572
1.9138276553106053
1.9168336673346533
1.9198396793587014
1.9228456913827494
1.9258517034067975
1.9288577154308455
1.9318637274548935
1.9348697394789416
1.9378757515029896
1.9408817635270377
1.9438877755510857
1.9468937875751338
1.9498997995991818
1.9529058116232298
1.955911823647278
1.958917835671326
1.961923847695374
1.964929859719422
1.96793587174347
1.970941883767518
1.9739478957915662
1.9769539078156142
1.9799599198396622
1.9829659318637103
1.9859719438877583
1.9889779559118064
1.9919839679358544
1.9949899799599025
1.9979959919839505
2.0010020040079985
2.0040080160320466
2.0070140280560946
2.0100200400801427
2.0130260521041907
2.0160320641282388
2.019038076152287
2.022044088176335
2.025050100200383
2.028056112224431
2.031062124248479
2.034068136272527
2.037074148296575
2.040080160320623
2.043086172344671
2.046092184368719
2.0490981963927672
2.0521042084168153
2.0551102204408633
2.0581162324649114
2.0611222444889594
2.0641282565130075
2.0671342685370555
2.0701402805611036
2.0731462925851516
2.0761523046091996
2.0791583166332477
2.0821643286572957
2.0851703406813438
2.088176352705392
2.09118236472944
2.094188376753488
2.097194388777536
2.100200400801584
2.103206412825632
2.10621242484968
2.109218436873728
2.112224448897776
2.115230460921824
2.1182364729458723
2.1212424849699203
2.1242484969939683
2.1272545090180164
2.1302605210420644
2.1332665330661125
2.1362725450901605
2.1392785571142086
2.1422845691382566
2.1452905811623046
2.1482965931863527
2.1513026052104007
2.1543086172344488
2.157314629258497
2.160320641282545
2.163326653306593
2.166332665330641
2.169338677354689
2.172344689378737
2.175350701402785
2.178356713426833
2.181362725450881
2.184368737474929
2.1873747494989773
2.1903807615230253
2.1933867735470733
2.1963927855711214
2.1993987975951694
2.2024048096192175
2.2054108216432655
2.2084168336673136
2.2114228456913616
2.2144288577154096
2.2174348697394577
2.2204408817635057
2.223446893787554
2.226452905811602
2.22945891783565
2.232464929859698
2.235470941883746
2.238476953907794
2.241482965931842
2.24448897795589
2.247494989979938
2.250501002003986
2.253507014028034
2.2565130260520823
2.2595190380761303
2.2625250501001783
2.2655310621242264
2.2685370741482744
2.2715430861723225
2.2745490981963705
2.2775551102204186
2.2805611222444666
2.2835671342685147
2.2865731462925627
2.2895791583166107
2.292585170340659
2.295591182364707
2.298597194388755
2.301603206412803
2.304609218436851
2.307615230460899
2.310621242484947
2.313627254508995
2.316633266533043
2.319639278557091
2.322645290581139
2.3256513026051873
2.3286573146292353
2.3316633266532834
2.3346693386773314
2.3376753507013794
2.3406813627254275
2.3436873747494755
2.3466933867735236
2.3496993987975716
2.3527054108216197
2.3557114228456677
2.3587174348697157
2.361723446893764
2.364729458917812
2.36773547094186
2.370741482965908
2.373747494989956
2.376753507014004
2.379759519038052
2.3827655310621
2.385771543086148
2.388777555110196
2.3917835671342442
2.3947895791582923
2.3977955911823403
2.4008016032063884
2.4038076152304364
2.4068136272544844
2.4098196392785325
2.4128256513025805
2.4158316633266286
2.4188376753506766
2.4218436873747247
2.4248496993987727
2.4278557114228208
2.430861723446869
2.433867735470917
2.436873747494965
2.439879759519013
2.442885771543061
2.445891783567109
2.448897795591157
2.451903807615205
2.454909819639253
2.457915831663301
2.4609218436873492
2.4639278557113973
2.4669338677354453
2.4699398797594934
2.4729458917835414
2.4759519038075894
2.4789579158316375
2.4819639278556855
2.4849699398797336
2.4879759519037816
2.4909819639278297
2.4939879759518777
2.4969939879759258
2.499999999999974
