-1.437942785999493e-6
-1.684457808413857e-6
-1.970785706884753e-6
-2.302947842430875e-6
-2.68780959672919e-6
-3.133186343442251e-6
-3.6479702484248778e-6
-4.242263576473537e-6
-4.927522378578368e-6
-5.716728359319168e-6
-6.624575708557038e-6
-7.667665973227496e-6
-8.864736038645992e-6
-1.0236914310112443e-5
-1.1807984729810417e-5
-1.3604684536614135e-5
-1.5657046816431356e-5
-1.799875613147767e-5
-2.0667533654311276e-5
-2.3705583642766123e-5
-2.716006667606805e-5
-3.1083594985420084e-5
-3.553480078718391e-5
-4.057895459998636e-5
-4.628859943573969e-5
-5.274425989347493e-5
-6.003523168244908e-5
-6.826038832017677e-5
-7.752905209211034e-5
-8.796197659881212e-5
-9.969236160782519e-5
-1.128669104334162e-4
-1.2764702077569813e-4
-1.4421004009010783e-4
-1.6275053750717391e-4
-1.8348171084148804e-4
-2.066369045382767e-4
-2.3247112540726554e-4
-2.6126266696582464e-4
-2.933148943053179e-4
-3.2895802798268e-4
-3.685509815467951e-4
-4.1248339399401173e-4
-4.611776912088138e-4
-5.150911275938162e-4
-5.747180203560701e-4
-6.405920700770653e-4
-7.132885896260381e-4
-7.934268693085346e-4
-8.816726973422058e-4
-9.787407435221888e-4
-0.0010853969636121703
-0.0012024612101813892
-0.0013308097092787075
-0.001471377397200211
-0.0016251604594672293
-0.0017932187923881925
-0.001976678152797471
-0.002176732417316494
-0.002394645857953288
-0.0026317549695539237
-0.002889470211709494
-0.003169277855552541
-0.003472741327256451
-0.003801502186062248
-0.0041572812317299855
-0.004541879160114928
-0.0049571765419853895
-0.005405133834283676
-0.005887791086946614
-0.006407266710494383
-0.006965756026506384
-0.007565529703102237
-0.008208931123615098
-0.008898373152182748
-0.009636334928733288
-0.010425357665426658
-0.011268039391435926
-0.01216702973243767
-0.01312502396141601
-0.014144755610824388
-0.015228988918758835
-0.016380510956395783
-0.01760212213097797
-0.01889662611683801
-0.02026681989200228
-0.021715482279172273
-0.0232453613882441
-0.024859162451034703
-0.026559534639700018
-0.02834905630502307
-0.030230220627091228
-0.03220542101044099
-0.03427693466605739
-0.03644690631136123
-0.03871733248544503
-0.04109004424238712
-0.04356668942780153
-0.04614871631349393
-0.048837356308137576
-0.05163360566695369
-0.05453820894918153
-0.057551642688848284
-0.060674097697797205
-0.06390546301912786
-0.06724531144914088
-0.07069288379710487
-0.07424707423968935
-0.07790641847962161
-0.08166908137223318
-0.08553284483085963
-0.08949509930578
-0.09355283604782137
-0.09770263890187503
-0.10194067973398281
-0.10626271628942806
-0.1106640892655545
-0.11513972231049328
-0.11968412602109983
-0.12429140152149475
-0.1289552456927914
-0.13366896141808235
-0.1384254684985812
-0.14321731477442962
-0.1480366923501028
-0.1528754560852804
-0.157725141151398
-0.1625769847206857
-0.16742195156023199
-0.1722507582720529
-0.17705389980450328
-0.1818216809873206
-0.18654424720242524
-0.1912116150220386
-0.19581370799315864
-0.2003403928117495
-0.2047815133427595
-0.20912692867204846
-0.21336655312552924
-0.21749039279762472
-0.22148858385567527
-0.2253514341339666
-0.22906946100391387
-0.2326334281449213
-0.23603438603172047
-0.23926370961505564
-0.2423131320833831
-0.2451747815335741
-0.2478412165067015
-0.25030545558950323
-0.2525610078896663
-0.2546019041616424
-0.2564227213120703
-0.2580186049368238
-0.259385293703797
-0.2605191379057644
-0.26141711311143545
-0.262076835753671
-0.26249657484100314
-0.2626752565747183
-0.2626124697108673
-0.2623084695388644
-0.26176417392827045
-0.2609811579501388
-0.2599616493371887
-0.2587085168061849
-0.25722525444463606
-0.25551596819965283
-0.2535853574564631
-0.25143869063128077
-0.2490817828223052
-0.24652097159642478
-0.2437630858927347
-0.24081541574535983
-0.23768568315442576
-0.2343820067162581
-0.2309128651264506
-0.2272870640304247
-0.22351369872089089
-0.2196021138005714
-0.2155618670686056
-0.2114026922731345
-0.2071344576820073
-0.2027671283572147
-0.19831073046057737
-0.1937753114726433
-0.18917090254533375
-0.18450748540131534
-0.17979495653933833
-0.1750430916253629
-0.17026151569696876
-0.16545967302593315
-0.16064679555466765
-0.15583187697728282
-0.15102364913913596
-0.14623055629440934
-0.14146073362827558
-0.13672199033747584
-0.13202179097437208
-0.12736723900957786
-0.12276506619511024
-0.11822162154452798
-0.11374286051399307
-0.10933433994680195
-0.10500121448154372
-0.10074823174764529
-0.09657973213241171
-0.09249965173426883
-0.08851152363836494
-0.08461848182610168
-0.08082326934584899
-0.0771282452739671
-0.07353539221907603
-0.07004632820468526
-0.06666231844359165
-0.0633842859698028
-0.06021282580377324
-0.057148220282459736
-0.05419045232800434
-0.051339220725348814
-0.04859395753909943
-0.045953843409736926
-0.04341782310401138
-0.0409846235556801
-0.038652770418783844
-0.03642060334904281
-0.03428629341711482
-0.03224786001003562
-0.03030318550774087
-0.028450031161726095
-0.026686053392753435
-0.025008817617409845
-0.023415812075984418
-0.02190446265867029
-0.02047214563930892
-0.019116199288285313
-0.017833936563525634
-0.016622656477126595
-0.015479653577299454
-0.014402228128453421
-0.01338769581985761
-0.01243339532997653
-0.011536695923937208
-0.010695005254380541
-0.009905775243153133
-0.009166507287242661
-0.008474758005874368
-0.007828143632298482
-0.007224343193894889
-0.006661102211425919
-0.006136235732928313
-0.00564762992602157
-0.005193243898413626
-0.004771111465275219
-0.004379341573635024
-0.004016118549693591
-0.003679702688854641
-0.0033684298548580195
-0.0030807105405034315
-0.0028150294038045555
-0.0025699442860574835
-0.0023440844871603418
-0.0021361494246495845
-0.0019449072278189168
-0.0017691925842555885
-0.0016079047477066516
-0.0014600058087885478
-0.0013245183863010719
-0.001200523235516766
-0.0010871572734024292
-9.836112927905632e-4
-8.891274150569957e-4
-8.029969503248337e-4
-7.245582277397741e-4
-6.531940972079407e-4
-5.883297180849787e-4
-5.29430538788623e-4
-4.759999922657856e-4
-4.275773157002242e-4
-3.837356814132876e-4
-3.440801649495035e-4
-3.08245694318374e-4
-2.758953265610965e-4
-2.467185097287897e-4
-2.2042924104892056e-4
-1.9676448978797842e-4
-1.7548273407028763e-4
-1.563623771574908e-4
-1.392003269168627e-4
-1.238107680549857e-4
-1.1002385191150614e-4
-9.768444828754799e-5
-8.665111037356029e-5
-7.67950237488425e-5
-6.799894417040714e-5
-6.015632006845966e-5
-5.317046613206238e-5
-4.695369168820884e-5
-4.1426557172186805e-5
-3.6517228695226754e-5
