0.5
0.5066889632107023
0.5133779264214047
0.520066889632107
0.5267558528428093
0.5334448160535117
0.540133779264214
0.5468227424749164
0.5535117056856187
0.560200668896321
0.5668896321070234
0.5735785953177257
0.580267558528428
0.5869565217391304
0.5936454849498327
0.600334448160535
0.6070234113712374
0.6137123745819397
0.6204013377926421
0.6270903010033444
0.6337792642140467
0.6404682274247491
0.6471571906354514
0.6538461538461537
0.6605351170568561
0.6672240802675584
0.6739130434782608
0.6806020066889631
0.6872909698996654
0.6939799331103678
0.7006688963210701
0.7073578595317724
0.7140468227424748
0.7207357859531771
0.7274247491638794
0.7341137123745818
0.7408026755852841
0.7474916387959865
0.7541806020066888
0.7608695652173911
0.7675585284280935
0.7742474916387958
0.7809364548494981
0.7876254180602005
0.7943143812709028
0.8010033444816052
0.8076923076923075
0.8143812709030098
0.8210702341137122
0.8277591973244145
0.8344481605351168
0.8411371237458192
0.8478260869565215
0.8545150501672238
0.8612040133779262
0.8678929765886285
0.8745819397993309
0.8812709030100332
0.8879598662207355
0.8946488294314379
0.9013377926421402
0.9080267558528425
0.9147157190635449
0.9214046822742472
0.9280936454849495
0.9347826086956519
0.9414715719063542
0.9481605351170566
0.9548494983277589
0.9615384615384612
0.9682274247491636
0.9749163879598659
0.9816053511705682
0.9882943143812706
0.9949832775919729
1.0016722408026753
1.0083612040133776
1.01505016722408
1.0217391304347823
1.0284280936454846
1.035117056856187
1.0418060200668893
1.0484949832775916
1.055183946488294
1.0618729096989963
1.0685618729096986
1.075250836120401
1.0819397993311033
1.0886287625418056
1.095317725752508
1.1020066889632103
1.1086956521739126
1.115384615384615
1.1220735785953173
1.1287625418060196
1.135451505016722
1.1421404682274243
1.1488294314381267
1.155518394648829
1.1622073578595313
1.1688963210702337
1.175585284280936
1.1822742474916383
1.1889632107023407
1.195652173913043
1.2023411371237454
1.2090301003344477
1.21571906354515
1.2224080267558524
1.2290969899665547
1.235785953177257
1.2424749163879594
1.2491638795986617
1.255852842809364
1.2625418060200664
1.2692307692307687
1.275919732441471
1.2826086956521734
1.2892976588628757
1.295986622073578
1.3026755852842804
1.3093645484949827
1.316053511705685
1.3227424749163874
1.3294314381270897
1.336120401337792
1.3428093645484944
1.3494983277591968
1.356187290969899
1.3628762541806014
1.3695652173913038
1.376254180602006
1.3829431438127084
1.3896321070234108
1.3963210702341131
1.4030100334448155
1.4096989966555178
1.4163879598662201
1.4230769230769225
1.4297658862876248
1.4364548494983271
1.4431438127090295
1.4498327759197318
1.4565217391304341
1.4632107023411365
1.4698996655518388
1.4765886287625412
1.4832775919732435
1.4899665551839458
1.4966555183946482
1.5033444816053505
1.5100334448160528
1.5167224080267552
1.5234113712374575
1.5301003344481598
1.5367892976588622
1.5434782608695645
1.5501672240802669
1.5568561872909692
1.5635451505016715
1.5702341137123739
1.5769230769230762
1.5836120401337785
1.5903010033444809
1.5969899665551832
1.6036789297658856
1.610367892976588
1.6170568561872902
1.6237458193979926
1.630434782608695
1.6371237458193972
1.6438127090300996
1.650501672240802
1.6571906354515042
1.6638795986622066
1.670568561872909
1.6772575250836113
1.6839464882943136
1.690635451505016
1.6973244147157183
1.7040133779264206
1.710702341137123
1.7173913043478253
1.7240802675585276
1.73076923076923
1.7374581939799323
1.7441471571906346
1.750836120401337
1.7575250836120393
1.7642140468227416
1.770903010033444
1.7775919732441463
1.7842809364548486
1.790969899665551
1.7976588628762533
1.8043478260869557
1.811036789297658
1.8177257525083603
1.8244147157190627
1.831103678929765
1.8377926421404673
1.8444816053511697
1.851170568561872
1.8578595317725743
1.8645484949832767
1.871237458193979
1.8779264214046814
1.8846153846153837
1.891304347826086
1.8979933110367884
1.9046822742474907
1.911371237458193
1.9180602006688954
1.9247491638795977
1.9314381270903
1.9381270903010024
1.9448160535117047
1.951505016722407
1.9581939799331094
1.9648829431438117
1.971571906354514
1.9782608695652164
1.9849498327759187
1.991638795986621
1.9983277591973234
2.0050167224080258
2.011705685618728
2.0183946488294304
2.0250836120401328
2.031772575250835
2.0384615384615374
2.0451505016722398
2.051839464882942
2.0585284280936444
2.065217391304347
2.071906354515049
2.0785953177257515
2.085284280936454
2.091973244147156
2.0986622073578585
2.105351170568561
2.112040133779263
2.1187290969899655
2.125418060200668
2.13210702341137
2.1387959866220725
2.145484949832775
2.152173913043477
2.1588628762541795
2.165551839464882
2.172240802675584
2.1789297658862865
2.185618729096989
2.192307692307691
2.1989966555183935
2.205685618729096
2.212374581939798
2.2190635451505005
2.225752508361203
2.232441471571905
2.2391304347826075
2.24581939799331
2.252508361204012
2.2591973244147145
2.265886287625417
2.272575250836119
2.2792642140468216
2.285953177257524
2.2926421404682262
2.2993311036789286
2.306020066889631
2.3127090301003332
2.3193979933110356
2.326086956521738
2.3327759197324403
2.3394648829431426
2.346153846153845
2.3528428093645473
2.3595317725752496
2.366220735785952
2.3729096989966543
2.3795986622073566
2.386287625418059
2.3929765886287613
2.3996655518394636
2.406354515050166
2.4130434782608683
2.4197324414715706
2.426421404682273
2.4331103678929753
2.4397993311036776
2.44648829431438
2.4531772575250823
2.4598662207357846
2.466555183946487
2.4732441471571893
2.4799331103678917
2.486622073578594
2.4933110367892963
2.4999999999999987
