1.2345984955058703e-6
1.350620257729903e-6
1.7575344416115747e-6
1.937204229051263e-6
2.001997366411745e-6
2.3709214801895304e-6
2.588380739270167e-6
2.6607996830371918e-6
3.2877567566775365e-6
3.946713391135132e-6
4.15079612896772e-6
4.9272911936308294e-6
6.1190846400634425e-6
6.5605505633093625e-6
7.388157401390175e-6
9.409906235766648e-6
1.0635433386186737e-5
1.1110831220926366e-5
1.2978447018478696e-5
1.5011245236075507e-5
1.5978209161701663e-5
1.8381942212398213e-5
2.2088012769089323e-5
2.4543783761412347e-5
2.782860268264755e-5
3.309398348454368e-5
3.6048629529367896e-5
3.7407219663627934e-5
4.2634990534483936e-5
5.0113710426235634e-5
5.671972739807884e-5
6.508485669341823e-5
7.330999029768049e-5
7.724684518620763e-5
8.34706981362154e-5
9.688766708062606e-5
1.0939665522216428e-4
1.1860106703554373e-4
1.3183983279031845e-4
1.460269253866434e-4
1.5417184483388927e-4
1.642870755111803e-4
1.8549667723154206e-4
2.1079288341510144e-4
2.2949995393671167e-4
2.426021004125266e-4
2.580341957152146e-4
2.7626047846947174e-4
2.9145996891529537e-4
3.1160973760716856e-4
3.469596564402465e-4
3.7031651997695205e-4
3.47960891876601e-4
3.082019797349712e-4
3.01606384812691e-4
3.274603188691087e-4
3.708940840941045e-4
4.283735418429375e-4
4.6023432070973287e-4
4.4489396593221537e-4
4.5060848321353713e-4
5.14466192107799e-4
5.608507660483949e-4
5.490014673367077e-4
5.285137162252176e-4
5.166577761837911e-4
5.137736010878556e-4
5.700218719529039e-4
6.757871519417442e-4
7.407299222135242e-4
7.627168976605048e-4
8.283835968165788e-4
9.56784639328882e-4
0.0010964636350638095
0.0012091405366254314
0.0012964344634297845
0.001403895567354619
0.0015590812688124993
0.0017425126201064552
0.002016779462552404
0.002490486737356629
0.003071613645523476
0.003569104328158832
0.003981444999251431
0.004345393267953659
0.00461959219182555
0.005010536559657706
0.005832674069349945
0.006877618674215719
0.007631406082945331
0.008070819913313678
0.008565201524597011
0.009285386246888029
0.010260564872683002
0.01155460432580081
0.013013056631935634
0.014356827874135197
0.015733586080905516
0.017596768748442813
0.01981199300365642
0.02158068734380728
0.02273850836396074
0.024225146454853668
0.02640598521450563
0.028227987638502438
0.029254928348698382
0.030705544638822753
0.03312978537154186
0.03546780172135092
0.03751304287566334
0.040356551695891654
0.0437736385908227
0.04633822095670245
0.04811523802026045
0.05033409770591202
0.05308367521012832
0.05567466003835892
0.05820947859817016
0.06117407433640652
0.06441737394443185
0.06734248532008434
0.06966730051228201
0.07181085243375011
0.07429278461077056
0.07671366420747239
0.07828800910128968
0.07940469621197746
0.08126204301367704
0.08405753112122398
0.08687992157232491
0.08916006746715792
0.09134353361556637
0.09436564092660739
0.09862638259775822
0.10321134988817084
0.1064920009131592
0.10792876723808068
0.10898864774753901
0.11165753381421543
0.11574561465023805
0.11862401112599397
0.1188033051813758
0.11827954711796668
0.11938104252613656
0.12151047129147373
0.12337777723524743
0.12550649455230084
0.12818339007347776
0.1301258314409321
0.13078509151441767
0.13101769984705225
0.13120172340770136
0.13122446634971643
0.13145535954462584
0.13185682604772378
0.13155264116170043
0.13020341063571908
0.12841302654021042
0.12679485699908827
0.12565425910980632
0.1249639683145322
0.12407529021380528
0.12210487453015714
0.118871234997466
0.11531446904132879
0.11283131777825182
0.11166026046625857
0.11030651680466558
0.10753001595824631
0.1038842600952693
0.10022395447223892
0.09650589977526464
0.09289916982337373
0.08974131923238078
0.08621990017708299
0.08154974157184088
0.07668264684371888
0.07266053647037504
0.06897566294419952
0.06520899957433818
0.06196724124225501
0.059191575229479834
0.05589552581373315
0.051818020351945035
0.04745562434696771
0.0430805901541996
0.039019813052890116
0.03569756289996881
0.032735784749070344
0.029377229975503513
0.025756116219593433
0.022467490165173153
0.01951587345355647
0.016748227956938137
0.014400621132708381
0.012551859763759901
0.01095247020121267
0.009521956123765022
0.00828004103909106
0.00716518638394915
0.006354783704494918
0.006049015318589803
0.005907045498043447
0.0055512350234333315
0.005256426141160177
0.005355472220595194
0.005639659826241434
0.00590003314501493
0.006269759720658826
0.006791990835813914
0.007320075217613551
0.00777094522243331
0.008119933580025916
0.008444070745594572
0.008940347218277021
0.009554006930589816
0.009965413372627366
0.010142436974221094
0.010308647724886882
0.010442586233756063
0.010446124252721838
0.010451814527841415
0.01048770274483588
0.010390965179775167
0.010231523453496146
0.010200016966899437
0.010191457314776088
0.010015384316411042
0.009702315807138057
0.0093298959768877
0.008932199670694762
0.008582785878434748
0.008265483701445722
0.007879498547365433
0.007479254450583657
0.007173247187065972
0.006883366007112069
0.006522736371009216
0.006164783633406946
0.005847011990360184
0.005516289806598849
0.00519073701939869
0.004904080391086953
0.0046069501687132555
0.004286089501155385
0.0039938252943795445
0.0037277349532752425
0.0034595378489598984
0.0032100760283432558
0.002985461168827544
0.0027609965762835993
0.0025479726709891205
0.00236332349534088
0.002187203761535557
0.0020140797213056994
0.0018585515700874123
0.0017099420015540955
0.0015597443753138645
0.0014264319769858058
0.0013116719625392284
0.0011985787151567965
0.0010906407449137229
9.958476850959706e-4
9.059475403375708e-4
8.191172037878051e-4
7.40963945993192e-4
6.678518353322689e-4
6.000507492092066e-4
5.442916478828434e-4
4.943169375454389e-4
4.4153746824788197e-4
3.9256140223690945e-4
3.52619463558609e-4
3.164764526887785e-4
2.83138135026133e-4
2.543616942462764e-4
2.2624292946120912e-4
1.9823550686847772e-4
1.7470687704388354e-4
1.5468253013470844e-4
1.3566556837463578e-4
1.1967919394907127e-4
1.063616910493417e-4
9.283813690049808e-5
8.068354403690241e-5
7.151720518822955e-5
6.26872754617739e-5
5.3642711965622375e-5
4.6573659437683546e-5
4.06370252997365e-5
3.4337896050717607e-5
2.904803982035078e-5
2.5182957934111002e-5
2.129116702592415e-5
1.76317704444802e-5
1.5113889585743296e-5
1.3007379005274413e-5
1.0819270421737413e-5
9.053569421861039e-6
7.5994647152710055e-6
