-9.447748602380667e-7
-8.939044384185132e-7
-1.1033960883639748e-6
-1.2442530157506476e-6
-1.1158377105643719e-6
-1.2625307213296832e-6
-1.6419284294752143e-6
-1.7519776618933645e-6
-1.9710926546662087e-6
-2.5317304744839007e-6
-2.790899963751352e-6
-2.890254702960814e-6
-3.4657440379439645e-6
-4.046505275798801e-6
-4.318869676608193e-6
-4.840523014091848e-6
-5.421958976961705e-6
-5.8626506467307105e-6
-6.9645354109113925e-6
-8.482913644379949e-6
-9.580144428513255e-6
-1.115323429825697e-5
-1.3460969217901312e-5
-1.4860269664514143e-5
-1.5682140053085774e-5
-1.7681405572367667e-5
-2.0378033353204642e-5
-2.3417527382672414e-5
-2.7819394175596845e-5
-3.247166884924619e-5
-3.598621138510547e-5
-3.949707715397077e-5
-4.3528981930558864e-5
-4.919489336327758e-5
-5.951835992788262e-5
-7.143864427454789e-5
-7.903677673959283e-5
-8.778318999130899e-5
-1.0465211497264035e-4
-1.222252555458435e-4
-1.368376208824902e-4
-1.5936063726491677e-4
-1.8763240615259958e-4
-2.065887043973712e-4
-2.2675086428049484e-4
-2.715683982718658e-4
-3.252320065471622e-4
-3.5356597924899225e-4
-3.730271484972694e-4
-4.2793524118754737e-4
-5.023435666483587e-4
-5.465150079478931e-4
-5.920589063647343e-4
-7.120812661844681e-4
-8.67241018481668e-4
-9.692461003709404e-4
-0.0010715507610164331
-0.0012619841476110907
-0.0014472612767369945
-0.0015269552475193396
-0.0016242895515145943
-0.0018555919909271667
-0.0021141888446978277
-0.002321144663131921
-0.002573819500815937
-0.00290148655448179
-0.0032053388493185867
-0.0034637020777728705
-0.003729099331248851
-0.004017905620687468
-0.0043474680563486716
-0.004723774776332769
-0.005095394058913909
-0.005454561134845121
-0.005865229948017843
-0.006363544819672037
-0.00696919636127311
-0.007649749500627499
-0.008209581642309812
-0.008514825060224362
-0.008756004436947304
-0.009167541233184416
-0.009754092333730422
-0.010493205547939448
-0.011357674779580648
-0.012121843007711379
-0.012616450210659009
-0.012973823992073492
-0.013354032276220654
-0.013870843459903456
-0.014766085384823232
-0.016073908951159316
-0.01733950406683665
-0.01811870254171917
-0.018423520540143755
-0.018578600569708587
-0.018956842041757
-0.019628692215475606
-0.020244411945367573
-0.02068710892023872
-0.02129630676584454
-0.021972378580027197
-0.022276453599998018
-0.02273666325997857
-0.02422709334774507
-0.026028262371793023
-0.026702264064688418
-0.026515325509897148
-0.026730323239840162
-0.027390230391149042
-0.027997766970903663
-0.02903145778907374
-0.03076812800323939
-0.032338715557682675
-0.033568429605564824
-0.0354581012158434
-0.03769508656329585
-0.03870682027320911
-0.03882027529941262
-0.03975926162219821
-0.04126311719618062
-0.04220606484375
-0.043492494069307885
-0.04582787469279644
-0.047721402211386314
-0.048972931989498765
-0.05147773655778815
-0.05475157117543826
-0.05640585015533333
-0.056947347579051476
-0.05833563760627586
-0.059990372020115534
-0.06075881848122139
-0.061046512147061575
-0.06100415717005565
-0.06101312472939649
-0.06266254636502502
-0.06548565209479451
-0.06715306099498623
-0.06852507654201503
-0.0717003684662676
-0.07439158387229652
-0.07407326656789254
-0.07357219677162487
-0.07558524083203046
-0.07791316025795904
-0.07875076441984309
-0.07952845356556902
-0.08080539568800447
-0.0818632475050347
-0.08329907260135046
-0.08538473221481734
-0.0868845362850036
-0.08773036317938981
-0.08907935866589706
-0.09071464593564768
-0.09190117334990719
-0.09337902219181651
-0.09586528464648007
-0.0984390221701602
-0.10007924583110789
-0.10130464684695852
-0.10328221069094048
-0.10614043726834521
-0.10892677671218846
-0.11084795442002245
-0.1117776270922372
-0.11207665099249572
-0.11279199479378896
-0.11490979580004472
-0.11757844492030238
-0.11871297367349612
-0.11779672180341122
-0.11647666997875117
-0.11665950980282833
-0.11887547388984793
-0.1216296377980919
-0.12286545845583029
-0.12288542155418263
-0.12348720887297072
-0.12423933514579939
-0.12373763444174438
-0.12320967750201901
-0.12388155578700749
-0.12377271165749351
-0.12182530459739921
-0.12061766414766027
-0.12133676445648922
-0.12150418481652167
-0.11984366913797968
-0.11816211038275734
-0.11763394879122699
-0.11735338452879582
-0.11652816549280837
-0.11543923136828126
-0.11416401511297006
-0.11177168699645827
-0.1078316001955657
-0.10399081184942617
-0.10176547625530688
-0.09972416126487361
-0.09611561126754621
-0.09220273798508109
-0.0893133582493168
-0.08605762299480936
-0.08169784054976129
-0.07775806894929185
-0.074436345933082
-0.07034698573595204
-0.06583378872562855
-0.06204088907161971
-0.05844907100222495
-0.05462036397958744
-0.05135719515975929
-0.04846356530453717
-0.04489480957575861
-0.04119197635591831
-0.03849809645065896
-0.03633298108638278
-0.03380528613714321
-0.03120551051471745
-0.02895963029154537
-0.026881129636965224
-0.024931370349720743
-0.023204546635391964
-0.021412603339663636
-0.019415986203233326
-0.01764580779485754
-0.016401125893697105
-0.015398318461565311
-0.014311055067081961
-0.013185960365949772
-0.012169664192420883
-0.01125445429676708
-0.010412402801298045
-0.009670167467908134
-0.008968587634531532
-0.008212945602601456
-0.007479820229086784
-0.00690472229407032
-0.006423599040594892
-0.005891738617475575
-0.005338694890414833
-0.004885451563414369
-0.004545928356133113
-0.004239960777373155
-0.0038991793855508656
-0.0035288448492324202
-0.0031975248785525955
-0.0029352156645495943
-0.0026955024339835776
-0.002457349596813661
-0.002245441071474797
-0.0020486015832568397
-0.001851286391559656
-0.0016852511335598342
-0.0015540205962491895
-0.0014186773148552787
-0.0012861846694723564
-0.001184975719151689
-0.001095599505132937
-0.0010019845436912945
-9.223348592487879e-4
-8.523601646127832e-4
-7.755842061285731e-4
-7.055891826217801e-4
-6.488953694152964e-4
-5.897887953153511e-4
-5.320275461305512e-4
-4.860629184474556e-4
-4.421230861606163e-4
-4.0019738285084296e-4
-3.710187666905655e-4
-3.4310299866122015e-4
-3.060359215304487e-4
-2.7464459323413277e-4
-2.5427898546480333e-4
-2.326016220416009e-4
-2.1039454518972735e-4
-1.9327519463846398e-4
-1.7490486376148075e-4
-1.5552676949301798e-4
-1.4259035864980227e-4
-1.3167077800248087e-4
-1.1760246930041167e-4
-1.0577369911176892e-4
-9.681347642184706e-5
-8.644229465395322e-5
-7.771726331531848e-5
-7.220909755411835e-5
-6.516017379654988e-5
-5.759391341999636e-5
-5.321638248574541e-5
-4.892170605869945e-5
-4.312889861250955e-5
-3.919607789135797e-5
-3.621102114250746e-5
-3.1845643076816825e-5
-2.8503341848293804e-5
-2.6628648338122165e-5
