1.4369049152387664e-6
1.3710120421138746e-6
1.546889620620215e-6
1.9647502005495444e-6
2.1021686421702997e-6
2.2426031727901263e-6
2.7357915815289034e-6
3.0675948177598887e-6
3.27403859549572e-6
3.919902122182784e-6
4.6082734028246885e-6
5.078219356386728e-6
5.7680436539154016e-6
6.18434191908601e-6
6.3168670239108085e-6
7.793228223365892e-6
1.0181752755805986e-5
1.1364229530884349e-5
1.2265610178590757e-5
1.4164423911140604e-5
1.5583775922442698e-5
1.7392671633249124e-5
2.1593350785108085e-5
2.5227509995873502e-5
2.7138228352017986e-5
3.1827744042230204e-5
3.822236948734184e-5
4.1629468309158295e-5
4.537271424279436e-5
5.0938737952512925e-5
5.2454453276153004e-5
5.406967170830064e-5
6.404630718646713e-5
7.428075725700085e-5
7.820087639667844e-5
8.531474549780597e-5
9.635812272036766e-5
1.0476667141117058e-4
1.1886569605401673e-4
1.3913816147457302e-4
1.5030279902666813e-4
1.6091441504352845e-4
1.8790386402796116e-4
2.148726247799298e-4
2.3185592102674459e-4
2.5773666783143696e-4
2.8684935214283024e-4
3.052453561485164e-4
3.3571938297397567e-4
3.7508817333872183e-4
3.856379269583246e-4
3.9608116063480706e-4
4.530512556169494e-4
5.083099799903666e-4
5.255126089715362e-4
5.632279157194209e-4
6.262305969101287e-4
6.481073677610591e-4
6.494929963728863e-4
6.796149355620358e-4
6.945773120274164e-4
6.810246625850703e-4
7.138063029699637e-4
8.031416704647875e-4
8.848290641533321e-4
9.281225755523018e-4
9.306332423529105e-4
9.318214361723217e-4
0.0010141457082590215
0.0011573716882091675
0.001262667275263431
0.001361886930218599
0.0015165544414419401
0.0016172691882865944
0.0015991572625397386
0.0016247111342222594
0.0018218813855056413
0.0021154433770141858
0.0023878999675334186
0.0025821066046345102
0.0027047672121472987
0.002818987984404559
0.0029674194621448794
0.0032013381379655138
0.0036433051748592316
0.004292655835469739
0.004979127651491429
0.005692330073312685
0.006575610031228599
0.007604093404763206
0.008670504674635954
0.009675788745183073
0.010362635272112081
0.010776831278782806
0.011755582015082323
0.013928263523917747
0.016549491577865085
0.01830732401377986
0.018911560447389057
0.019223024878509434
0.0201366935389596
0.021744876386535147
0.02359137096746185
0.02535948114891332
0.026848912729286235
0.027941710858749247
0.02931423028890878
0.03184930745514471
0.03478067778771643
0.03663230951500946
0.037905377681474686
0.03991520313311333
0.04211386616803452
0.04365560889960867
0.04537931005129289
0.04785504813210786
0.05048335208578593
0.05333872262557084
0.056576438060014
0.059062227756015974
0.06055334004705278
0.06273529676104392
0.06619590474634446
0.06948350159874675
0.07173084088526974
0.07355996530574975
0.07589598698496632
0.07924078997870758
0.08327172796935284
0.08724674786674227
0.09080616063952411
0.093145428961487
0.09319466859228556
0.09239418687629228
0.09374097172003348
0.09690518868756903
0.09900068952642077
0.09977741460098553
0.10088154429584882
0.10184103931327605
0.10135792805630632
0.10033131416245478
0.10082904682856628
0.103654176251531
0.10760531658955665
0.1109016863239841
0.11352302965048328
0.11616947277679775
0.11733940666260413
0.11591508812848307
0.11479163526800922
0.11623719231791588
0.11762886996276235
0.1170232363774247
0.11673517416385872
0.1176624482751165
0.11727732796529194
0.1150124951835957
0.11342982848823335
0.11401741349910972
0.11526103930286712
0.11425068557042711
0.11041224389545762
0.10729834312908101
0.10712385211921467
0.10650847138086009
0.10327195657876342
0.10095485701674571
0.10075704011537792
0.09865769587694463
0.09453796324582842
0.09265878694888925
0.09241831872694235
0.09007890542896599
0.08653556673120624
0.08391432407106673
0.0807745902200108
0.07675399902894552
0.07390250008317215
0.07131809442067118
0.06667897991045375
0.06165584249151849
0.05884949961782522
0.057078570377519754
0.05435273471995866
0.05091285622663587
0.04730631865153357
0.0437505944619291
0.04111372847495032
0.039304156683780136
0.036603870460936896
0.032521523513508954
0.028633383069724204
0.025843426273774256
0.02352797814161255
0.021339101107401694
0.019548028173926056
0.017987102552547235
0.016198160800406026
0.014168050238241721
0.012241246223031825
0.010817590369572283
0.010157537754516997
0.01000532980086002
0.009768655354109288
0.009345926567531294
0.009128361522442023
0.00914344558947564
0.009034319321824677
0.008810832489198492
0.00883580167005158
0.009213000341411705
0.009700189819354893
0.010000444322301376
0.00996665129130328
0.009782515135454375
0.009818073044091402
0.010099109600187695
0.010261003072266519
0.010129831654494556
0.009911676185140815
0.009791335109912525
0.009730688865995672
0.009638388290257448
0.009501394130952807
0.009352243221514654
0.009165590844711372
0.008855176506663882
0.008451415779688802
0.008128294872374806
0.00792728540197765
0.0076856117065562625
0.007338425793377432
0.007011853309940806
0.006759868418552311
0.006479975335362934
0.0061203970171733605
0.00576380996873925
0.005477241858515585
0.005210112502054933
0.004891852563323923
0.004551813327504105
0.004261008376901477
0.004018330552829138
0.0037871069500206053
0.003563776731883656
0.003340409599221303
0.003104132476145508
0.002885928065548587
0.0026998776101909727
0.00249887181310216
0.002276573558393288
0.0020863375765516256
0.0019287624055952543
0.0017703938780596039
0.0016303964255788854
0.0015189656656513495
0.0013960873900910763
0.0012642816576999359
0.0011648023738595299
0.0010815716752411407
9.801525098803244e-4
8.822289114695229e-4
8.090849954673976e-4
7.407337323631337e-4
6.687975876381556e-4
6.047732726215863e-4
5.468609924662205e-4
4.929220885530084e-4
4.4772602615029034e-4
4.042979265257241e-4
3.5862846789069586e-4
3.210625435390128e-4
2.905754938723882e-4
2.5715588765067016e-4
2.263941025208683e-4
2.044000294687656e-4
1.829458003997955e-4
1.6045070798981838e-4
1.4376507615420535e-4
1.292044752331732e-4
1.1187430853819202e-4
9.744430806034935e-5
8.758379403596634e-5
7.68239594709395e-5
6.589132766691814e-5
5.801080555184693e-5
5.096770497187156e-5
4.382093844179645e-5
3.845344355842489e-5
3.36948185541598e-5
2.850870495580962e-5
2.4684461749789127e-5
2.185403576181962e-5
1.8368523384920687e-5
1.5392837952843138e-5
1.3646088873614064e-5
1.1624416908682494e-5
9.389769019113244e-6
8.027722065426856e-6
