-9.965746902391204e-7
-1.3032324177439586e-6
-1.3865912749644468e-6
-1.3603327919307033e-6
-1.6613231129387264e-6
-1.8604418367990927e-6
-1.8193501253669117e-6
-2.148233742758072e-6
-2.515136480553027e-6
-2.4761480860670635e-6
-2.84865035920441e-6
-3.495026332904499e-6
-3.4038602299575e-6
-3.7519039231849708e-6
-5.47722408607346e-6
-6.451988293560412e-6
-6.14540690035747e-6
-6.807887823820934e-6
-8.070640981198548e-6
-8.747767929759639e-6
-1.058186330669534e-5
-1.3046766931869337e-5
-1.3489531919566023e-5
-1.4162481684104444e-5
-1.694470751496008e-5
-1.8020489970117017e-5
-1.798192163736924e-5
-2.147149998941074e-5
-2.5011463697774783e-5
-2.5927409676276848e-5
-3.194971319264635e-5
-4.345480880128414e-5
-5.052350382941846e-5
-5.4881382080823176e-5
-6.388859273680263e-5
-7.36393911410204e-5
-8.403620177978759e-5
-1.014312256677113e-4
-1.183897963660697e-4
-1.2990435473512492e-4
-1.4989836972098132e-4
-1.7753993230500704e-4
-1.9377267196298508e-4
-2.0410945687677123e-4
-2.2704841597509471e-4
-2.6030148853749973e-4
-3.014744557277034e-4
-3.5028167888965974e-4
-3.895732574643253e-4
-4.25850047240748e-4
-4.8702185442344565e-4
-5.470556610339126e-4
-5.780629581293359e-4
-6.395974475280054e-4
-7.552904006532173e-4
-8.409985618543411e-4
-8.984758029130554e-4
-0.001028800152238155
-0.0011892153634615041
-0.0012727123158937418
-0.001371675612274323
-0.0016087713406766984
-0.0018888925401281654
-0.002093419367783892
-0.002250015306810936
-0.002401551105414519
-0.002582800328782349
-0.002832177551782398
-0.0030727453747966794
-0.0032661017762044453
-0.0035959314958767296
-0.004103984776230561
-0.004539236627407018
-0.004919686045827245
-0.0055259448299018864
-0.006182516939784696
-0.006514544834274783
-0.0067696527693166825
-0.007345723240664882
-0.008041358313349359
-0.008698556453509629
-0.009633342526589992
-0.010708353779738585
-0.01122006066792858
-0.011178341965783215
-0.01139322512685401
-0.012095129863979858
-0.012660470802177994
-0.012695583683744816
-0.012468638023157208
-0.012437513450062727
-0.012976482544118588
-0.014217705210956073
-0.015621544592132204
-0.01616021733862359
-0.015604558377037479
-0.015162965462415426
-0.015971240518863682
-0.017520446062621573
-0.01867681876188455
-0.01938719799914594
-0.020018580825174964
-0.020249596636825577
-0.020106633036595694
-0.020528919568858665
-0.021630608942600764
-0.022335357212327468
-0.022501300784692927
-0.023096177562768463
-0.02410101939059898
-0.024775820088530756
-0.025579003234688636
-0.027323171884156283
-0.02934714323880305
-0.030695420698049983
-0.031798739822883476
-0.033343321458388156
-0.035061392430450165
-0.03671025243728226
-0.03852955216419852
-0.0401693286409262
-0.04093595391481374
-0.04139843834942652
-0.043050879105620485
-0.04604754158266155
-0.04874193589874019
-0.04997929622187299
-0.05052841279384967
-0.051397351588352055
-0.052155755581803055
-0.05245886003232299
-0.05369688172742527
-0.056840853697993535
-0.06019763184738244
-0.061893591054495295
-0.0627389911434425
-0.06413960467553216
-0.06567746698157706
-0.06703303259553255
-0.06924337193403818
-0.07221869560326206
-0.07420076649147862
-0.07473103994606986
-0.07524391455965607
-0.07657336953585386
-0.07810286749820713
-0.07892073211717317
-0.07883004482545088
-0.07894581825009113
-0.0806942612167957
-0.08356028601626235
-0.08583739439812034
-0.08763308416581936
-0.08995471722118455
-0.0917041513020145
-0.09156159337072788
-0.09132027121461642
-0.09321369449182591
-0.09573987973399999
-0.09612661174414044
-0.09551271355938018
-0.09774620478020865
-0.10317594062871134
-0.10755683077981346
-0.10849543094175539
-0.10853211138961542
-0.10920446949534252
-0.10794310115630097
-0.1045352488462761
-0.10335870743577513
-0.10551083054528923
-0.10694104838041375
-0.10648568573214841
-0.10700654072681766
-0.10877894183189327
-0.10980189111317189
-0.10997838421489124
-0.10940924173614068
-0.10772040591727766
-0.10714178427764703
-0.10939309419076132
-0.11121902140887127
-0.10994735147653546
-0.10829918557177573
-0.10825565502176927
-0.1077944537916885
-0.10650626291535126
-0.10596515903911859
-0.104969461645362
-0.10217491462920265
-0.10004322617545898
-0.10032652874007228
-0.10085598696674408
-0.09999276644663664
-0.09866006223773378
-0.09745887089744489
-0.09630684141650468
-0.09532462132585767
-0.09370910113718002
-0.09067945180819159
-0.08748371339103277
-0.08519431153505466
-0.08265592489398252
-0.07929116576134618
-0.07637104788712752
-0.07386747596680776
-0.07014330917689837
-0.06536695572259187
-0.061524904102585196
-0.05924336242182069
-0.057295243834948044
-0.0545853589722508
-0.05107868211991837
-0.04747192914627048
-0.044461203447861315
-0.041965729009523035
-0.039422316243487965
-0.036821734782884225
-0.03454886339561654
-0.03247755852204002
-0.03029264578738566
-0.028254514041126794
-0.026640632885807664
-0.024998566323321522
-0.022866634025123657
-0.02067986500674229
-0.019151956198834606
-0.018211513296809326
-0.01721865695088522
-0.015889658230668055
-0.014487093055351362
-0.013319571098465707
-0.01239744878551139
-0.011509175899325387
-0.010534239522583278
-0.009622496411738339
-0.008920668820495857
-0.008274036888620166
-0.0075075089912309155
-0.0067702615789032436
-0.006248198900623586
-0.005842154776713305
-0.0054231307779381835
-0.005037783146316997
-0.004685307022922418
-0.0042733566333151
-0.0038458389845309774
-0.003525471788459336
-0.0032905301688022468
-0.003044771787853147
-0.0027844774435355404
-0.0025568237052779673
-0.00237153015907204
-0.002204122124746798
-0.0020214450913297595
-0.0018197845720709098
-0.0016403586002753615
-0.001505789624112421
-0.0013884330845312868
-0.0012717237245376217
-0.0011681307207439253
-0.0010713114203175903
-9.642047690621875e-4
-8.581739217969999e-4
-7.745028315240946e-4
-7.13692626123563e-4
-6.625194547641946e-4
-6.084001599257704e-4
-5.481935800998529e-4
-4.909013511653859e-4
-4.4363222300781405e-4
-4.043746469632236e-4
-3.718474907898311e-4
-3.43602201558133e-4
-3.126459585272536e-4
-2.815662311672108e-4
-2.5930804997541685e-4
-2.4060112646192005e-4
-2.1622908078936694e-4
-1.927089119165785e-4
-1.766010776749887e-4
-1.6123102020683652e-4
-1.4383988695840423e-4
-1.298521232448865e-4
-1.1834806482869295e-4
-1.0574211309314098e-4
-9.475420702898091e-5
-8.632022152586003e-5
-7.713659398709511e-5
-6.818941275491946e-5
-6.199240310907299e-5
-5.660814319374775e-5
-5.0819281943685835e-5
-4.611083434452874e-5
-4.1867308493738554e-5
-3.709931413971532e-5
-3.325701104816132e-5
-3.0555958916858205e-5
-2.756673727467432e-5
-2.4649847705255093e-5
