1.4638506334415143e-6
1.7178786189614909e-6
1.6074431428862862e-6
1.7868537150862003e-6
2.2332688170316627e-6
2.3699438171479754e-6
2.676221961319753e-6
3.36316302038321e-6
3.618968567511373e-6
3.8688861352746205e-6
4.857870177428374e-6
5.379299176166785e-6
5.272814141560654e-6
6.398933860326457e-6
7.934722072377772e-6
7.882439955649892e-6
8.239526944911977e-6
1.0595193543914828e-5
1.2372997385659319e-5
1.3366357918363122e-5
1.616330149278864e-5
1.9215672006521262e-5
2.0676373291321004e-5
2.348492165574124e-5
2.8007207345847958e-5
3.0696192378550765e-5
3.2690592082524916e-5
3.714009641550464e-5
4.2920953500413475e-5
4.979184801614504e-5
5.880876541802751e-5
6.673891237452663e-5
7.14473540161374e-5
7.418999864380397e-5
7.297890693669375e-5
7.113048850551812e-5
8.257650166314104e-5
1.0753268783952212e-4
1.2749575301116908e-4
1.4034699351219657e-4
1.614079758719998e-4
1.8389518336268387e-4
1.8713717449101556e-4
1.807749099596097e-4
1.918445064585955e-4
2.1861719787039905e-4
2.4062906122040975e-4
2.5816733721927823e-4
2.816538155365128e-4
3.036322847675521e-4
3.2638730881605344e-4
3.8504824711931246e-4
4.834153359493451e-4
5.575047291581579e-4
5.727099814877198e-4
5.708208390798007e-4
5.643880526784751e-4
5.366528244888163e-4
5.638409931929781e-4
7.046294763339288e-4
8.171333289933006e-4
7.808364324115696e-4
7.478292409995442e-4
8.532462864588943e-4
9.541244785800912e-4
9.525876240057521e-4
9.90595869074548e-4
0.001110604688364188
0.0011744593564430772
0.0012035289001832833
0.0013509585480701155
0.0015808539783106563
0.001729315402333586
0.0017414980762080375
0.001662173208550218
0.001580699390311452
0.0016107253671363083
0.001807344776717711
0.002200507368725579
0.0028190644722094803
0.0034876706521625575
0.0039080039910888735
0.004110593230711992
0.004367810229356753
0.004725754647704558
0.00518754271741998
0.005934427762413154
0.006809828064154217
0.0074025813801628
0.007986724606809483
0.009164800988264618
0.010582312815828875
0.011481607453584284
0.012115564196786893
0.013122080670781168
0.014353973989967852
0.015540149682783264
0.01688756436867844
0.01832226794688266
0.019468230067411493
0.020427424418937787
0.02150108404584281
0.022779234258800303
0.024439405303999025
0.02627490158237128
0.02749575040781273
0.028411546790973623
0.030561069441260028
0.0339094723125004
0.03670622726381999
0.03872597074764848
0.04114998517263278
0.04365619313358632
0.045313118524167015
0.046863710603562495
0.04902367570512457
0.05099910279584277
0.05261234522078018
0.054801565450718334
0.05751138295962386
0.060080822480759376
0.06278063293640795
0.06569978129829919
0.06809902006546661
0.07003312498721664
0.07236533819087591
0.07523071601265399
0.0781656237199345
0.0807942659993973
0.08290479276234992
0.0849529841869623
0.08743300720071251
0.0894780263645277
0.0906995597594108
0.09310091446427282
0.0974419034158579
0.1008638270015545
0.10198989872264744
0.10345996368680405
0.10638664231702455
0.10848640424965403
0.10925526023768237
0.11061303072315022
0.1127526453962204
0.11479806042523354
0.11725753189318909
0.11994124419654209
0.12111241857585293
0.12068742523122737
0.12029913742445912
0.12022974298724147
0.11981803354054767
0.1193582097553358
0.119074172427078
0.11834127735485506
0.11702920172516741
0.11573490053119942
0.11492060525219179
0.11478887418931126
0.11486372847659725
0.11397221973231547
0.11204212414353282
0.11038060613927525
0.1091673314300324
0.10726395561995145
0.1048250990098849
0.10302187925259557
0.10161427428373047
0.09966310586047113
0.09751504008782262
0.09584626796874239
0.09418385978534359
0.09173319649058559
0.08841666148367615
0.0847150733288441
0.0812805234545896
0.07841095065938893
0.07571229043377992
0.07267010704949509
0.06901313514256835
0.06451161713016529
0.059651091246575784
0.055861816943791914
0.05348247233243816
0.05088270292987891
0.0470686989966496
0.04297779694530527
0.0392031555146075
0.03529256905173497
0.03172610737123481
0.029466695660481393
0.027718815092522938
0.0250254849679715
0.021770324443256016
0.019188333335325738
0.01725900259073276
0.015442920361169534
0.013904052318739868
0.012712692823508707
0.011385517206917833
0.009911663096554597
0.008883482100111115
0.008438798939045224
0.008197916626760638
0.00803351315297227
0.007975124987553907
0.007778569987187444
0.007341683044962303
0.0070642518103719385
0.00725333974780715
0.007653590864388313
0.00791235786982963
0.008055828514052394
0.00828079761607389
0.008614754706698787
0.008930172846843982
0.009155484429158667
0.009384255645538908
0.009698070553712076
0.009943110324071866
0.00993061963923406
0.009764080878035923
0.009641180089810996
0.009533883060722193
0.00938575593016238
0.009286887013572645
0.009200258623192962
0.008939982919005706
0.008539726246936864
0.00820634850434095
0.007951340699544346
0.007650542146537686
0.0073089853912947636
0.006999318364490485
0.0067286647409168145
0.006474384422422195
0.0061990037526603705
0.00586307005431997
0.005492946097248485
0.005137706497842271
0.004802343534696509
0.00451042172689516
0.004289190661633298
0.0040695163415940035
0.0037848671380315306
0.003497488260911078
0.0032651915196510043
0.003043644830834507
0.002817312215971192
0.002627333261060998
0.002457951613893902
0.0022722636409265784
0.0020915919533894766
0.001930180681926019
0.0017697395474391155
0.0016248539930727888
0.0015123897961843874
0.0014024459042019037
0.0012816622646478172
0.0011744433026699822
0.0010787165429069685
9.787038919372916e-4
8.888659736195612e-4
8.141909879209477e-4
7.355971158954988e-4
6.599991665956126e-4
6.051869703340776e-4
5.541436164867677e-4
4.911786551400784e-4
4.3483657329096615e-4
3.955429825555883e-4
3.5865957369632856e-4
3.197090772001662e-4
2.8658860837774553e-4
2.579027671230558e-4
2.3005778905444256e-4
2.0559374401723954e-4
1.8390248125208351e-4
1.623325201312923e-4
1.4255934543026873e-4
1.2553285148779556e-4
1.0999141051221505e-4
9.663942146697083e-5
8.533383687621793e-5
7.409837869980594e-5
6.38284365720603e-5
5.608745206860199e-5
4.9222668282321595e-5
4.238057209809008e-5
3.6879801370141765e-5
3.216145537653004e-5
2.718615346906308e-5
2.3208242638579515e-5
2.0564010377307823e-5
1.7685222852122695e-5
1.4643074154054625e-5
1.2523818867724071e-5
1.0780821142230179e-5
8.861226698678739e-6
7.42181576611047e-6
