-9.56062538830215e-7
-9.639328151762956e-7
-1.1857842404545502e-6
-1.3561643102188705e-6
-1.4328698571133678e-6
-1.6323056679072053e-6
-1.7947584092775142e-6
-1.806702414657915e-6
-1.96114528124526e-6
-2.2491318116925495e-6
-2.4686416741235107e-6
-2.8399282379236356e-6
-3.4017702290874e-6
-3.834713885458844e-6
-4.282234833252461e-6
-5.006045059762764e-6
-5.87641553955786e-6
-6.914970161870401e-6
-7.981797784211469e-6
-8.712653966880039e-6
-9.733985842007895e-6
-1.1479981629985572e-5
-1.2753977205998356e-5
-1.3593047435634702e-5
-1.5586277158887732e-5
-1.787090866233991e-5
-1.9721865331647164e-5
-2.3982587641691823e-5
-2.9752400466341426e-5
-3.1450759820853946e-5
-3.118528557889934e-5
-3.566736742981379e-5
-4.1209613495410084e-5
-4.292659719052742e-5
-5.010792525244679e-5
-7.046711082089542e-5
-9.337647958244382e-5
-1.0521834209349673e-4
-1.0734147465173926e-4
-1.1242500989479829e-4
-1.295555961193048e-4
-1.5060707260532939e-4
-1.6152465490913375e-4
-1.7335983099368998e-4
-2.111831200538761e-4
-2.693925531462856e-4
-3.232935561280441e-4
-3.7167065432976637e-4
-4.1811667034183717e-4
-4.4730142223088556e-4
-4.6200414932273816e-4
-4.874427310690744e-4
-5.222422809906513e-4
-5.562019067322443e-4
-6.229542151864275e-4
-7.572511406753821e-4
-9.289351401456258e-4
-0.0010829716952455782
-0.0012127667418424875
-0.0013488501646906704
-0.0014955695128961199
-0.0016249147368205196
-0.0017522237967687183
-0.001953232893478683
-0.0022337918001937313
-0.002483147379048248
-0.0026653838724408317
-0.0028903052468699057
-0.0031692021711110818
-0.003361402753046759
-0.0035034243624465526
-0.0038520229622900676
-0.004455486704391674
-0.0050520811196502775
-0.005508853378648148
-0.005989424815938105
-0.006608076666751148
-0.00723916899312584
-0.007703889312533064
-0.007953096933550377
-0.008133871146190585
-0.008516565304502899
-0.0091658854542026
-0.00980958877899421
-0.010302358600310046
-0.010872605033101383
-0.011606603064318313
-0.012256720138089627
-0.012771011790210417
-0.013269599823918132
-0.01361005262490085
-0.0138836092402218
-0.0147396183111441
-0.01621163716475521
-0.017326562437725436
-0.017760947960697195
-0.018332870836492373
-0.01932823137799233
-0.020178854397609886
-0.020858289643120198
-0.021821688822679916
-0.022951925853956508
-0.02382630303607538
-0.02431140955656692
-0.02449118845709103
-0.024807236004491685
-0.025754273315028334
-0.02694845928310709
-0.02775028353650472
-0.028585100430136155
-0.029965955484385604
-0.031236224187696737
-0.03190983946629202
-0.03271167244842001
-0.03434090009586852
-0.03683341405167582
-0.03988973411430037
-0.042439118306403144
-0.04337608168497731
-0.043581029636376285
-0.04483743327316285
-0.04675519597132003
-0.04778550718495476
-0.04857147722088415
-0.05078149063214306
-0.053438153166411866
-0.054209504892935724
-0.05391037981366124
-0.05559748912713498
-0.05914984492700138
-0.061608786550593715
-0.06320028556958907
-0.06682066537084387
-0.07117651468105698
-0.07200117353373502
-0.07024145662209744
-0.07096863856926915
-0.07481499751932023
-0.0779701105558541
-0.07894300416662424
-0.07943219053852255
-0.08065864731496672
-0.08214214785257065
-0.08260895856547598
-0.08195734286140367
-0.0822070338022091
-0.08413250588260449
-0.08554013069367805
-0.08626924435135896
-0.08938191367988599
-0.09452090680839327
-0.09784136845995733
-0.09942808539240792
-0.10226945813911077
-0.10574577966619102
-0.10774474590614339
-0.10910183163898932
-0.11088873582030555
-0.11233044743512481
-0.11301580625334673
-0.11305126328907056
-0.11269776096389388
-0.11352443250107977
-0.11619039211495238
-0.11848011943580335
-0.11920542745799949
-0.1197292092424945
-0.1198864270150477
-0.11865149659687901
-0.11790662382495755
-0.11931013378335115
-0.12088486412598098
-0.1210058423458319
-0.12076334253862485
-0.12093622566691434
-0.12134446597577253
-0.12178813140490752
-0.12112545092293352
-0.11908991548076926
-0.11845587201587326
-0.12075309394299949
-0.12294880126575011
-0.12220254356809132
-0.11947221768908756
-0.11684105939000297
-0.1156677670264597
-0.11648812644345732
-0.11782796824069579
-0.11762601652108691
-0.11605975656459944
-0.11391671558403563
-0.11086503995114587
-0.1079257108581763
-0.1070603369735306
-0.10721515990278993
-0.10586045720893163
-0.10342786518998608
-0.10164344621983362
-0.10011405783458513
-0.09786097166725709
-0.09512066449171923
-0.09215703065026377
-0.08887221874250492
-0.08539648227656858
-0.08174054880705249
-0.07806865055485496
-0.07504180750077087
-0.07242801362613585
-0.06902693292483414
-0.06498258945714087
-0.061632374804249955
-0.05888918791294582
-0.05560142996297326
-0.05188537424594369
-0.048581129959865126
-0.045555889263539665
-0.04237082976193483
-0.039298215698383446
-0.03667000102231292
-0.03436100571698166
-0.03215930426232424
-0.02989678719913256
-0.027524454961079567
-0.02534578554015417
-0.023585497703084393
-0.021921336205629235
-0.020119882239092512
-0.018539745761217124
-0.017367662126105746
-0.01620614861715184
-0.014899810817146758
-0.013799250254462521
-0.012954855735750583
-0.01202737859674819
-0.01099897015873323
-0.010107285799555622
-0.009315989243693637
-0.008514888587549037
-0.007822297108259655
-0.007281357070483204
-0.006747605787267934
-0.006198279776844862
-0.005703343290606677
-0.005221905266031601
-0.004746829472075052
-0.004367439795017295
-0.004063244369068055
-0.003750979868431227
-0.003457568127036834
-0.003199305399651886
-0.0029156136402766833
-0.002635240625124149
-0.0024311592835546945
-0.0022548387228412416
-0.0020525560731486582
-0.0018757496732370762
-0.0017369465109924743
-0.0015825807662687972
-0.0014300149091077145
-0.0013239164345028396
-0.0012327933532354338
-0.0011252690751857597
-0.0010228452517369606
-9.292615267227152e-4
-8.316019026012819e-4
-7.468185741259577e-4
-6.842494838302605e-4
-6.244391173753237e-4
-5.632844540937597e-4
-5.127282187503678e-4
-4.7130446144009195e-4
-4.335130522025189e-4
-3.9794345782704987e-4
-3.6065429933704253e-4
-3.244630796331204e-4
-2.9541442926996325e-4
-2.671761171881102e-4
-2.3595278214289588e-4
-2.1169173210443235e-4
-1.9586127599970158e-4
-1.790719264817783e-4
-1.6198173550175732e-4
-1.489945667773433e-4
-1.3578676006323687e-4
-1.2092362239992777e-4
-1.0866837545422211e-4
-9.830259988566257e-5
-8.82723641760206e-5
-8.05218597889079e-5
-7.347122167374893e-5
-6.513437398584041e-5
-5.8583713492380654e-5
-5.4039498161670113e-5
-4.816298431687668e-5
-4.265756346507101e-5
-3.967102762516845e-5
-3.605172902108744e-5
-3.122012704775529e-5
-2.8284905458430543e-5
-2.6181840687557992e-5
