-1.0971752705350652e-7
-1.1867503263751239e-7
-1.7058157896568542e-7
-3.175632925681467e-7
-3.548260926572336e-7
-3.604192183498789e-7
-3.622720175421547e-7
-3.76548806535544e-7
-4.206542002370298e-7
-4.750424300448919e-7
-4.918381003189292e-7
-8.218817970954749e-7
-8.087713994032487e-7
-9.442198213123399e-7
-7.968435242017639e-7
-1.1218477658251153e-6
-1.3747132377683309e-6
-1.3025559529283366e-6
-1.4876865456145202e-6
-2.351706784784239e-6
-3.153911091103634e-6
-3.0375826997707415e-6
-3.4097145076985506e-6
-4.196222621709996e-6
-4.48293886532038e-6
-7.849984503157446e-6
-8.73932082795428e-6
-7.669086066822621e-6
-8.146131403189297e-6
-1.1196434401016185e-5
-1.4312952143213988e-5
-1.732818856606691e-5
-2.148897293876944e-5
-2.8341430754136277e-5
-2.662680687579218e-5
-2.634165590750602e-5
-3.048844442674705e-5
-3.086428217209961e-5
-3.641312704270513e-5
-4.4341526073338925e-5
-4.906208858986351e-5
-6.0171150785358094e-5
-8.166217745334011e-5
-1.0796678897347464e-4
-1.1987325356243916e-4
-1.2207245975284805e-4
-1.380101912469042e-4
-1.5263264876806305e-4
-1.776542349810243e-4
-2.271918587384926e-4
-2.9720212842156775e-4
-3.0628581216163596e-4
-3.684197183779326e-4
-4.189909863757987e-4
-4.88656380921036e-4
-5.167685354345089e-4
-6.196542829950424e-4
-7.228922742652868e-4
-7.94530401881866e-4
-9.172206163080001e-4
-0.0010791783235011032
-0.001313981778421628
-0.0014953157436060362
-0.0016230699807827146
-0.0018042037592704589
-0.002010209776292031
-0.0022833333969724005
-0.0025467041168494918
-0.002553410716619936
-0.0028603894762721837
-0.0032069976762400653
-0.0033644096853069063
-0.0035008173770141805
-0.0036992049232947273
-0.004014942322351545
-0.0046426415950499185
-0.005297590032552483
-0.0057771687037725394
-0.006523415130810993
-0.006928097268607948
-0.007008744872877669
-0.007252939514616826
-0.007849884257232032
-0.008038704695960689
-0.008263332964410747
-0.00911810404465728
-0.009901214508141111
-0.010359824914776373
-0.010682958558970255
-0.011674957133758063
-0.012393292420301183
-0.013089515532771705
-0.013427354564502548
-0.013527392706245374
-0.014261853286924541
-0.014705439596242025
-0.015009553940153918
-0.015151265288496236
-0.01590229125217777
-0.016695972452007556
-0.01634627246566255
-0.01683207904889595
-0.017176289352775626
-0.01756638919807757
-0.018039408118904574
-0.018932621384413574
-0.020563298556902226
-0.0218686265408692
-0.02297693025171474
-0.02346390338267318
-0.02383287733713803
-0.024222097794580875
-0.0245527881103527
-0.025552800118815108
-0.026398690411647368
-0.02589875147431367
-0.025021477009738762
-0.02442609062274645
-0.024883421421040726
-0.025145793591057904
-0.024884579963038347
-0.025358444331861175
-0.02681349934244566
-0.029643155382486783
-0.02961247489847753
-0.030479037121230842
-0.032379970404338376
-0.036487227950634686
-0.039470610050434514
-0.035213260036692236
-0.032830368185208514
-0.03616472083226805
-0.040364493885512887
-0.04104714643390431
-0.038808448448587385
-0.03637570008507048
-0.03813387613848564
-0.04222236635763616
-0.043321174933355355
-0.04469218273230484
-0.04684694597571276
-0.046740364335116094
-0.043398290759591104
-0.039571560787793114
-0.039339607172615455
-0.0415521540014778
-0.0456555045944166
-0.047394956745061924
-0.04999148731673079
-0.04915542021442354
-0.05290241786391889
-0.05697916569065507
-0.056273039289521425
-0.05489795471713185
-0.0565121731227395
-0.06021594820807701
-0.06236660679945849
-0.0627981499349771
-0.06482377922920567
-0.06381626216894754
-0.0636210142792929
-0.06536816760510175
-0.06285285347732847
-0.06038582233218201
-0.06004715028939922
-0.06350017989323799
-0.06649236788647969
-0.06702139752592352
-0.06398466286696528
-0.06448526908910797
-0.06552356340487843
-0.06603083662855086
-0.0667320522305197
-0.06829163641895378
-0.07066890278187087
-0.07284195189512953
-0.07491317173130185
-0.07738775702423364
-0.07861242005085897
-0.08021994912080999
-0.08135272487274503
-0.0828366976315727
-0.08239424353533159
-0.08131171029642438
-0.08060536994888343
-0.07928223212339999
-0.07995706466879249
-0.0793852588813388
-0.07795852956390885
-0.0775965941190014
-0.07780235413804384
-0.0781354770085896
-0.07844509554608983
-0.07837563317853107
-0.07834259546984668
-0.07795444915819053
-0.0774792852871597
-0.07514354114115238
-0.07329911985706708
-0.07156338902970624
-0.06966629435193555
-0.06802179673032276
-0.06603668205101909
-0.06302852422161817
-0.05975356871770699
-0.05738782237771428
-0.05541491970372135
-0.05340764582037833
-0.051519925954394634
-0.049244339230632
-0.046442514444927155
-0.044010616665917324
-0.04140864884530614
-0.038677066735953836
-0.036143602584455384
-0.033618911813839
-0.03130780369412563
-0.029287932962860273
-0.02719537428388627
-0.025035183549584623
-0.02305685847912314
-0.02132227578485167
-0.0199057757426873
-0.019056065823659304
-0.017445014960095942
-0.016090154812321285
-0.014918524113453296
-0.013648434342938071
-0.012593802775419013
-0.011499200797705894
-0.010398444944446191
-0.009580388767980922
-0.008848430036441531
-0.008143263275847999
-0.007418468495521331
-0.006807086863169982
-0.0062317805862127556
-0.005653993667056205
-0.005166351103151555
-0.004756526099378281
-0.004345596060908041
-0.003973013328054597
-0.0036297982854234818
-0.0033136499153565025
-0.0029999266770413383
-0.0026879986878427424
-0.002481070454629929
-0.002289808383098301
-0.0021189714020377606
-0.0019325639280951628
-0.0017580501952520738
-0.0015981438314347884
-0.0014477708782017922
-0.0013222836127230546
-0.0011751322948196383
-0.001062130701117843
-9.957689411520783e-4
-9.208081561216462e-4
-8.287234276511163e-4
-7.505884800181886e-4
-6.797312753192728e-4
-6.173754115283306e-4
-5.603074979316192e-4
-5.101382515313377e-4
-4.6609167615594956e-4
-4.231871786895108e-4
-3.8861605127067243e-4
-3.548331101594259e-4
-3.220641734111395e-4
-2.981208851947464e-4
-2.7597390448251514e-4
-2.500971905466399e-4
-2.2758911113625308e-4
-2.0583781033097035e-4
-1.8525916343399123e-4
-1.7033816571217084e-4
-1.547463962742794e-4
-1.3941746627998437e-4
-1.2733181869740493e-4
-1.1701206561638719e-4
-1.0638856507778525e-4
-9.692969677444476e-5
-8.916770030744583e-5
-8.100307418690133e-5
-7.433390427527447e-5
-6.767854280088379e-5
-6.099735485967955e-5
-5.482806005839334e-5
-4.901957739526903e-5
-4.471121284338164e-5
-4.076794825101682e-5
-3.7300644978410414e-5
-3.427695750067359e-5
-3.1278946864599525e-5
-2.8468214349918216e-5
-2.6194603871370592e-5
-2.3707158691954944e-5
-2.1327868192637127e-5
-1.9205516189212993e-5
-1.7442083321450407e-5
