-4.793163836405796e-7
-5.624075788573626e-7
-6.147292281466876e-7
-7.467141708748234e-7
-8.907281997471849e-7
-1.0431918028430465e-6
-1.170366867294947e-6
-1.4090300445331762e-6
-1.610567172098659e-6
-1.877408273443144e-6
-2.0024752855538053e-6
-2.4781458810927932e-6
-2.8725537135840398e-6
-3.391509449969614e-6
-3.7515881095788815e-6
-4.322803909375107e-6
-5.243635434032218e-6
-6.0778955573711315e-6
-6.816574091158812e-6
-7.863794097763792e-6
-8.964663111127061e-6
-9.894123014125355e-6
-1.0991241318650286e-5
-1.3526888979937334e-5
-1.4764781430166596e-5
-1.7681579656326088e-5
-2.1361730936126337e-5
-2.28000313151078e-5
-2.5010404807581247e-5
-2.6855049924478525e-5
-3.353284090189679e-5
-4.105658807473357e-5
-4.908580401416158e-5
-5.686949572858099e-5
-6.06917381254222e-5
-6.569974437500824e-5
-7.696034193419637e-5
-8.483772222240234e-5
-9.57187331688321e-5
-1.104870060919132e-4
-1.2248196690218147e-4
-1.3435113854372248e-4
-1.5541677108784463e-4
-1.905357588249126e-4
-2.1564047305067037e-4
-2.3901473519902274e-4
-2.6298915938184294e-4
-2.9919433560515144e-4
-3.367879743094873e-4
-3.971543431317689e-4
-4.539909539020018e-4
-5.294833074922121e-4
-6.117449245248798e-4
-6.768640412182475e-4
-7.391574932025581e-4
-8.056926366164287e-4
-9.231877993786436e-4
-0.0010298547225327716
-0.0011354428322945514
-0.0013027521905845528
-0.001511676002923717
-0.0017771610791219835
-0.001985277042549292
-0.002171286486110131
-0.002409073863810935
-0.002694086127461241
-0.0029898590740232863
-0.003139840795145288
-0.00317055093552241
-0.0036781381758085336
-0.004044557599125226
-0.004221069176532496
-0.004301722595448111
-0.004626235515090123
-0.004997393328366769
-0.005488048922390276
-0.0061802945785849935
-0.0067545062140390725
-0.007515061363180418
-0.00803297832646008
-0.008168153886275356
-0.008469472980093287
-0.009330209275024927
-0.00970508695182757
-0.010064770747980258
-0.011358031604166725
-0.012297836379980377
-0.012658641410002993
-0.013021615719630134
-0.014433060950673485
-0.0155107105059673
-0.016292268569862087
-0.016855234690339817
-0.01788945484887379
-0.01899673635868039
-0.01961742627065763
-0.019701575533118243
-0.019644753146407776
-0.020678660172528337
-0.021619609426342133
-0.021380758056229562
-0.022265771557171896
-0.023590829319124016
-0.024615501849676466
-0.025493811271270123
-0.027219467180198464
-0.02921757865983335
-0.030923982481282624
-0.03110487301664986
-0.03141283236138207
-0.032229817779894976
-0.03419730516445703
-0.035634703625731054
-0.03742896710170685
-0.03899505734109683
-0.03921466653455645
-0.03974034640601759
-0.03970941071635311
-0.0400104618410682
-0.04073509094755841
-0.041395283718309445
-0.042566262586477444
-0.0446218660435203
-0.04800668645726737
-0.04852923102636587
-0.04936851608975326
-0.051001486521401865
-0.0545436024662121
-0.05716522978971622
-0.05642502719530497
-0.05613707871629783
-0.059093182141904635
-0.06252081965644674
-0.06302893177000018
-0.06217159896992088
-0.06287291049450039
-0.06525868632437025
-0.06915872090249406
-0.06948549924399694
-0.07015724148030561
-0.07197398648169226
-0.07419942254691958
-0.07297414147434751
-0.07035786840397669
-0.0687483867986832
-0.07121713497020618
-0.07645145406464537
-0.07973210424044469
-0.0806543401514608
-0.07888940032810898
-0.08197159836995777
-0.08635871730312139
-0.08714718032877652
-0.08753101362846263
-0.08890413299551897
-0.08997759259038693
-0.09045560951415246
-0.09066094205806763
-0.09279135211589883
-0.09500352571727193
-0.09550103799305125
-0.09674099109739895
-0.09560592792416676
-0.09493852823828217
-0.09386552789610883
-0.09655439946549901
-0.09814753164998033
-0.09985554866200788
-0.10043198887485563
-0.10032588645039783
-0.10170665774250943
-0.10346144608536106
-0.1032003027713742
-0.1029644233531983
-0.10150213513336545
-0.10183094639971726
-0.10350951828321195
-0.10481731336970532
-0.1057988591606098
-0.10606517629929386
-0.10548641553265709
-0.10721133729516702
-0.10876491186983248
-0.10845194641765546
-0.10717253474209906
-0.10345171319396088
-0.1029974246339484
-0.10266309778249269
-0.10051978343951955
-0.09851389910308658
-0.09889343255394487
-0.09980647180948281
-0.10026985936167068
-0.09985173241708964
-0.09987393558940172
-0.09810131040264822
-0.0957174402403668
-0.09485937927275048
-0.09243243410214147
-0.09022927357298362
-0.08688393044628791
-0.08381546208799287
-0.08137620919027616
-0.0780969510172405
-0.07494109866937294
-0.07220838615338696
-0.06932652993115865
-0.06646631255120489
-0.06381109537434332
-0.06033826046421938
-0.05773776285268968
-0.054653316121558396
-0.05095065427975755
-0.0474768282413336
-0.04479340493908142
-0.042277695447915487
-0.03955401457234464
-0.03706867430058272
-0.03502058595112624
-0.032550259886750144
-0.02974476467545229
-0.027456410807993645
-0.025764989267843874
-0.024485636134585986
-0.022732923363982346
-0.020997439731981652
-0.019674374988447096
-0.01836038344898438
-0.017159693630872812
-0.015609261373965429
-0.01400984776420466
-0.012680454584089038
-0.011983809343778209
-0.011297817580779218
-0.01026398991034182
-0.009530054021932216
-0.008914515752077922
-0.008218984912602692
-0.0074878980000329925
-0.006792365549108087
-0.00625164770508339
-0.005784410473811173
-0.005364699740872996
-0.004922924435818089
-0.0045459831611666095
-0.0041664450471954
-0.0038498658168491812
-0.0035762247682599134
-0.003322443057887468
-0.0029848316827348377
-0.0027119396278487643
-0.002477030860941457
-0.0022947868853755195
-0.0021116621678906756
-0.0018853591120836554
-0.001716833905890276
-0.0015843265684371336
-0.0015017540324866441
-0.0013667880747736763
-0.001245859284960883
-0.0011287256105813274
-0.0010055781965649627
-9.104224059906048e-4
-8.375861260238882e-4
-7.71241076434213e-4
-7.052760774530287e-4
-6.441072330982914e-4
-5.919647185578638e-4
-5.303718333782895e-4
-4.812594521544024e-4
-4.510604107295997e-4
-4.069439400277962e-4
-3.6666387041023297e-4
-3.3210456143823206e-4
-2.985190443072737e-4
-2.7133630150451374e-4
-2.444390054557154e-4
-2.2254117676893706e-4
-1.990041243432621e-4
-1.8185490749270269e-4
-1.6617093267385329e-4
-1.4895170164591398e-4
-1.3503156265164693e-4
-1.2303671848761465e-4
-1.1068301854343791e-4
-9.993157556824803e-5
-8.974933239101536e-5
-8.151257270466034e-5
-7.350824099820616e-5
-6.612612795119288e-5
-5.9396677170539124e-5
-5.421027671222731e-5
-4.95207387299871e-5
-4.48583150638367e-5
-4.066911753476084e-5
-3.6868809668002633e-5
-3.295658710413624e-5
-2.9105333094911974e-5
-2.5926171406513822e-5
-2.3318659990742013e-5
