1.3291590068994034e-6
1.454386885522099e-6
1.4533015052399244e-6
1.837233214907528e-6
2.1802097087850098e-6
2.2135135323542135e-6
2.6430098608596056e-6
3.2753729055057328e-6
3.446664458687954e-6
3.915018660671898e-6
4.932492217745238e-6
5.4029861634926704e-6
5.8208594771083295e-6
7.169759073487883e-6
8.224278686357077e-6
8.768525805339486e-6
1.0473785117443687e-5
1.2451857433842562e-5
1.331292677000457e-5
1.4955695457163295e-5
1.7672653032793398e-5
1.923639655743368e-5
2.1063449357172726e-5
2.4894376363777396e-5
2.8041919050271038e-5
3.0380816381112133e-5
3.4978389187967806e-5
4.021960944192199e-5
4.452203098768444e-5
5.0802930702034984e-5
5.768133576384051e-5
6.229897511217875e-5
6.944319015977926e-5
8.029683256747008e-5
8.806991543434739e-5
9.491314992252206e-5
1.0771045654558577e-4
1.2134409121724583e-4
1.3037260208915733e-4
1.3810242877238286e-4
1.449823486517088e-4
1.5470812303844663e-4
1.7605869585677247e-4
1.9908649422054658e-4
2.0918482794430964e-4
2.201600773742056e-4
2.4262775535242615e-4
2.589210778204054e-4
2.69793564752161e-4
2.958919482610591e-4
3.239596966521498e-4
3.3220670733977414e-4
3.3596160111639724e-4
3.4750294683672363e-4
3.5753809028595825e-4
3.693987827055176e-4
3.785886689570781e-4
3.651981652157762e-4
3.4854323727007537e-4
3.5663690106822255e-4
3.6163377148269607e-4
3.4571755138113817e-4
3.3685872345419417e-4
3.18450049301819e-4
2.57471931232834e-4
2.1351601182518864e-4
2.4717767564012887e-4
2.9867369848930796e-4
2.9536971900516e-4
2.566333705226982e-4
2.2115915750054623e-4
1.9622815805941235e-4
1.9237389802077284e-4
2.288508020698547e-4
3.1522460914130957e-4
4.3791515806525846e-4
5.670138666944199e-4
7.10531470932201e-4
9.207232581971772e-4
0.0012066117868476344
0.0014970413220372447
0.001710522532304832
0.0018726532393103183
0.0021643140296829233
0.002688552974742511
0.003235409877528075
0.0036491321334631765
0.004222094793229601
0.005152461112831774
0.0060502496835983825
0.0066404628377753315
0.007309434565100708
0.008407650171490384
0.00973127727045883
0.010953556067074453
0.012011371341213587
0.013126807511447684
0.01456947402748038
0.016199271079220347
0.01778426067068898
0.01975389940747545
0.022367371496065245
0.024716638495038884
0.02628549431006231
0.02803865545261752
0.0302405146891226
0.0316977431945346
0.03255226523232013
0.034569702136965225
0.037816837533427225
0.04048627985455167
0.042329784885204245
0.04513491982978556
0.04953375406921038
0.05381324654584524
0.056660799846470114
0.059185718205858745
0.06264373600798101
0.06617512912069268
0.06905468521866429
0.07211011185260417
0.07477345854249604
0.0757352671264251
0.07727050665246632
0.08170018665098568
0.0855467258292194
0.08592687869005455
0.08718504591002331
0.09266928229137017
0.09887045334499175
0.10344622484122142
0.10772767965416159
0.11050160602393108
0.11104994197174642
0.11324217881487984
0.11727209963858552
0.11808945498434241
0.11684455388771163
0.11958068485863707
0.1252350480978135
0.12915324975249934
0.13226103734381445
0.13580833558985594
0.13728755672023787
0.1373500094661282
0.13961717213998848
0.14360470285518803
0.14665975325225716
0.14826085548033383
0.14805556619152177
0.14632879420124267
0.14552140206665526
0.14575680335562974
0.14444954685525083
0.14250158883324507
0.14255169840469506
0.1429496333599141
0.1417625270646179
0.14139895437159428
0.14302438343737406
0.14336915049557872
0.1404467175323845
0.13638048154408175
0.13386522928507497
0.1332018233770205
0.13223751973458345
0.12922138308341558
0.1257891024246286
0.12411817947719912
0.12257503139677176
0.118594093601422
0.11290574145610033
0.10740603053576873
0.10274326313471978
0.09898362142521407
0.09508432608935065
0.08974246476039646
0.08440441632844371
0.08081799736115618
0.07686398221637607
0.07067383623902988
0.0647644491515523
0.06089639954090845
0.057060486321108495
0.05250863567720582
0.04865279937231206
0.04492199493568203
0.0402365851198634
0.035965720864104316
0.03279734823232277
0.02920970384050219
0.025283121394915318
0.022715972517383998
0.02093975001073703
0.018126995600268595
0.014767911069740586
0.012533887178681207
0.011415403353998828
0.010272386747718718
0.008657475434754912
0.007051959645090534
0.006131185682359005
0.005992319736894225
0.006045824916280841
0.005861142844934665
0.00566166094133982
0.005756671222637992
0.0060976629969569885
0.006506595616134009
0.00690868772812523
0.007351022142794577
0.007879452367185923
0.008358122046940126
0.00865662335214547
0.008972280570124096
0.009522382158336748
0.010108058133558945
0.010448275549446691
0.010602758356405633
0.010712229242298801
0.010759809223199386
0.010772440534704567
0.010819065114026085
0.01080426962582892
0.010630279584598614
0.010420227379086124
0.01030029573249204
0.010174761628893927
0.009916986466249948
0.009574243838797139
0.009252822782901442
0.008959401827753328
0.008635991864472434
0.008261803216432875
0.007874926802599961
0.007517029172541772
0.007181213729830638
0.006839610207760409
0.006503074800278524
0.006196501102232409
0.005898696420207874
0.005575901119203277
0.005241167258251347
0.004920264939449986
0.0046086999152088574
0.004303998311366815
0.004020105437490778
0.0037519653946141616
0.0034831539282756782
0.0032203385136831816
0.0029758892058459603
0.0027434443083828148
0.0025171035026802678
0.0023051249929477106
0.002118216517578032
0.0019609228394259852
0.0018228390637450153
0.0016810886323693644
0.001531871584397585
0.0013982463039857271
0.0012895475561331558
0.001187464270203823
0.001080310535648865
9.755887295250025e-4
8.814164351987305e-4
8.003889884863523e-4
7.302448368391126e-4
6.620870678417901e-4
5.924177902432055e-4
5.295096950933753e-4
4.7686593550256174e-4
4.283334996786191e-4
3.830671111820325e-4
3.4454521215848097e-4
3.094105837542123e-4
2.740118384914186e-4
2.416397262743603e-4
2.1435574132758193e-4
1.8983409216076792e-4
1.6760310462102156e-4
1.4841739707717257e-4
1.3114534308427084e-4
1.1554496371488454e-4
1.024948364879702e-4
9.088358677110373e-5
7.919997440516048e-5
6.804406020711188e-5
5.845360236359075e-5
5.048260201772813e-5
4.370208470596011e-5
3.746112406958967e-5
3.166987928679299e-5
2.7058019981160407e-5
2.348500827234758e-5
1.98668867556698e-5
1.6279904409688387e-5
1.3603984112570597e-5
1.1588313532313691e-5
9.565761756485451e-6
7.788728436777922e-6
