-5.473844548055285e-7
-1.0803483640538609e-6
-1.0264723250982068e-6
-7.069360695161202e-7
-1.331362995334501e-6
-1.6409582145581425e-6
-1.1053928901250243e-6
-1.6130885601201748e-6
-2.4694146584786825e-6
-1.9451270152140766e-6
-2.064408419392102e-6
-3.4187049292979887e-6
-3.269793361261731e-6
-2.939560957194074e-6
-4.706612991196587e-6
-5.388869256541112e-6
-4.602949234325831e-6
-6.353456110311594e-6
-8.23302450870536e-6
-7.367131995435811e-6
-8.79997702641686e-6
-1.2419087885112349e-5
-1.248005162636697e-5
-1.3325232073929744e-5
-1.8642978238168684e-5
-2.074762304650667e-5
-2.1021280843555457e-5
-2.7728583926786474e-5
-3.314636422083417e-5
-3.27092120188378e-5
-3.913350644932383e-5
-4.984863907543076e-5
-5.2365683341273504e-5
-5.8312952574371386e-5
-7.403264658391668e-5
-8.207355484895538e-5
-8.805431759694842e-5
-1.0827033776937095e-4
-1.2349401388685874e-4
-1.281337586530345e-4
-1.528051929159257e-4
-1.8975891074056643e-4
-2.1179090355044947e-4
-2.420861140497573e-4
-2.8991315798379314e-4
-3.2393459842834584e-4
-3.643415806852461e-4
-4.367006941852787e-4
-4.910783636113624e-4
-5.258269622421595e-4
-6.099009036896558e-4
-7.131641307397828e-4
-7.785926678085034e-4
-8.744891326155728e-4
-0.0010260122226414495
-0.001155095805909404
-0.0012977681879022596
-0.0015135456366278505
-0.001703221323360705
-0.0018532806107670406
-0.0020891448708311427
-0.0023579157649643323
-0.0025801370634131442
-0.0028858883002272
-0.0032256874143353326
-0.0033820066975816785
-0.0035602799204418256
-0.004050647050280421
-0.004592722266670878
-0.005006028197583236
-0.0055908388343131115
-0.006276891432242941
-0.006674667348199649
-0.0070064685759188795
-0.0075624101569267575
-0.007951306437844311
-0.008090725384849132
-0.008591182892628503
-0.009491167575296737
-0.010212893777604414
-0.010748487141980576
-0.01149083544355967
-0.012459571319129756
-0.013475811209405605
-0.014373355878948967
-0.015057550264788172
-0.015755441931386463
-0.016566236779648295
-0.01712892463560022
-0.017533015161767543
-0.018297214745566805
-0.019110484579679985
-0.0194772524165874
-0.019940287145883896
-0.020775382178306632
-0.021369102560677793
-0.022022171849591293
-0.023456362115295618
-0.024717596669643176
-0.0248169339589755
-0.024772694496992285
-0.025359773668367093
-0.025762539469312982
-0.02586938345146124
-0.026490904993211575
-0.02742443544414403
-0.028212528078500988
-0.029315126333106775
-0.030761684790500017
-0.031860197739110994
-0.03275639328352028
-0.03420491514739867
-0.03603567259528184
-0.03715182855701791
-0.03700728312430244
-0.036716896949945815
-0.0377178388417059
-0.03937000313223653
-0.040238823641096357
-0.040869639434680416
-0.041922273235907595
-0.042424006309704373
-0.04303413744059737
-0.04558881597460353
-0.04818232814233011
-0.04839156054276243
-0.04903204618080487
-0.05209829814566592
-0.05368713834491042
-0.052457202457205046
-0.05270456108192526
-0.05488041405906325
-0.055446600412465255
-0.05546361897427129
-0.057522636616014866
-0.05965979498355539
-0.060685480885170055
-0.06253477750158758
-0.06427589621873142
-0.06386572406910221
-0.06335254561404263
-0.06430260371797591
-0.06503378644951645
-0.06609674617921471
-0.06933386420554845
-0.07262083831139989
-0.0737085911828563
-0.07418682623330511
-0.07505917704273474
-0.07542191404400345
-0.075718294065532
-0.07645587036577374
-0.07731695924131225
-0.0794252802836369
-0.08274273375860199
-0.0843986019111031
-0.0847884638265526
-0.08748417831088119
-0.090953056361043
-0.09124237170886977
-0.09088554480159852
-0.09388362044368953
-0.09758476458488048
-0.09848668778472587
-0.0981736129700636
-0.09863586109735721
-0.09967790981332886
-0.101483377878931
-0.10377098416415266
-0.10510168335263263
-0.10557491968170228
-0.10607843219769071
-0.10600787119751515
-0.10564144853247094
-0.10698806244097164
-0.10987600943674673
-0.11200100127683814
-0.11311555754805751
-0.11452481796522257
-0.11580724426362529
-0.11596323525639876
-0.11601577295643659
-0.11735298733411154
-0.1188205409998071
-0.11843403479316221
-0.11744143635467948
-0.11880680557121977
-0.12155124633090485
-0.1219044967737126
-0.1199749210164773
-0.1186899527801191
-0.11762620168460301
-0.11516835845144718
-0.11324671571289995
-0.11318085514470227
-0.11229862370649102
-0.10940716492228482
-0.10677500483059593
-0.10483948660364013
-0.10199260920370064
-0.09858991573008573
-0.095461586674978
-0.09177354651192776
-0.08763076014581934
-0.08425801133684728
-0.08107062168882603
-0.07694772162981844
-0.0726344574569372
-0.06882710659280401
-0.06499269768401084
-0.06124810042636418
-0.058150891417048996
-0.055227329468094916
-0.05199942128479726
-0.048697527700775955
-0.0452396723390988
-0.04165580901663763
-0.038734808753587535
-0.0365553095535452
-0.034156128113498406
-0.03135129953871301
-0.028778798464721405
-0.026532821204456956
-0.024482364693086376
-0.022805527321741893
-0.021279421810726503
-0.019459740621020984
-0.017600037240284645
-0.01614822164705147
-0.014945516360440107
-0.01370935953115348
-0.012483792564620773
-0.011371954926303244
-0.01045138982519121
-0.009747782521643851
-0.009072445771515624
-0.008288095467339843
-0.0075400211764498366
-0.006901792139904156
-0.0062693962901406945
-0.005687539720992048
-0.005242872920074677
-0.004817121352680139
-0.004339344348641696
-0.003921213821730934
-0.003591762784587384
-0.0032821711812897436
-0.0029963901682869016
-0.0027401346400143726
-0.0024906705994568617
-0.002287531350577179
-0.002135326752722932
-0.001958551652949649
-0.0017731112304042343
-0.0016514547360740178
-0.0015443331562412217
-0.0013902033931287518
-0.0012450792000145094
-0.0011386763060094696
-0.0010248907510171457
-9.134603997603948e-4
-8.39833075690269e-4
-7.763628782851584e-4
-7.062434111030299e-4
-6.519227366988924e-4
-6.000913693394343e-4
-5.331396392254154e-4
-4.794443887938142e-4
-4.47182771196443e-4
-4.093783153828007e-4
-3.70314716844235e-4
-3.457469887557195e-4
-3.1938835113348295e-4
-2.8426797662549987e-4
-2.572414022578133e-4
-2.3736288491593488e-4
-2.1532513868810293e-4
-1.9773217187060542e-4
-1.842038852325301e-4
-1.6584913313285265e-4
-1.4877453123551414e-4
-1.3841938913560222e-4
-1.260979714541093e-4
-1.1142123832138513e-4
-1.0178521144406858e-4
-9.35789609763985e-5
-8.349619386655027e-5
-7.670070600603618e-5
-7.147674341155694e-5
-6.30068305177583e-5
-5.591673975992818e-5
-5.247365459028489e-5
-4.74302096952906e-5
-4.165004953487999e-5
-3.894197589182035e-5
-3.602329553940299e-5
-3.1383957894096e-5
-2.879711833261674e-5
-2.7167106838537125e-5
-2.3563628869824218e-5
