3.682364688881786e-7
4.5272312041646824e-7
5.516434409590933e-7
6.593081897393384e-7
7.818248680829589e-7
8.796266895180672e-7
1.0489549354740957e-6
1.244703217452315e-6
1.4647770145400703e-6
1.7211749352502253e-6
2.019339672401984e-6
2.36341758491005e-6
2.7625716324865053e-6
3.1624471944548494e-6
3.6753763404032022e-6
3.859237144039301e-6
4.542013644776999e-6
5.384839191067584e-6
6.276917648668347e-6
7.28180867902739e-6
8.418396037725148e-6
9.674969067600663e-6
1.1072929935307187e-5
1.2743151544519431e-5
1.4611418449770724e-5
1.6579338459425337e-5
1.887914199604517e-5
2.170421929784722e-5
2.4916693602080894e-5
2.872968947360456e-5
2.7280280994532784e-5
3.514292700300809e-5
3.841340199456315e-5
4.3529166633798356e-5
4.9385909009129405e-5
5.56854245113495e-5
6.272132667065458e-5
7.05345918926852e-5
7.875769047995161e-5
8.74937226078992e-5
9.702768599935088e-5
1.0677359807213667e-4
1.1745928263616789e-4
1.298032645825288e-4
1.431483313806818e-4
1.57476805301925e-4
1.7262820478631662e-4
1.8799595608371084e-4
2.0721259305739613e-4
2.251540900730902e-4
2.441471694556739e-4
2.636913210519141e-4
2.8350821199655006e-4
3.028389663427846e-4
3.201056257739936e-4
3.308308551368583e-4
3.278794312872067e-4
4.5386049160200514e-4
5.261269163357939e-4
5.149917532282655e-4
4.890059056269146e-4
5.115642084183511e-4
5.131438914711081e-4
5.254231686539127e-4
5.511485674852168e-4
5.694119292879408e-4
5.886770823569665e-4
6.133568468097441e-4
6.946651008072893e-4
8.545241686898444e-4
8.855298285204468e-4
8.352659571746295e-4
7.594737289821449e-4
7.98664967483778e-4
9.975677071329e-4
0.001189916386991455
0.0012958474287115376
0.001363478684075926
0.0014532682030289294
0.0016138461355894066
0.00205527974101333
0.0027170262867972153
0.0035483305970107014
0.004618730321671319
0.0058682453318746625
0.007023830871555982
0.0083419615462265
0.00975590866830144
0.011229843303974528
0.012833732652570345
0.014632446600457157
0.016982541606708028
0.019594764728400483
0.022225652509085547
0.024568819108794437
0.026650080257821014
0.028455065406254657
0.02995343505377829
0.03127242440780588
0.03279664842952965
0.034684561512731665
0.03615909505820415
0.04142154624953755
0.04378353838039992
0.04275129832699741
0.04049669559445409
0.04090011188931583
0.04408288369236539
0.047463392941355
0.05124850625148342
0.054523591887422104
0.055206878041285774
0.04860942111275318
0.04234707408711137
0.056616817316733084
0.06599898832082962
0.07045534735683497
0.07262978031054243
0.07317758803727786
0.07250315439763337
0.07106577886177284
0.06878864000785434
0.06668556573013819
0.065232452055186
0.06080933860460096
0.054778799486789015
0.05535598654524061
0.07432644571840387
0.07807400957397626
0.07233552606726197
0.06596536003513684
0.05951820593491031
0.052702570168293245
0.04625546522796288
0.04016725985964662
0.03481661183185255
0.030773020997712553
0.029095817163610403
0.031080707467041165
0.036543310082739436
0.04488010231006166
0.05330037132284173
0.06768729203245655
0.08140146019029759
0.08605423778595807
0.08064578101125347
0.07268914235785083
0.07023797942069322
0.07338742150472236
0.07771554920636606
0.0768738009433398
0.077160565620989
0.08623569901361644
0.10552685987061938
0.12027032891283615
0.13063849400022517
0.1455727905558244
0.1581208786431514
0.16878406214412156
0.17738077349604606
0.17985754170002013
0.17549433387410365
0.1733878213586807
0.1720212831712433
0.1682135742569375
0.16372993366030297
0.16259486417215285
0.15987631288144225
0.15873295187362763
0.15685214484312932
0.1475375720415697
0.13251309662224675
0.11840183131585849
0.11090549531443428
0.12782323433855153
0.1330035230620995
0.13635581426419405
0.14330514893770963
0.14457569669713444
0.13919357865735352
0.12755438086423096
0.11174457282655614
0.0902637559222843
0.08291940276759305
0.08096132657436075
0.06358489842484477
0.06063629342893709
0.06641916833028425
0.07117677069548997
0.073775738642047
0.07111888228745375
0.06421547733041691
0.05763538290019997
0.06034218921633959
0.06405652281634282
0.06607876068673611
0.0641353348420782
0.06137253885729901
0.057927525444151945
0.054653751892324035
0.05183433899711184
0.048009283442134974
0.04364964428274748
0.038679198219157204
0.03369708012268113
0.030761365904140504
0.02899422554879182
0.027608062115372787
0.02648098131927149
0.029974047834102964
0.03442857931861823
0.03422625295917163
0.032830492899331334
0.0314480253134963
0.028703111412150765
0.02630010195178808
0.025518499680113063
0.025645668513130188
0.026268020844164314
0.025457893837939
0.024632045302550712
0.025869518108191294
0.024499498055225936
0.02331699275173199
0.020100513526725067
0.017833927288308037
0.015141632258456448
0.013139708714719776
0.014024120736473484
0.013829956646277163
0.0125017555663592
0.010346926268810832
0.00780704101321066
0.006303436111998909
0.005921929660445412
0.006037849117081081
0.00584909911935902
0.00546641448508615
0.005375542476092426
0.005330122147608973
0.005106969016716023
0.0046312282950328725
0.004086591641981644
0.00370884105005247
0.0035886876339963725
0.003423802599930349
0.003203024037310525
0.0030073068889020006
0.002796777256990209
0.002609992814275876
0.002423548530097636
0.002125021525875015
0.0018260036232187482
0.0017035500439741402
0.0016363965300109325
0.0015510499317871538
0.0014235145367079002
0.001261855582820631
0.0011183709077671002
0.0010084037775135051
9.302311924819966e-4
9.003412234250623e-4
8.355582647874136e-4
7.89117630170231e-4
7.323634814294813e-4
6.690460841406905e-4
6.08321281402048e-4
5.583386065809414e-4
5.091498253290021e-4
4.440668469744849e-4
3.8090450745370443e-4
3.385400783166872e-4
3.1174982160174784e-4
2.8480577016952257e-4
2.5698316009751187e-4
2.3109304677924452e-4
2.0326659774173633e-4
1.750019798975072e-4
1.5466880865487256e-4
1.408012942017994e-4
1.2906793938825473e-4
1.1755708324836526e-4
1.0558478846692605e-4
9.037274483178399e-5
7.399516511351048e-5
6.406353077887276e-5
5.673236927584546e-5
5.1083597220610705e-5
4.5543559040431305e-5
4.015091674030226e-5
3.469605767194126e-5
3.075856939379729e-5
2.753367913880432e-5
2.389811071413108e-5
2.0731648232352773e-5
1.7615199695036982e-5
1.5036947064881652e-5
1.3050110796052893e-5
1.1320873715476533e-5
9.188020898784357e-6
