-9.778637056018113e-7
-1.2039526372879229e-6
-1.397183513827531e-6
-1.6191124997127774e-6
-1.871918343002153e-6
-2.1816151263246826e-6
-2.553084706350804e-6
-2.9571523819065567e-6
-3.418201488818953e-6
-3.9415132274393815e-6
-4.541832227885867e-6
-5.22249523977411e-6
-5.968634163726931e-6
-6.800049564445638e-6
-7.301733108091505e-6
-9.243729679166491e-6
-1.0837347080477485e-5
-1.2411261169261328e-5
-1.4183363055331396e-5
-1.619540560059941e-5
-1.848777093754233e-5
-2.1022927347510397e-5
-2.4080397198104953e-5
-2.7437267413811582e-5
-3.116749423997512e-5
-3.517691038463151e-5
-4.037187470561405e-5
-4.5701515299026236e-5
-5.126502572988539e-5
-5.583090454380748e-5
-6.397259286099094e-5
-7.326216519572822e-5
-8.694988022730093e-5
-9.874711407692481e-5
-1.1151478235457353e-4
-1.2582934193703076e-4
-1.4166853759439745e-4
-1.5942692274648556e-4
-1.7966298486813044e-4
-2.02481832602414e-4
-2.2770211820062172e-4
-2.561060975518056e-4
-2.8931065132553916e-4
-3.254440025967076e-4
-3.655696072562587e-4
-4.100733714937992e-4
-4.5972706112194285e-4
-5.147763088563832e-4
-5.752224770472195e-4
-6.440024899725127e-4
-7.200709300413546e-4
-8.046314692197439e-4
-8.987833949946903e-4
-0.0010034457526829773
-0.0011207043771951052
-0.0012522809241322162
-0.0013912477322137427
-0.0013835343216377972
-0.001549514438485349
-0.0017582388060082429
-0.001995692559195384
-0.0022411037466345527
-0.0025304658004665567
-0.0028240906053434104
-0.0031220515352225397
-0.0034459613584073494
-0.0037819419103671207
-0.004114508493067877
-0.004339563245791367
-0.004487157529019093
-0.004587823599692233
-0.00500904332080941
-0.0060982020870616015
-0.006738991056523966
-0.00710170992360213
-0.007560670207847957
-0.008062053438806744
-0.008819437043238296
-0.009591268178239274
-0.010324898077742523
-0.01074115756344432
-0.01089763257789377
-0.010796145058354112
-0.01055286110957583
-0.010179824994477941
-0.010008702364692543
-0.009676311644345004
-0.00965698668535439
-0.009940237531256472
-0.010288812869850804
-0.01008090374263803
-0.009484399720518389
-0.008929445742692926
-0.008508630018443156
-0.008332034251421545
-0.008388451414704285
-0.008769751455861494
-0.009453540353795756
-0.01026804328969589
-0.010784946569203709
-0.010573209479299312
-0.009180526207370126
-0.007908895198596003
-0.009149253677252885
-0.012192043084141149
-0.016274232993056907
-0.018979605207393738
-0.01982165812524481
-0.02060631988423381
-0.02100684639344308
-0.02171552503208992
-0.02324391041928335
-0.02636896761364399
-0.03195421184512915
-0.02774308335623054
-0.027706290454339963
-0.030781349014468575
-0.034392593405489204
-0.0389029561549377
-0.04412771578567924
-0.04958426394830761
-0.055220503637963485
-0.06098197714912067
-0.06575207260342213
-0.07350878955953685
-0.07922733462523746
-0.0728199724908667
-0.058787870019543505
-0.07053137210330077
-0.08581477373226101
-0.09832372924736169
-0.10980463385334657
-0.1212069837752068
-0.13163381471828767
-0.1412263006947333
-0.1493421775385797
-0.1556011981169318
-0.1590226340920552
-0.15748319854482826
-0.1519693672014493
-0.14208034492371235
-0.13298581328435383
-0.12124458278498453
-0.11126950599780842
-0.1103803569209528
-0.11880882152095311
-0.1310031964900975
-0.13561126668665682
-0.13152413783230152
-0.12011212573233487
-0.11162992663438595
-0.11203463321007903
-0.10838363592573316
-0.09473152753411979
-0.08299889222978965
-0.06737262134494201
-0.06471597182085936
-0.061413671375424125
-0.056358794284656344
-0.05025838626266891
-0.04609476849738564
-0.045338348049954874
-0.04784848662693442
-0.05125040415152382
-0.054279259476415674
-0.05640846272074221
-0.055753551260634
-0.054618088977645605
-0.05289137207523939
-0.051740413662741416
-0.05620904986250355
-0.06416002003994956
-0.07068470060854412
-0.07377803621303561
-0.06418799633292793
-0.05684199281409398
-0.04952607504265208
-0.04198030079862969
-0.037983249284499726
-0.036221196624134006
-0.03774585914579077
-0.04352676398991939
-0.056591265541624705
-0.05738358479636891
-0.050881259591824414
-0.06277751023627243
-0.06495116386891957
-0.05924601306979806
-0.05006919416672536
-0.043869568733295186
-0.04226916614499812
-0.04076198632650922
-0.04442010534353753
-0.046293276085404726
-0.04556619998081152
-0.04582075041714302
-0.04781686519664631
-0.049228704297539456
-0.050337960455651795
-0.051116740591875875
-0.0510561137354929
-0.0510048759856848
-0.05055068132548697
-0.050064282677119966
-0.050895794182614695
-0.05152377472369787
-0.05056701326902683
-0.048242077461259456
-0.04424877336923421
-0.036889470942110626
-0.03138192681525881
-0.0309016252303946
-0.030115621182135878
-0.028714588055746688
-0.02864263058621137
-0.028533556593112706
-0.026815312304457505
-0.02373046438565731
-0.021123595165190023
-0.018503090314723365
-0.014867065638878076
-0.013465130733085718
-0.012671667553790646
-0.011671469641026385
-0.01231132191351442
-0.01237243308790341
-0.012265806369224346
-0.01145529636344316
-0.01090260302192739
-0.01028706506055415
-0.009867218334315867
-0.009877425984962121
-0.010276163953942962
-0.010358945005971874
-0.009925710737412875
-0.009243409545414314
-0.008649681903057722
-0.008217509364248546
-0.00752434238723729
-0.006664980735971833
-0.005938686912971431
-0.005495000494192363
-0.0053053847393571725
-0.005025550776767516
-0.0045928591189097236
-0.004183819402157554
-0.0038343408174791958
-0.003516290434464389
-0.0032560508692026013
-0.002991474723895015
-0.0026889471226824446
-0.0025348939611482733
-0.0024430256558261405
-0.0022091051489372304
-0.0019430224246319739
-0.0016740823765708742
-0.0014884138904435902
-0.0014131920054560898
-0.0013167262690141697
-0.0012157680281056171
-0.0011079458504306017
-9.85088816107727e-4
-8.836678855993654e-4
-8.026781011418561e-4
-7.450367754293784e-4
-7.003259418909467e-4
-6.525063166046229e-4
-5.877414671749311e-4
-5.264320410980087e-4
-4.949789030972555e-4
-4.732596714310486e-4
-4.3733410450883496e-4
-3.881887525046939e-4
-3.428138142593684e-4
-3.079190837509366e-4
-2.821890284314758e-4
-2.6121860441122026e-4
-2.486250088378075e-4
-2.3264368718717423e-4
-2.108801324525512e-4
-1.8698351956897765e-4
-1.6427961210231616e-4
-1.4387216083976075e-4
-1.304737568616256e-4
-1.2327605359878404e-4
-1.1467476145480399e-4
-1.0415977200866815e-4
-9.141752260794582e-5
-7.940281882610524e-5
-7.031004138351629e-5
-6.144060931019337e-5
-5.4757490275186495e-5
-4.9839200667572784e-5
-4.456965206299986e-5
-3.908373196579485e-5
-3.490855151548126e-5
-3.140921429678836e-5
-2.801613647883088e-5
-2.5075227652072018e-5
-2.2929782341988837e-5
