-1.4379427460732106e-6
-1.6844574893457444e-6
-1.9707859774022573e-6
-2.3029480065085157e-6
-2.6878091819500767e-6
-3.1331864516612113e-6
-3.647970629532146e-6
-4.242263195303485e-6
-4.927522223353546e-6
-5.7167288793035504e-6
-6.624575526614005e-6
-7.667665533035074e-6
-8.864736525350322e-6
-1.0236914464488806e-5
-1.1807984109024977e-5
-1.3604684767579375e-5
-1.5657047333639615e-5
-1.799875556444541e-5
-2.0667533448126875e-5
-2.370558437361599e-5
-2.7160066465303795e-5
-3.1083594317666587e-5
-3.553480140132512e-5
-4.057895498625536e-5
-4.628859853149144e-5
-5.2744259967628853e-5
-6.0035232679476845e-5
-6.826038766152654e-5
-7.752905129564565e-5
-8.796197786067047e-5
-9.96923618091128e-5
-1.1286690876580642e-4
-1.2764702158236065e-4
-1.4421004163249032e-4
-1.627505354923506e-4
-1.8348171027386998e-4
-2.0663690742655667e-4
-2.3247112412395828e-4
-2.612626642814122e-4
-2.9331489777793487e-4
-3.2895802882837753e-4
-3.685509766759709e-4
-4.124833964589142e-4
-4.611776953725071e-4
-5.150911215737854e-4
-5.747180196953413e-4
-6.405920778309541e-4
-7.132885847380834e-4
-7.93426863600309e-4
-8.816727073870429e-4
-9.787407429152314e-4
-0.0010853969521312729
-0.0012024612193861702
-0.0013308097160169793
-0.0014713773813860608
-0.0016251604632812246
-0.0017932188080502125
-0.001976678136735174
-0.0021767324110128186
-0.0023946458812463536
-0.0026317549595669576
-0.0028894701922510297
-0.0031692778814648914
-0.0034727413303679514
-0.003801502154109215
-0.0041572812518505635
-0.004541879181598258
-0.004957176503229089
-0.0054051338386282895
-0.005887791127548926
-0.006407266675574912
-0.006965756006627002
-0.007565529756997125
-0.008208931106100414
-0.008898373104849772
-0.009636334983164607
-0.010425357677989223
-0.011268039321752113
-0.012167029769827305
-0.013125024010979583
-0.014144755533118576
-0.015228988921232459
-0.016380511039949013
-0.01760212206694211
-0.01889662607231455
-0.020266819994560394
-0.02171548225262434
-0.023245361296068953
-0.024859162547240975
-0.02655953466927641
-0.02834905617942543
-0.03023022068678231
-0.03220542110226991
-0.0342769345349986
-0.036446906308186325
-0.038717332628067744
-0.041090044142144
-0.04356668934845875
-0.04614871647774938
-0.048837356273335505
-0.051633605517951674
-0.05453820909374523
-0.05755164274164371
-0.06067409750724677
-0.0639054631010677
-0.0672453115900403
-0.07069288360976085
-0.07424707422730056
-0.07790641868402833
-0.08166908123832743
-0.08553284471449657
-0.08949509952803333
-0.09355283600893734
-0.09770263870028742
-0.10194067991803706
-0.10626271636500519
-0.11066408902280703
-0.11513972240607419
-0.1196841262009923
-0.12429140129625836
-0.12895524566987837
-0.13366896166250913
-0.13842546834843333
-0.14321731463411172
-0.14803669260050134
-0.15287545604940783
-0.15772514092617546
-0.1625769849151232
-0.16742195164766302
-0.17225075801780312
-0.17705389989635445
-0.18182168117414022
-0.18654424698175645
-0.1912116149928157
-0.19581370822905372
-0.20034039267573808
-0.20478151320823054
-0.20912692889643786
-0.21336655309991057
-0.2174903925998891
-0.2214885840158793
-0.22535143421160655
-0.22906946079932666
-0.23263342821113048
-0.23603438617781528
-0.23926370945452888
-0.24231313205737506
-0.24517478169827703
-0.247841216420471
-0.2503054554984357
-0.25256100802635917
-0.2546019041519178
-0.25642272119948045
-0.2580186050174355
-0.25938529374725383
-0.26051913781192304
-0.2614171131343267
-0.2620768358129023
-0.26249657478920857
-0.2626752565615914
-0.2626124697517077
-0.2623084695283597
-0.26176417391212886
-0.26098115795476695
-0.2599616493442878
-0.25870851681768475
-0.2572252544200246
-0.25551596819164096
-0.2535853575066935
-0.25143869060444646
-0.2490817827713328
-0.24652097167242717
-0.24376308589976975
-0.24081541564379128
-0.23768568322286251
-0.2343820067855407
-0.23091286499387878
-0.22728706404999638
-0.22351369885810177
-0.2196021136759178
-0.21556186700736166
-0.2114026924570812
-0.20713445761395005
-0.2027671282061718
-0.19831073064493465
-0.1937753115006696
-0.18917090232738926
-0.1845074855298884
-0.17979495667694737
-0.1750430913895686
-0.1702615157228047
-0.16545967325396205
-0.16064679536369533
-0.15583187687815758
-0.15102364940808477
-0.14623055620407352
-0.14146073341659654
-0.13672199058129236
-0.13202179101636471
-0.1273672387316871
-0.12276506635020201
-0.11822162171542779
-0.11374286023596684
-0.1093343399717907
-0.10500121474280694
-0.10074823153783675
-0.09657973201972533
-0.09249965202283619
-0.08851152354693782
-0.08461848160429775
-0.08082326959222033
-0.07712824531961478
-0.07353539194436641
-0.07004632835239537
-0.0666623186095478
-0.0633842857092434
-0.06021282582388035
-0.057148220522398055
-0.05419045214111833
-0.051339220622746276
-0.048593957791498645
-0.04595384333332456
-0.04341782291366253
-0.04098462376135747
-0.038652770458938696
-0.036420603123942706
-0.03428629353451698
-0.03224786014383401
-0.030303185303349297
-0.02845003117546863
-0.026686053577364782
-0.0250088174770839
-0.023415811997890154
-0.021904462844924307
-0.02047214558493081
-0.01911619915040205
-0.01783393670920451
-0.016622656506509847
-0.015479653420858514
-0.0144022282080343
-0.01338769591128179
-0.012433395193490411
-0.011536695932169319
-0.01069500537526818
-0.009905775153189984
-0.009166507236853541
-0.008474758123052888
-0.00782814359905108
-0.007224343108872512
-0.006661102299558175
-0.006136235750972957
-0.005647629833366088
-0.005193243944621104
-0.004771111518287187
-0.004379341495927665
-0.004016118554095875
-0.003679702756111529
-0.003368429805627842
-0.003080710513084103
-0.0028150294664316135
-0.0025699442685977346
-0.002344084442873197
-0.0021361494698877346
-0.0019449072369766977
-0.0017691925379674607
-0.0016079047705005653
-0.0014600058345025202
-0.0013245183490718003
-0.0012005232376752844
-0.0010871573046295476
-9.836112701666643e-4
-8.891274028095436e-4
-8.029969781296052e-4
-7.245582199703284e-4
-6.531940782791797e-4
-5.883297372812692e-4
-5.29430542415145e-4
-4.759999734204229e-4
-4.275773249911472e-4
-3.837356913615112e-4
-3.440801505430841e-4
-3.082456953414161e-4
-2.7589533802139106e-4
-2.4671850139080094e-4
-2.2042923691638266e-4
-1.967644994029404e-4
-1.7548273124143603e-4
-1.563623710856904e-4
-1.3920033315903982e-4
-1.238107689560899e-4
-1.1002384629289171e-4
-9.76844511805103e-5
-8.6651112981647e-5
-7.679501979895337e-5
-6.799894466167729e-5
-6.015632280156859e-5
-5.3170464017775234e-5
-4.695369098030719e-5
-4.1426559181764246e-5
-3.651722793340432e-5
