1.0550148773484083e-6
1.2973496812058237e-6
1.6150949342737355e-6
1.6561971810438811e-6
1.7461736609505792e-6
2.1435302066354826e-6
2.4477733203526023e-6
2.7284407210274843e-6
3.3978631613312744e-6
4.030353313284361e-6
4.374925651281713e-6
5.0896889917045435e-6
6.069707508271366e-6
6.636946960694155e-6
7.31653758698865e-6
8.596633809389724e-6
9.795804471006695e-6
1.1002882857622064e-5
1.2974010725863655e-5
1.5151153535320677e-5
1.6847146687904546e-5
1.844833040099999e-5
2.0322635977068534e-5
2.3281678163088683e-5
2.7956334205140773e-5
3.2184543227467155e-5
3.4407687500485995e-5
3.775265792293677e-5
4.384330981770512e-5
4.904952186643564e-5
5.250890205447571e-5
5.807759645770811e-5
6.695228805701547e-5
7.776169110766918e-5
8.936977839739956e-5
9.916370377935383e-5
1.0749560048606288e-4
1.1896673183620557e-4
1.3080023853114797e-4
1.3597951127709067e-4
1.4022459956970431e-4
1.5187286060872849e-4
1.6450342248014864e-4
1.7418002436007753e-4
1.8923448446862254e-4
2.0579877900955688e-4
2.1117155750136467e-4
2.1519857115800842e-4
2.3563887179748024e-4
2.632980587055559e-4
2.7821216936183306e-4
2.7801118385636036e-4
2.6974336745029607e-4
2.6205190364070975e-4
2.6730874597343456e-4
2.845179327266351e-4
2.9305762695241587e-4
2.8259964389248216e-4
2.675710904628858e-4
2.6039345961079006e-4
2.5418092329612164e-4
2.4082480932310595e-4
2.2453405941501455e-4
2.0778384121128483e-4
1.866476781052846e-4
1.7147564124775906e-4
1.8117845431001286e-4
2.0660774474928425e-4
2.222272225951806e-4
2.370918541762867e-4
2.8516997438146776e-4
3.7390457407221136e-4
4.814786169801401e-4
5.85201795757218e-4
6.817312804520949e-4
7.988753409273461e-4
9.64288495023047e-4
0.0011715814561458577
0.001427110411978604
0.0017606939870026886
0.002135952362584673
0.002494878057915423
0.0029118587201736558
0.003489620915593578
0.004146023840303619
0.004756094854134471
0.005393502276979429
0.006183250175906075
0.007060657760704608
0.007893148995245004
0.008740475088249895
0.009811430595947718
0.01112925993962856
0.01241600098348681
0.013516898183135489
0.014701330599581145
0.01618646767344024
0.01774084445848979
0.019172633991475316
0.02067191083129493
0.022358173306048754
0.024129740349030364
0.025993681333975834
0.027918443340473074
0.029719099647521993
0.03158254482962202
0.034015714471464925
0.037017765019530836
0.04007015852698484
0.04282908052040841
0.04521079714409158
0.04726790683605171
0.049346857090139605
0.05185202355107393
0.05487652295415235
0.058296050575528405
0.06178700148296567
0.06491482687144237
0.06772012869709995
0.07057842109746269
0.07336513013272346
0.07597352936324249
0.07919958537709042
0.08349986839982904
0.08777009421270704
0.09085271772137161
0.09308840200262901
0.09541389287229134
0.09813639377337874
0.10100760595748721
0.10374047466395338
0.1064995794653521
0.10979888188420885
0.11350325633138
0.11674487416869687
0.11926423300226432
0.12167898689320847
0.12430118800519101
0.1267300757832978
0.12846145858006233
0.1295952640456464
0.1312067637754494
0.13417175204803794
0.13743230013629393
0.13923258426481552
0.13977942164710452
0.1404132960643103
0.14128586453728112
0.14205884160117302
0.1430210981662248
0.14399186780238413
0.14431125607481227
0.14425357633863467
0.14437008469962503
0.14425860101710453
0.14351717627642596
0.1424388175498055
0.14115929120213405
0.13960914030013485
0.13794275055643784
0.13608539238390155
0.1338495821669857
0.13151742923615758
0.1292670775378325
0.12690294559265172
0.1245857913682242
0.12233923085868005
0.1194498085115972
0.11596387598211123
0.11297936526055015
0.11020096718665393
0.10597922807801843
0.10042245532419138
0.09530160932940027
0.09095828663093089
0.08629290023337927
0.08108111609748936
0.07590931127978134
0.0708898894943022
0.06596913916516496
0.06135079758568597
0.05692312949997182
0.0523110802690756
0.04759240382745705
0.04314760647326899
0.03899958223205199
0.03487108676491972
0.030676646062161327
0.026629016105221167
0.02298212000965983
0.01980191535914255
0.016944966961219842
0.014236162028861835
0.011670397889631442
0.009389936812952433
0.007447460260484658
0.005726168382261092
0.0041999735644936325
0.0030902328907011357
0.0025537180602004323
0.0023812765524379815
0.002251115476641442
0.002139054456573258
0.002244071975007674
0.00262912345111372
0.0031597606639441143
0.003731758339560507
0.004375096457344538
0.005143460368045758
0.006009268955788686
0.006869726842406403
0.00762595493246028
0.008271517645480592
0.00887312082057905
0.009451456993230651
0.009977172776820802
0.010468713772122978
0.010934689316726214
0.011281528532527558
0.011461311853709933
0.011579068669223236
0.011693575312669043
0.011719897868732388
0.011636530955697987
0.011540654339791224
0.011453191098189541
0.01128766248685995
0.010999620324877436
0.010643028900398577
0.010320670469817309
0.010074506823156961
0.009798444089602064
0.009381196557209088
0.008901313717650412
0.008489158547761156
0.008115688790257104
0.00771564755584532
0.007327541177794838
0.006969411504512255
0.006593334763220666
0.006204700182644163
0.0058365312927810276
0.0054703815139611825
0.005107924642592966
0.004789022027937769
0.004498712014105296
0.004197488942425641
0.0039025629910587616
0.0036358837294436
0.0033818854959851347
0.003136536146126907
0.002904945954342477
0.0026751529833680798
0.002453785357836024
0.002261782025082129
0.002087054661503052
0.0019134828408601194
0.0017555697810880243
0.001615121742899593
0.001472682518283793
0.0013338737416141767
0.0012155983062259639
0.0011099008767035095
0.0010077129707415052
9.146307182363192e-4
8.285298725284996e-4
7.448924575588394e-4
6.709395179158136e-4
6.075761963707122e-4
5.462173872336659e-4
4.882631069995787e-4
4.387245467323034e-4
3.9372799338404155e-4
3.515473658955453e-4
3.148110487871713e-4
2.8059136782439243e-4
2.4701318958333577e-4
2.1823751499381604e-4
1.9391330117966496e-4
1.7023337606184447e-4
1.4904030472048945e-4
1.3191914780897633e-4
1.1567787895125637e-4
1.0014831476880857e-4
8.769834380938423e-5
7.679509995408028e-5
6.600181725414793e-5
5.707831988337012e-5
4.985870582943444e-5
4.263010129072862e-5
3.616332807665836e-5
3.107774882955801e-5
2.6166570385602458e-5
2.162520055354698e-5
1.836673653755246e-5
1.5543655439616664e-5
1.2613864634229607e-5
1.0366690456487486e-5
8.687084406962599e-6
6.94127966087435e-6
