-5.76183460514957e-7
-7.746839342405066e-7
-7.477983858357413e-7
-7.329098584139617e-7
-1.0592603857431788e-6
-1.2333723782311488e-6
-1.198526883099871e-6
-1.5791154545336837e-6
-1.9915672028764143e-6
-1.8974871226375392e-6
-2.085505575670671e-6
-2.7333905600381178e-6
-2.9189782978126403e-6
-3.1034797772112037e-6
-4.061573048114458e-6
-4.7843414172393595e-6
-5.0642466852821945e-6
-6.1784261217045715e-6
-7.507476154859613e-6
-7.856658703168344e-6
-8.509469935524708e-6
-1.0340297940542847e-5
-1.2295061953110031e-5
-1.4358184148084675e-5
-1.6695319464493015e-5
-1.8382422289404174e-5
-2.046548552745493e-5
-2.445309730754761e-5
-2.8636108131263778e-5
-3.2240277420226856e-5
-3.7429640780546066e-5
-4.405694024517338e-5
-5.0861756482801375e-5
-5.88177314645992e-5
-6.677002539777863e-5
-7.320468179893437e-5
-8.21942783376593e-5
-9.57574718964778e-5
-1.1002142107209222e-4
-1.2641516269827326e-4
-1.490732645149302e-4
-1.7452692814740048e-4
-2.0202230615993063e-4
-2.3664754775783785e-4
-2.7420143592710156e-4
-3.109560032315155e-4
-3.5741953436130644e-4
-4.1447439838299756e-4
-4.681466126924302e-4
-5.214036810459802e-4
-5.86647086801328e-4
-6.627110228550877e-4
-7.597716009064891e-4
-8.956499511351802e-4
-0.0010472863876710315
-0.0011798012930854934
-0.0013090651400656577
-0.0014648963855676935
-0.0016448861981362064
-0.0018445923119532652
-0.00206178850130736
-0.002285853473332201
-0.0025403996233588516
-0.0028553797930154718
-0.003182196587010418
-0.0034640769527400197
-0.0037456979761215244
-0.0040843736117183345
-0.00445888092387807
-0.00485110001682152
-0.005275011786274387
-0.0057086823345583555
-0.006130929663678655
-0.006580490957691322
-0.007097664251184602
-0.007660013768324456
-0.00818266283515858
-0.008610030331018755
-0.009068696376490803
-0.009735095658257116
-0.010464085755396563
-0.010957735970904086
-0.01134732685725869
-0.01199614603627684
-0.012789819652951298
-0.013355755513322689
-0.013776523008733457
-0.014368547052078537
-0.015100827257539055
-0.015779308072241528
-0.016370681476295102
-0.016884130685039873
-0.01738023397603989
-0.01803891586567999
-0.01886928925994929
-0.01968051473354624
-0.020465283799515666
-0.02128906655899243
-0.021977393956743457
-0.022525768319461428
-0.023310773171420242
-0.024326081201396534
-0.02506604113687576
-0.025575169495820418
-0.026410054989814614
-0.02739830999170601
-0.027927487881513953
-0.02829630520133683
-0.02913283794707768
-0.030093865820929752
-0.030768788689184055
-0.03169095907544394
-0.03301989507684459
-0.03394017157105017
-0.034416571504203644
-0.035532970990272444
-0.037654920017495236
-0.04013823136283544
-0.04242801457077163
-0.044056635981863795
-0.04481652700216552
-0.04548581208428141
-0.04664376938185996
-0.04744380394754828
-0.04750452763690483
-0.04823607213052031
-0.05051563018912456
-0.05331296302948883
-0.055671273965086046
-0.057835463457851226
-0.06007267828414922
-0.06181554240192649
-0.062133241039960194
-0.06131423064962354
-0.0616553107276708
-0.06452361785759479
-0.06762311997255983
-0.06867106250306168
-0.0694911722518236
-0.07231943866742581
-0.07555212603198128
-0.0768085241180153
-0.07628672216863473
-0.07548247034111008
-0.07626429880509528
-0.079905749987502
-0.08427573299306607
-0.08597985488864508
-0.0861794490251752
-0.0883212411630078
-0.09150627766280918
-0.09293044821603229
-0.0935829515227056
-0.09542123485780388
-0.09743575984118548
-0.09867095959913923
-0.10027895937950015
-0.10283325768522385
-0.1056924728290814
-0.1083966495791527
-0.11015661090461124
-0.11044019319930969
-0.11084146198075702
-0.11297936830638733
-0.11549521692261755
-0.11664367114466374
-0.11741832653083241
-0.11880411239888929
-0.11938570777241457
-0.11876451588625105
-0.1194898318863481
-0.12284903375636648
-0.12658977581318176
-0.12882499564044078
-0.1302633898721469
-0.1316107248591046
-0.1328338977171959
-0.13464615266525398
-0.1369163928811703
-0.1378023113298687
-0.1374993007196391
-0.13846221195752909
-0.14005681319822613
-0.13925146021821108
-0.1369175690608375
-0.136413948646424
-0.13754246141191503
-0.138248553014031
-0.13855199448703817
-0.13826598064791126
-0.13621987058396562
-0.1336762700599559
-0.132559466402356
-0.13133912883213375
-0.12820333147816274
-0.12483754010850896
-0.12283021096348283
-0.12093347741816181
-0.11801483249391413
-0.11426990172905603
-0.10968411332911036
-0.10469068994635612
-0.10048350187904115
-0.0969427079669256
-0.09287095148715938
-0.08825342073855051
-0.08379684910640905
-0.07950193485168502
-0.07529273466229129
-0.07131095038646465
-0.06724498874907964
-0.06291903544414958
-0.058799381374321585
-0.05505610143534953
-0.05144184583700226
-0.04805323226123408
-0.0448980557418082
-0.04155111624408856
-0.038107024805678257
-0.03518172539985315
-0.032751756401957044
-0.030338502927748194
-0.02798402459960614
-0.025945973651275083
-0.024065392062713867
-0.022110515320458025
-0.02016153919721638
-0.018436837048240756
-0.01706551529451503
-0.015935149258480726
-0.014754728833269486
-0.01345541761976505
-0.012264949108206498
-0.011281311795101315
-0.010383711594459688
-0.009520492108564548
-0.00870269477550504
-0.007903219562589787
-0.007186297681651599
-0.006650020887572252
-0.006205826564932033
-0.005709895091806902
-0.005195749267239429
-0.0047507378345177705
-0.004359880570507851
-0.00399545110945827
-0.0036661075925982353
-0.0033589746241021044
-0.003070425893274718
-0.0028282960254606437
-0.002615657494334451
-0.002384006314867425
-0.002153586096373831
-0.001979935415221566
-0.001845192260473304
-0.0016926311150155422
-0.00152749216961888
-0.001389368112646627
-0.001272517256310958
-0.0011541184895198391
-0.0010509158533354539
-9.79006577482966e-4
-9.101020794918436e-4
-8.216264998794115e-4
-7.352569631377903e-4
-6.711047366314162e-4
-6.184741403006975e-4
-5.665974453267509e-4
-5.173679071216819e-4
-4.706334590609686e-4
-4.272741443660371e-4
-3.913446862690365e-4
-3.5900978387021324e-4
-3.254269304715095e-4
-2.9538312458744385e-4
-2.711655953277169e-4
-2.4740452079388307e-4
-2.241430148319205e-4
-2.0547649583632635e-4
-1.891338009826847e-4
-1.7203611446984902e-4
-1.5606159882953352e-4
-1.4207769055953181e-4
-1.2907587881853233e-4
-1.1766517429793724e-4
-1.0755866083672596e-4
-9.744980986045066e-5
-8.832028599984477e-5
-8.092270895889433e-5
-7.385150177655501e-5
-6.698140744595187e-5
-6.110591334473325e-5
-5.5384079770731514e-5
-4.9626201239117766e-5
-4.498607910258787e-5
-4.1054297170156786e-5
-3.6973736963216994e-5
-3.346611062192814e-5
-3.0601188520521893e-5
-2.744640281649299e-5
