9.758358983384765e-7
1.1647973745017432e-6
1.3729960076040938e-6
1.603223640713235e-6
1.7686477397003173e-6
2.0584806745726356e-6
2.4670829721677237e-6
2.899636858924195e-6
3.370240409998851e-6
3.7973752708782543e-6
4.333571588273019e-6
5.019460656696897e-6
5.8965381077850094e-6
6.85407436852808e-6
7.753067440041138e-6
8.868484706241802e-6
1.0034551929796733e-5
1.1639870085430684e-5
1.349818560133334e-5
1.5423807390077167e-5
1.6740780396367485e-5
1.8347167912942704e-5
2.1396221163902977e-5
2.4945944774634844e-5
2.8209559952100032e-5
3.170325449548616e-5
3.351625098458136e-5
3.8672650712150096e-5
4.398106082505262e-5
4.9464058184348384e-5
5.351004119375975e-5
6.070094704491223e-5
6.834391289068814e-5
7.644882185980425e-5
8.49708937611378e-5
9.220499737209046e-5
9.818232566200228e-5
1.1049366998923193e-4
1.2267411156513986e-4
1.3064676298317856e-4
1.418656359039408e-4
1.5475416447375471e-4
1.712104594089582e-4
1.877735568445574e-4
2.0170303359772867e-4
2.0118035542660912e-4
2.0929923748028118e-4
2.2403643440547253e-4
2.42901781377068e-4
2.4626900428039534e-4
2.5689244344224353e-4
2.554978035648307e-4
2.5348088855051045e-4
2.517011311807279e-4
2.587117599523828e-4
2.456173884132866e-4
2.384029630334411e-4
2.250166079366969e-4
2.2537931976343171e-4
1.9980191245372783e-4
1.6692064202571063e-4
1.6552683961444816e-4
1.5087770766138183e-4
1.3804217261444076e-4
1.0083970922353517e-4
6.191336690116706e-5
8.513126560431538e-5
1.2583749758965194e-4
1.1688893372414563e-4
1.3586351174797403e-4
9.371872548884853e-5
1.2011290889412253e-4
2.4065501220354437e-4
3.8056591331757573e-4
4.6602374266571623e-4
6.90788529710564e-4
9.127997731090598e-4
0.0010386129965249083
0.001364106293365663
0.001693471792513264
0.00203171695866003
0.00246603118077138
0.0030367500148188575
0.0036552897128822974
0.004320049856776174
0.0050307117633534015
0.005680295973782938
0.00636389305819503
0.007207004605157908
0.008211448887242172
0.009239039253167578
0.01037385267084955
0.011889750883024918
0.012996498573039845
0.014194780404355855
0.01570159703786224
0.017326000188944184
0.018982504072129845
0.020618206998009384
0.022342914036732157
0.024158712194825654
0.026301658139981615
0.028479933005991886
0.030544392231019082
0.03260831270399714
0.03486504167467606
0.03745256213019479
0.04002757938121193
0.042553903102273166
0.045145332035028365
0.04814819663544442
0.05177767127099472
0.05384688222276234
0.056615005894182203
0.05974496961480514
0.0630601877769943
0.06629358056896514
0.06936723256572974
0.07244434109126087
0.0761392181448987
0.07949792011297033
0.08244398132888953
0.08611917991739167
0.09153205271498327
0.09571015887783656
0.0967343391877576
0.09989601816096058
0.10294144612407521
0.10660626291543786
0.1098413194351901
0.11298734361122183
0.11610510231039421
0.11999882218602963
0.1226016557641886
0.12559859381211858
0.12831850271699274
0.13093722404355146
0.13390184839710517
0.13626036635834038
0.13876400637416006
0.14115190871025468
0.14336653794035403
0.14622743465614374
0.14720157692527996
0.14894075335757895
0.15043858103912475
0.15144392817508393
0.1522764134921179
0.15308268382660312
0.1543741251211843
0.15603168892058958
0.1558339888368276
0.15544845854959954
0.1570945904952627
0.15544366473556415
0.1535252572505122
0.15157880448218294
0.15084451728933096
0.1492928620239097
0.14818699484141074
0.145006328188598
0.1430281876707558
0.1407070717182947
0.13761453675842517
0.1345917657732159
0.13163486280503625
0.12889074051496652
0.12494238429102596
0.12068877881866433
0.11691845283346221
0.1139475859721918
0.10970505785473153
0.10408926053288167
0.09908445189879213
0.09429163251470202
0.08901384903785176
0.0837719144339538
0.07907961644075756
0.07376571797236103
0.06857245351948929
0.06337132024517626
0.05826995355435876
0.053136972587378845
0.048652023865250714
0.043456630036366226
0.03872897759704388
0.034119345480653616
0.030135093006984172
0.0257527770751922
0.021491612292839996
0.01796386199419145
0.014709584912625423
0.011944283267372027
0.009337508866618112
0.007125823329744025
0.005422031920701916
0.003470612348613773
0.00217213096097377
0.001238736960990439
7.338191660305085e-4
5.49330190156465e-4
7.144616915935815e-4
8.404617183500446e-4
0.0011985113379136018
0.0017923995428957167
0.0025753359752012607
0.0033441910241875155
0.004265687891776509
0.005254333115764129
0.006209306720057191
0.007252343783109174
0.008213661020642764
0.009007532334249106
0.009658822840992749
0.01040901457042628
0.01103596106871667
0.011610169963708807
0.011999458487735959
0.012409942663027192
0.012601596722698187
0.012781964327605621
0.012862629388741465
0.012885563996893922
0.012847323116967896
0.012751036879392642
0.012542311037983683
0.012309442892398208
0.011996732347022969
0.011717375966812688
0.011394302257542437
0.011035020513446046
0.01067275494160139
0.010218072806055295
0.00978041623775425
0.009349866660437009
0.008880174408898985
0.00846123868606771
0.008071277208339151
0.00762842175399921
0.007168579000046717
0.006767511825197259
0.006375667720374256
0.005950260481711588
0.005595327892951751
0.0052365827640131635
0.004906846455221631
0.00456488844547146
0.004244693453627227
0.003953925696187742
0.003672532153098176
0.0033979212875117027
0.0031440028775027375
0.002908476657202944
0.0026799610391063256
0.002459465797236467
0.0022585100087223744
0.0020781727981742677
0.001901062994289252
0.0017415732967504
0.001585315929911406
0.0014471248657948474
0.0013113198333591118
0.0011967242773039512
0.001088378314310976
9.84060874397552e-4
8.904854679992878e-4
8.042855434798934e-4
7.246743973826972e-4
6.534293869993773e-4
5.871808100479256e-4
5.273566452596548e-4
4.717598780574423e-4
4.234376968138908e-4
3.787677907782065e-4
3.368406400114146e-4
2.9798771124601466e-4
2.6485171635740555e-4
2.3457778466494747e-4
2.0660817283096853e-4
1.825321938460204e-4
1.611133481539556e-4
1.4076391588938887e-4
1.2308450502379506e-4
1.0723169795147513e-4
9.346944021485934e-5
8.126746301439635e-5
7.035235854516898e-5
6.05572154942317e-5
5.1910809713521706e-5
4.41549876194008e-5
3.7917901507027784e-5
3.205941718481985e-5
2.700750286505015e-5
2.2651988768825948e-5
1.902187022762815e-5
1.5657177438258394e-5
1.2890088024636019e-5
1.0572904086818583e-5
8.57968393588405e-6
6.889901588363655e-6
