-4.145692210979885e-7
-4.824239550366066e-7
-5.526309406578488e-7
-6.24116616487704e-7
-7.345818889540438e-7
-9.495416215209821e-7
-1.0920140729343852e-6
-1.2449354459919798e-6
-1.4106042927326293e-6
-1.650154312977018e-6
-1.946452404296974e-6
-2.3867839009076036e-6
-2.738177001323312e-6
-3.1216261226267506e-6
-3.554606703169681e-6
-4.247708413830394e-6
-4.941797466609719e-6
-5.795493875432692e-6
-6.600890405026863e-6
-7.427884433530026e-6
-8.720512555516828e-6
-1.1029486974201612e-5
-1.2855033378883152e-5
-1.4370896028457787e-5
-1.6331272165621478e-5
-1.8432240463034073e-5
-2.2677076033402024e-5
-2.6466705514984674e-5
-3.070652913938017e-5
-3.438068627335235e-5
-4.129209603169125e-5
-4.77011676685857e-5
-5.5306374330935995e-5
-6.312002384122421e-5
-7.19049732452724e-5
-8.215963542784304e-5
-9.940046096101414e-5
-1.1435756978814328e-4
-1.2981925155484083e-4
-1.4367982361090936e-4
-1.7090074034687862e-4
-1.9945147826480378e-4
-2.2708826218806555e-4
-2.574416375564527e-4
-2.92658018225188e-4
-3.342640456117996e-4
-3.941808018453654e-4
-4.534272051640437e-4
-5.0840921423305e-4
-5.849061302729083e-4
-6.641211650513397e-4
-7.515120767250998e-4
-8.690804741123533e-4
-0.0010023272890304
-0.0011227144831054375
-0.0012794532757846393
-0.0014459329677171716
-0.0015876614934334783
-0.001806582969172044
-0.0020339912209654852
-0.002307926942333399
-0.0025545571911471734
-0.0028380024455694633
-0.0030871416506950307
-0.0034505903565756023
-0.0038335189974823365
-0.004169551871184063
-0.004537303776128161
-0.004929721697131462
-0.005337101909327133
-0.005813361961663387
-0.006324280803045352
-0.006799754332297457
-0.007237326587887112
-0.007769398442328958
-0.008380381837091904
-0.008888735379762145
-0.0094146139217944
-0.009900888562074658
-0.010552434712208961
-0.011194964643536743
-0.01162680708778173
-0.012204627415865641
-0.012841592927857859
-0.013413967213667525
-0.013888591071003462
-0.014535701506545274
-0.015254290883863535
-0.016038729447593207
-0.01662690237437678
-0.01738528501578322
-0.017712788894228754
-0.018300258265271426
-0.01920466626903234
-0.019996197173045765
-0.020647486888774654
-0.021123487807745422
-0.02179992692855841
-0.022563530549830728
-0.023402005864501255
-0.024141047233688998
-0.024763807051560265
-0.025975285849928625
-0.026965405883299598
-0.02755337520072027
-0.02827113047383102
-0.0288992801268476
-0.030313029109588333
-0.03146682818174895
-0.032494001709424084
-0.03294758550638576
-0.03348544360618498
-0.034612054794990396
-0.035830198998817835
-0.03647974380320145
-0.03728699542387755
-0.039337105044784666
-0.04088535644383128
-0.04158231074804843
-0.04164673888997868
-0.04360123090887706
-0.04485810255569686
-0.04519067305295557
-0.04565584165308532
-0.04725245101484699
-0.0508266593819382
-0.05187548140463303
-0.05249115152048159
-0.05396684040951091
-0.05497015192976525
-0.05670745778741763
-0.05912233974258854
-0.05869497282556663
-0.06032562581778098
-0.061974936702748736
-0.0631321687529228
-0.06563948725017504
-0.06646338044659678
-0.06796770546971914
-0.06938031277068327
-0.07091031313459421
-0.0732467550698225
-0.0724515131223476
-0.07393603782952404
-0.07710249104086314
-0.08112437896445408
-0.08345348116913824
-0.08453180891223605
-0.08539335651458507
-0.0868460338950412
-0.0870559942328406
-0.0890475252085202
-0.09054416348577375
-0.09093995279925848
-0.09557986729684981
-0.0983403762553517
-0.0994379870359246
-0.1017523347823141
-0.10407751716743043
-0.10396251763507272
-0.10766537010956423
-0.10875732542524266
-0.11076743207705805
-0.1131134204028147
-0.11401831945674597
-0.11679319804423832
-0.11866872834595033
-0.12118023209070039
-0.12218938940095889
-0.12392630242305394
-0.12387663610474582
-0.12628622602009604
-0.12948604149531245
-0.1317563724049413
-0.13412657713238085
-0.13601290265161042
-0.13697781703170858
-0.13826802800772026
-0.1411114064206199
-0.1415583350262203
-0.1414885445550496
-0.1425740977244188
-0.14357048571363434
-0.14313308618461631
-0.14522567600065278
-0.14451155167149626
-0.14584277250092065
-0.14477745597416106
-0.14488814884494816
-0.14404766803926977
-0.14280763043683964
-0.14197851010035012
-0.14048703999533058
-0.13764053364806747
-0.13538912935074374
-0.13192692250266463
-0.13037692969947748
-0.12689821070637347
-0.12238986268189639
-0.11951807594212045
-0.11523057266413436
-0.11035898844555733
-0.10562338096002025
-0.1018818055799893
-0.09729013218097166
-0.09222362078327695
-0.08755754408735744
-0.08309485778044157
-0.07834519931805708
-0.07362314384369334
-0.06904687594827402
-0.06474717289260293
-0.0604593995214158
-0.056685275600610305
-0.05295247765260754
-0.049137883009650093
-0.04532135514768433
-0.042130970665190934
-0.03895213615697321
-0.03592129986080327
-0.03304673810577857
-0.030784058405271746
-0.028279850616632202
-0.026044216238005753
-0.024150052046326486
-0.022210121747129295
-0.020139528858488492
-0.018557194346985002
-0.017207262200596696
-0.015784650232139458
-0.014446500831062338
-0.013329242438986989
-0.012129970538546189
-0.011169356486577652
-0.010300212404771528
-0.009381592891912208
-0.008607864087907282
-0.007910624627480527
-0.007190789333933175
-0.006578917737912039
-0.0061062932399033
-0.0055595355943525195
-0.005090107816200333
-0.0046596851345417955
-0.004281201053876577
-0.003918825895226624
-0.0035659090257361076
-0.003268629935457826
-0.0029956229509362797
-0.0027529993263428146
-0.0025033809021885595
-0.0022916583206440046
-0.0020927551365673997
-0.0019036559610309904
-0.001769214226969361
-0.0016186880501233058
-0.0014668470914645762
-0.0013430169734710198
-0.001227250382482858
-0.0011155352748572532
-0.0010264056441682827
-9.517739221391079e-4
-8.697390224598315e-4
-7.887444537802773e-4
-7.170393399621282e-4
-6.565619611565107e-4
-6.041724754693449e-4
-5.527719433796927e-4
-5.040431338625447e-4
-4.608289058207754e-4
-4.201117093666167e-4
-3.8357210737886794e-4
-3.4965735772330363e-4
-3.197659354164594e-4
-2.911757682753266e-4
-2.6734147156459e-4
-2.4582903013639374e-4
-2.241299752785806e-4
-2.048583263573934e-4
-1.8607871308103926e-4
-1.6935015940149718e-4
-1.551523975238383e-4
-1.4173571996736306e-4
-1.3021521305758003e-4
-1.183143100320206e-4
-1.0744610494549029e-4
-9.812919498142353e-5
-8.91633144592797e-5
-8.123083649675993e-5
-7.383143852711956e-5
-6.749260600311707e-5
-6.141343539964204e-5
-5.582790052698414e-5
-5.0745927126145234e-5
-4.587249997860776e-5
-4.181006876030076e-5
-3.781969924808822e-5
-3.4142489619017055e-5
-3.092217676614093e-5
-2.7900593482519128e-5
