1.1760952527897955e-6
1.1747865955700654e-6
1.0647807871080783e-6
1.5267351743564878e-6
1.7973881311961252e-6
1.6182665914033853e-6
2.1155359197883254e-6
2.8113201416919054e-6
2.712026088826627e-6
3.0793335840684777e-6
4.155631455083255e-6
4.298629757443145e-6
4.5069566083115145e-6
6.092614505608264e-6
6.953690708517291e-6
7.067254838694409e-6
8.931953633773358e-6
1.0721443236422833e-5
1.0797565655458542e-5
1.2672813739896182e-5
1.5996745605920847e-5
1.6828868868444646e-5
1.7880945628395898e-5
2.1353026476791283e-5
2.298940022337891e-5
2.487495288860356e-5
3.1856400504869965e-5
3.774750428242989e-5
3.9902773566857596e-5
4.6480582251932556e-5
5.476467185148626e-5
5.795264068270298e-5
6.55207089310945e-5
7.943552308988079e-5
8.502000163834587e-5
8.649413761355274e-5
9.816918469908696e-5
1.1146944788759463e-4
1.2211244834889367e-4
1.428265180997817e-4
1.6543251257808035e-4
1.7891839576909802e-4
2.0073807870249664e-4
2.3050840282864046e-4
2.471598227430433e-4
2.6807446943020785e-4
3.1016023004232533e-4
3.425535882471631e-4
3.6043874873421697e-4
3.940242039328414e-4
4.289376155461584e-4
4.51965728934625e-4
4.951411437374076e-4
5.421984183552102e-4
5.575425333417879e-4
5.941837359929016e-4
6.773336037754334e-4
7.335942452184991e-4
7.74646882573784e-4
8.823681550994896e-4
0.0010067384903768742
0.0010754040656302123
0.001139835187851829
0.0012136898727676346
0.001266593244071556
0.00137181690507824
0.0015274761390816965
0.0015809110835372274
0.0015538554166248746
0.001613052132359949
0.0017189069023856361
0.001755319327894903
0.001760602245961931
0.0017596152713803723
0.0017671144697606104
0.0018844919621672411
0.002034495709592678
0.0020481660580269224
0.0020966402469247388
0.0023393583870277017
0.0025134131244237143
0.002563735223332348
0.0028282343143986415
0.003187632014850965
0.003206703149560675
0.0030651651889892126
0.0031761012803085344
0.003437355099992767
0.0037147178266543263
0.004180917199980457
0.004814645402337433
0.005416509123287855
0.005958796559485979
0.006411001415089173
0.00673898449616435
0.007164928680002942
0.007905680725289889
0.008857887380564158
0.009781988357833235
0.01060083650536175
0.01151289881876669
0.012545533984201721
0.013086414558789944
0.012931185424472925
0.013229362038055007
0.014741365925628608
0.01669751661377842
0.018826712087683672
0.021537504824576167
0.023728273120934482
0.024678755970055102
0.026532748259883398
0.030201008987324782
0.03289170166049892
0.03364397617571827
0.03488793817696914
0.03669563680401656
0.037383230855246814
0.03862283447222148
0.042039194679083486
0.04501596036110421
0.04608038558231697
0.04772132421592403
0.050562263849563555
0.052522393246575705
0.053964633799474436
0.056726260054430676
0.06023089335619884
0.06298503821766518
0.06468380976926484
0.06571589251766238
0.06722069382250062
0.06981629662738147
0.07179776928914547
0.07220769072962417
0.0733647649148601
0.07672733966426024
0.08098252421803455
0.08589846250613384
0.09174987117349466
0.09605154851975158
0.09720185717813472
0.0977418270874283
0.09968248827668957
0.10209023921326507
0.1045617561393803
0.10715333571294967
0.1087731930832424
0.11022839353846746
0.11411492668250467
0.11930984852654017
0.121775747081972
0.12084609228090451
0.11905605470277597
0.11786349079582105
0.1171234126121279
0.11570775107911634
0.11271891977440973
0.11122705733830938
0.11599126275410249
0.1240455138344715
0.12600141527456266
0.1200768667652545
0.11465460149209306
0.11465652371725465
0.11617440468327195
0.11555891271430693
0.11361715635324073
0.11101046125527238
0.10778846951310116
0.1058897008123337
0.1063338813480112
0.10706830718883925
0.10687740861878332
0.10682223616065055
0.10645194780186032
0.10417053036748619
0.10146296504211225
0.10104518380172738
0.10160559586517444
0.09956303462893498
0.09466236862629633
0.08964343987057752
0.08610693727406481
0.0836622559109972
0.08126724508773492
0.07773963234389027
0.07283406979087495
0.06823166828080668
0.06556782372868428
0.06402561543730527
0.061712607265822776
0.058211488880119615
0.054117902798253216
0.04976292208605314
0.04589697767032595
0.04369604957703175
0.04280755021657386
0.041339805225644705
0.038623164406201754
0.03595952867800929
0.034237943612505414
0.0329420422847292
0.03166751166549366
0.03052937178947679
0.02904716969921668
0.026505524349495855
0.02340565130385057
0.021088367681113416
0.019991874587039573
0.019312860416426672
0.018231306944554982
0.016734832705061733
0.015317539307128836
0.014314208545383462
0.01361322038698977
0.012929967154681433
0.012220589680139114
0.011641811158846833
0.011191540410844551
0.010676625712667729
0.010004839075093513
0.00926468745773707
0.008573925858614842
0.008036878241742816
0.007746557115004522
0.007676381879116137
0.007664102378187409
0.007561910850310235
0.007306339434579645
0.0068881568954056544
0.0063879562352516205
0.0059605985091064845
0.005664016308716319
0.005396328392191971
0.005074758868212351
0.004760437625171596
0.004544327085542763
0.004405505721122123
0.004243031672827332
0.004000607564177719
0.0037088276699659296
0.003421074318698151
0.00316173320221514
0.002935343323340047
0.0027327075028240116
0.002539877232725289
0.002378517114347394
0.002280949101627574
0.0022027480727299068
0.0020616218864083742
0.0018671099456042477
0.0016921758485765883
0.0015487209778832845
0.001410560094614601
0.001293112321417306
0.0012110624162506402
0.0011360058690221353
0.0010490064851560624
9.587858341164372e-4
8.675695294704557e-4
7.803464379033973e-4
7.114638765954099e-4
6.512005559499523e-4
5.805322978568509e-4
5.14163636800659e-4
4.723467302518699e-4
4.4095966264021586e-4
4.028359215149438e-4
3.659360916240291e-4
3.372298993517066e-4
3.0928808700995665e-4
2.784324460975445e-4
2.4836171870893953e-4
2.2117225771294764e-4
1.9719493245485856e-4
1.759839751821608e-4
1.5692367727300268e-4
1.41716791075833e-4
1.3044968136043594e-4
1.1887409130586046e-4
1.0537481347514744e-4
9.267960489123551e-5
8.159052179899301e-5
7.177299546202435e-5
6.451143999083976e-5
5.876395300580064e-5
5.179966228315733e-5
4.457062128145719e-5
3.906156832163244e-5
3.4283186557282796e-5
2.979800211547866e-5
2.666812767815975e-5
2.3809582944943858e-5
1.9897810314123817e-5
1.6460286877552043e-5
1.4572385207656075e-5
1.2925735068147058e-5
1.0985808622683648e-5
9.509361821634594e-6
