-1.088626040091704e-6
-1.3235169618816308e-6
-1.4374871333695887e-6
-1.492836475751154e-6
-1.787756537959465e-6
-2.0738336202329797e-6
-2.209344360610357e-6
-2.5515742634454586e-6
-2.9436381186612228e-6
-3.08320233562118e-6
-3.471518004411462e-6
-4.194538817155381e-6
-4.5897855325648855e-6
-4.976490297962417e-6
-5.9224555191998275e-6
-6.703938729656334e-6
-7.160287893845211e-6
-8.24693844306979e-6
-9.59988454626023e-6
-1.0487634292658156e-5
-1.1759049375544344e-5
-1.3514134665936872e-5
-1.494469027431444e-5
-1.727867794451395e-5
-2.1279742463661296e-5
-2.473793681644899e-5
-2.7166699916644255e-5
-3.061050093756684e-5
-3.448998567977172e-5
-3.76597126495126e-5
-4.2246755536453525e-5
-4.885482349292901e-5
-5.493237957731239e-5
-6.024216730822919e-5
-6.6747819983759e-5
-7.617469471354699e-5
-9.066835994550108e-5
-1.0871285500265232e-4
-1.2443530334295763e-4
-1.376537808846257e-4
-1.5354190200221653e-4
-1.7132749700009297e-4
-1.883912400735699e-4
-2.0939274180606515e-4
-2.383740020787617e-4
-2.710381994750081e-4
-2.999133220612156e-4
-3.242129772413281e-4
-3.580973997104411e-4
-4.151928080211154e-4
-4.815331876243836e-4
-5.415151734979085e-4
-6.165795529052875e-4
-7.185598894499086e-4
-8.125557246209933e-4
-8.90424541427137e-4
-9.92415340941987e-4
-0.0011160463183172709
-0.0012236261065235667
-0.0013314754267975215
-0.0014757442641917154
-0.0016518595930901708
-0.001845134048324559
-0.0020327210819336894
-0.002204132932900965
-0.0024275138893626626
-0.002732848561226124
-0.0030261061402038977
-0.0033366402163035836
-0.003790382722007757
-0.0041856684646270036
-0.004296803357040837
-0.004534208795844504
-0.005298896207212518
-0.0061215845641924135
-0.006561591124623691
-0.007011356794177388
-0.00766515091367449
-0.008168789846090286
-0.008733740272705806
-0.009742852212394387
-0.010607803136139822
-0.010957477732479988
-0.011687615226623888
-0.013202605219087159
-0.014634811310777363
-0.015648959443569945
-0.01661263837774076
-0.01727290916674017
-0.017575698398985103
-0.01834776871634328
-0.019605395738306823
-0.02061445532050027
-0.02189332835075553
-0.024059323470579444
-0.025822470020229044
-0.026289725950769224
-0.026914135002442375
-0.028602217670470807
-0.030116679344714094
-0.030915783045327567
-0.03205464835382603
-0.033856195901467455
-0.035837246151532456
-0.038045720407316026
-0.039923248215988666
-0.039987061208815775
-0.03882100268955881
-0.03940402400177867
-0.04243275090378715
-0.04485502948939436
-0.04511158597869805
-0.04562519519113721
-0.047737715565376614
-0.04923316573368997
-0.04960726514622157
-0.05187682952593309
-0.056373722590953065
-0.059289451621785415
-0.05951604807614168
-0.0601552492656221
-0.06251386119639384
-0.06505953613477598
-0.06724817219327285
-0.06898836468883499
-0.06915763671116801
-0.06838825108385567
-0.06938859551808796
-0.07272982202908528
-0.07616630144046947
-0.07796730348472505
-0.07831400740015369
-0.07896720409808267
-0.08207799286704406
-0.08714060004283751
-0.09066729289338925
-0.09063202738293373
-0.08840379927956386
-0.08605037228303179
-0.08495050560354934
-0.08574680328011239
-0.08749790349323518
-0.08906241525898233
-0.09072471515536196
-0.09189568946831177
-0.0910205867385446
-0.08977787044291834
-0.09103023473377014
-0.09243355031691189
-0.09004286153147285
-0.08635342776564409
-0.08680849133601684
-0.09172330605022826
-0.09746910170050614
-0.10131595099791565
-0.10251574943810071
-0.10262981797367494
-0.10376115785423254
-0.10407583328193538
-0.09993034793884566
-0.0934709172909022
-0.0910420242900873
-0.09379208291755689
-0.09663860488092939
-0.09602080617492428
-0.09348354921621899
-0.09223842213823841
-0.09328624956831928
-0.09510536878429289
-0.09615917372376706
-0.09636789921870051
-0.095749220591851
-0.09388630072229674
-0.09139218119991444
-0.08953254862106975
-0.08856225075343102
-0.08791651300801594
-0.08650103095926
-0.08297181841871155
-0.07839750637612707
-0.07641736491970111
-0.07789207046332942
-0.07945412130462837
-0.0791038224123686
-0.07794462639706641
-0.07666418486468016
-0.07571277892535051
-0.07638007509480935
-0.07766997486104685
-0.07687721501314529
-0.07484500524650059
-0.07440763667247548
-0.07473501720804049
-0.07365598956780106
-0.07214663654179178
-0.07123236333832524
-0.0693552492302216
-0.06604642349881194
-0.06305595033596212
-0.06104117992997868
-0.05940935773942794
-0.0580677361667866
-0.056558544026095274
-0.054030830303047964
-0.051068907683580196
-0.04899925595478892
-0.04810669260167167
-0.04815038589646184
-0.04861678954119964
-0.048091632189914794
-0.04587861849272213
-0.043409589067119156
-0.041943054553131846
-0.04069349288567809
-0.03866757134679396
-0.03620773791453762
-0.034001207182510984
-0.03220626262783032
-0.03059183666957317
-0.028837677433063324
-0.027098963536960775
-0.02595348331050511
-0.025280040185544517
-0.02426165581541736
-0.022756072482872404
-0.02125061088250297
-0.01972281135617227
-0.017982966300901616
-0.016424302586641213
-0.015303739656700401
-0.014269034733550826
-0.013182996124289442
-0.012309691620567215
-0.011604290360675323
-0.010817241420033567
-0.010018972771420134
-0.009318274553539934
-0.008569111534142967
-0.00773775820710774
-0.007012347666572326
-0.006454269981445641
-0.005986199726553685
-0.0055954568281567025
-0.005249615436151493
-0.004850699357632479
-0.004414380155226011
-0.0040368760591000035
-0.003694067260325266
-0.003321280051205413
-0.002990237896118789
-0.0027869126754363777
-0.002642684662198992
-0.002450374892873323
-0.0022150295384579547
-0.0019861845869265566
-0.00177178028210081
-0.0015796534520862993
-0.0014326089637064629
-0.0013203645559638057
-0.0012161146943545707
-0.0011202679205626995
-0.0010350471263771118
-9.456906479343659e-4
-8.55934640583233e-4
-7.840862319982719e-4
-7.21548939447849e-4
-6.483408713132043e-4
-5.712372035092038e-4
-5.078968450682498e-4
-4.600898202841742e-4
-4.2042346641996717e-4
-3.814963061188294e-4
-3.3966509031646574e-4
-3.0189505119492395e-4
-2.7541427771300665e-4
-2.53723568154571e-4
-2.2931512552587657e-4
-2.0503551235693748e-4
-1.8235607629964767e-4
-1.59308632068545e-4
-1.4022533497340392e-4
-1.2842395419663768e-4
-1.1849478126630467e-4
-1.0702607323856395e-4
-9.642736249905924e-5
-8.661898781232031e-5
-7.673574192978562e-5
-6.889337298033903e-5
-6.258361766695956e-5
-5.542938211006297e-5
-4.9115686605021014e-5
-4.4933621905766974e-5
-4.028309045022504e-5
-3.511212326736629e-5
-3.19638430043468e-5
-2.9682409862193767e-5
-2.6232451520886593e-5
-2.3114927008905042e-5
-2.1231334221109173e-5
-1.9146232515876777e-5
