1.7490003893518588e-5
2.0157256332831792e-5
2.3208521345697064e-5
2.669522744215522e-5
3.067505931029499e-5
3.5213638246055904e-5
4.038393338826959e-5
4.626719339346995e-5
5.295542888331066e-5
6.0551007697090575e-5
6.916725348080537e-5
7.893174596529352e-5
8.998644975279085e-5
1.0248777687141992e-4
1.1661064852644339e-4
1.325495548009241e-4
1.5051757091382177e-4
1.707502485351277e-4
1.9351081705824185e-4
2.1909659454373654e-4
2.478222978390733e-4
2.8003737201795563e-4
3.161272164004665e-4
3.5651442073985094e-4
4.016653851087131e-4
4.5208832826783437e-4
5.083370778487718e-4
5.710205232883987e-4
6.408007796869373e-4
7.183954913269725e-4
8.045899066145844e-4
9.002359566163854e-4
0.0010062522656381374
0.0011236380706246048
0.0012534752803109832
0.0013969249859545566
0.0015552423729226594
0.0017297826609526553
0.001921994122620476
0.00213343167721815
0.002365767578683787
0.0026207799569834458
0.0029003620547427456
0.0032065209193201057
0.003541305361641301
0.003906694754022083
0.004305484800852457
0.00474125361107984
0.005215913188696197
0.0057320938581351556
0.006292849454950252
0.006901364564709226
0.007560972659170089
0.008275153718284464
0.009047509924943228
0.009881807383323293
0.010781973712106877
0.011752029766832383
0.012796148017971553
0.01391863786813059
0.015123903012849249
0.016416454871376468
0.017800916057736968
0.019281963374233078
0.020864335606094703
0.022552741294896456
0.024352467183408357
0.026267759282000258
0.028303512135939738
0.030464303834905813
0.0327539099179401
0.03517374905216384
0.037716976706319655
0.04037840963064723
0.043221204690962384
0.04624085255468068
0.04941075901090876
0.0527327493982092
0.056211131233464814
0.05984933384699842
0.06364984377984814
0.06761427317516122
0.07174410912048304
0.0760387933650275
0.08049748077630017
0.08511872354868605
0.08990018388759788
0.09483873214628286
0.09993021853850362
0.10516914168876633
0.11054966872252044
0.11606660830907681
0.12171095310835321
0.12747273736744036
0.13334125642448408
0.13930521673462343
0.14535371528623175
0.15147152729046323
0.1576402028601089
0.16383719464492957
0.17005707529333103
0.17629284571541537
0.18251411666852246
0.1886997010387187
0.19482551309365412
0.20086887990732255
0.2068070068483987
0.21261624532313272
0.21827169187666878
0.2237475772281357
0.22901585248818165
0.23404373968070585
0.23885457120855652
0.24335022370921672
0.24754288679219966
0.25139765871094233
0.2548889449286554
0.25800924153220145
0.2607255099345214
0.26301057766384633
0.26484370907567406
0.26620528596193843
0.2670776811897664
0.2674446892849647
0.2672899900432433
0.2665961410120316
0.26536052698247825
0.2635936443016024
0.2612800868793754
0.2584137874722181
0.2549917768174837
0.25099678413309023
0.24638658151245543
0.24127231177362055
0.2357541591971047
0.2297574825591723
0.22328099222121703
0.216349780821883
0.20899206687503336
0.20123432919384016
0.19312338679470414
0.18490933062982098
0.17627256286856918
0.1673709278730765
0.15829007026578315
0.14907496112610213
0.13977229638192817
0.1304262256938086
0.12106560159696975
0.11165953793689401
0.10225021459327449
0.09316919233940124
0.0843648268740086
0.07580801291283745
0.06754858621543515
0.05961853882179023
0.052057872592388095
0.0449055254515582
0.038196939578067815
0.03196235191512351
0.02622697520844985
0.021012794192774374
0.016416606208776066
0.012745093607321466
0.009277301068448165
0.006306583596659133
0.0039493611280408325
0.0021920877373978413
0.0010186069239238994
4.179698747143876e-4
3.740246323772476e-4
8.616561778888961e-4
0.001858067139797153
0.003338669987515665
0.005275320323907094
0.00763774057893428
0.010396129272084087
0.013521278789989589
0.016986277478438994
0.020770888663205672
0.02486799211680339
0.029244196786660778
0.03314566439907814
0.034973852092426726
0.039055684111384284
0.04379176923311233
0.048442906194062337
0.052949202220536874
0.057281045244826946
0.06149293725313112
0.06556680362387951
0.06946135887820487
0.0731573123537573
0.07663549303570075
0.07986434160029407
0.08283519570333972
0.08557621008846907
0.08804594468455644
0.09021744434844925
0.09212221209414359
0.0937273102533076
0.09489518779793285
0.095814079538559
0.09659291993218322
0.09711815991063832
0.09735523278853304
0.09731629326600692
0.09701962508650719
0.09647829905572647
0.09570381347438875
0.0946860752564766
0.09344212238651818
0.09203889323757562
0.0904361726433458
0.08873348573242537
0.08688967554087518
0.08490836085462491
0.08280860551946252
0.08060382681195578
0.07829448059682156
0.07589757840154511
0.07348218602299549
0.07102087953091356
0.06849019159599017
0.06579995601674915
0.0631185013934332
0.06063669140372098
0.05815119515859322
0.05568080724191847
0.05326494928990708
0.0508668355230733
0.04848536798096942
0.046139324751646345
0.043840908728701354
0.04159445947365218
0.039396632443871676
0.03720822871497653
0.034958053154849275
0.03293951294250399
0.031084094381890554
0.02928928358070113
0.027549295087289056
0.025869328441685647
0.02425578892048784
0.02271184994811366
0.021238264293817383
0.019834817615021098
0.01850058261780874
0.017234397605866224
0.016034236342744215
0.014895643479438638
0.013816082240218209
0.012811258352238387
0.011868777257191406
0.010971839858261261
0.010108595415107113
0.009331791655739788
0.008609728083647112
0.007930964116565697
0.0072969856650594595
0.006704978302515352
0.006153387294164573
0.0056409663733296145
0.005166497056152713
0.004726504734248252
0.004318417517422847
0.00394069890133842
0.00359287032453443
0.003272441554947279
0.0029772353490922325
0.0027055992658784555
0.0024559635187890875
0.0022267970989955956
0.002016566409823806
0.001824429470079608
0.001650711350778339
0.001492412599984689
0.0013469231104432362
0.0012127042341728575
0.0010848862375505606
9.695367453053261e-4
8.746308260062455e-4
7.87045833171507e-4
7.069057704502529e-4
6.338856600601901e-4
5.676066695489061e-4
5.076997505471738e-4
4.5364437267968096e-4
4.0488129665590395e-4
3.609803839625032e-4
3.214971370716276e-4
2.860330386134075e-4
2.5421447937045e-4
2.2568401332891672e-4
2.000984124137001e-4
1.771182470449562e-4
1.5638183600039533e-4
1.3816878508911783e-4
1.2222589822055545e-4
1.0799450729856441e-4
