-7.149162253710699e-6
-8.2509237348217e-6
-9.51446004733917e-6
-1.0962551866064663e-5
-1.2620448201148305e-5
-1.4516833102367542e-5
-1.668454060555771e-5
-1.9160011071810206e-5
-2.198427095471743e-5
-2.520419386352718e-5
-2.887190385152666e-5
-3.3045638876996234e-5
-3.779169285058126e-5
-4.318392517030278e-5
-4.930434358536745e-5
-5.624579507113027e-5
-6.411183852357787e-5
-7.301742831959402e-5
-8.309516071949974e-5
-9.448850647432699e-5
-1.0735183665702359e-4
-1.2186466852106154e-4
-1.382266939955704e-4
-1.566568460113253e-4
-1.7739852504234215e-4
-2.0072319857883259e-4
-2.2692905533758438e-4
-2.563458149614335e-4
-2.8934048726443547e-4
-3.263159577221613e-4
-3.6771523372528436e-4
-4.1402973671515644e-4
-4.6579861885482086e-4
-5.236119780337989e-4
-5.881219929972123e-4
-6.600433589943227e-4
-7.401550590172268e-4
-8.293141735700116e-4
-9.284584159056603e-4
-0.001038605858282761
-0.0011608703283851555
-0.0012964671826275987
-0.0014467077758448207
-0.0016130098932963138
-0.0017969164954431756
-0.0020002525154116857
-0.002225447871838513
-0.0024739338004181313
-0.0027474722932637843
-0.003048630974660362
-0.0033800273364603794
-0.0037444109490783976
-0.004144716723793898
-0.004584109589120682
-0.005065988848034675
-0.0055939979112254856
-0.00617203961280821
-0.006804300364187791
-0.007495249057439546
-0.00824966265223562
-0.009072648859201135
-0.009969631167353159
-0.010946387385749412
-0.012009058285754479
-0.013164139353055496
-0.01441855100330967
-0.01577915716941703
-0.017254373959513687
-0.018851421596022454
-0.020578549420576277
-0.022443765833447028
-0.024454658051121854
-0.026621776124367842
-0.028981783982271178
-0.03155421013460845
-0.034300752863666364
-0.03724042444993958
-0.04039439758541184
-0.04377856104351749
-0.04740759947518988
-0.05129575108108841
-0.05545799263387789
-0.05990905606865773
-0.06466398573346863
-0.06973888984338183
-0.0751502597082022
-0.08091481681395479
-0.08704954728890547
-0.09357183517789447
-0.10049951189598155
-0.10785151393273446
-0.1156454696959648
-0.12389816202981598
-0.1326279894852937
-0.14185352495895276
-0.15159416412099053
-0.1618666507062355
-0.1726864734396139
-0.18407048293120767
-0.19604156200176587
-0.20863165008005857
-0.22183755214551307
-0.2356709973524071
-0.2501463482447981
-0.26527775856204183
-0.28107882521869876
-0.2975607934198078
-0.3147331812108226
-0.33260306922010174
-0.35117584107672
-0.37045432853023175
-0.3904219898669955
-0.41109944749676053
-0.4325271914058137
-0.45464726994280075
-0.4774510485988902
-0.5009510492543877
-0.5251269953233197
-0.54994643849855
-0.5753947112719816
-0.6014521723999238
-0.6280934501157809
-0.6552876549363691
-0.6830003509186038
-0.7111926402772797
-0.7398280281169951
-0.7688855828701
-0.7982966599338064
-0.8279891735189011
-0.8579057100704711
-0.8879766999528322
-0.918121575480162
-0.9483607749114404
-0.9788411035179249
-1.0092246475015574
-1.0393511054688016
-1.0692007447390557
-1.098717252699857
-1.1278235508681478
-1.156414646571486
-1.1842367813343397
-1.2114861354928155
-1.2383722800281944
-1.2642688857563222
-1.289195407932416
-1.3130841475166553
-1.3358429812980592
-1.3573544833409437
-1.3774616381001519
-1.3960839600266168
-1.413855560157331
-1.4306536496400495
-1.4456421023711852
-1.4589249183721198
-1.4704710776426002
-1.4802450001158602
-1.4882342320355582
-1.4944117999997075
-1.4987414192955462
-1.5011758144631153
-1.5016323191927525
-1.4998364415050767
-1.4947250380860762
-1.4884777400506861
-1.4842270271417297
-1.4765456595466429
-1.4664506651886942
-1.4543602172313697
-1.4404344755950502
-1.4248790904266693
-1.4077812757303976
-1.3890809235451873
-1.36885392057725
-1.3471828083674164
-1.3241557596683051
-1.2998372920795251
-1.2742821064870324
-1.2475721736441465
-1.219802153975733
-1.1908242509365776
-1.1603085426458648
-1.1270656702065822
-1.0886377906900249
-1.0604572856780328
-1.0378676889737743
-1.0090982717924546
-0.9781631277738672
-0.9465128801532042
-0.9146921958817351
-0.8829650429279555
-0.8512673363860328
-0.8196930315656588
-0.7883468232227033
-0.7572986575638623
-0.72661886179114
-0.6964791563881079
-0.6668336258181886
-0.6376789722552387
-0.6091163278562235
-0.5811931499155572
-0.5537984072859441
-0.527109656032982
-0.5016536270366441
-0.47686285646866333
-0.452735220693931
-0.4293080913703391
-0.4066489753152577
-0.38478097713138515
-0.36370083938363357
-0.34339976557221524
-0.3238845146948901
-0.30527254303802476
-0.28743139959585795
-0.2704218072368575
-0.25418113047695884
-0.23863359503670473
-0.22380461620297326
-0.20968726000701757
-0.19626280105663158
-0.18351189134402884
-0.17147336331523644
-0.16007352259323931
-0.14923708984965
-0.13893996018226246
-0.12923787381638308
-0.12042591700645659
-0.11202471984227513
-0.10396042933364583
-0.09635372808756101
-0.08934902517487887
-0.08276710432255734
-0.0765839773463115
-0.07079074880134319
-0.06536644975472203
-0.06028790206164454
-0.055524331412531935
-0.05104817483281211
-0.046994422894686486
-0.043413704051375165
-0.03996943368730259
-0.036724039482477454
-0.033695446819646965
-0.030886094215617152
-0.0282864111860285
-0.02588393733372999
-0.02366642036962295
-0.021620933846503883
-0.019735434186442496
-0.017998639428054512
-0.016399346517500517
-0.014927294533890953
-0.013580180136125643
-0.012347129845300923
-0.011210540182690073
-0.010164535407295446
-0.009226248071740415
-0.008384925944240586
-0.007597322426308444
-0.006876426634828518
-0.006217582525487965
-0.005616601700721266
-0.005069250220660829
-0.004571042845097261
-0.004118595967445985
-0.0037088173854829343
-0.0033372525465441643
-0.0030009467206529904
-0.0026967186461674285
-0.0024209546566785647
-0.0021714813301710184
-0.00194608315970177
-0.0017426407683542458
-0.0015590270830005176
-0.0013931638170958651
-0.0012428097878810019
-0.0011071546376973252
-9.865053150810879e-4
-8.780011340222435e-4
-7.79472095279111e-4
-6.914316899546179e-4
-6.215664626308718e-4
-5.559572415789574e-4
-4.942450379573969e-4
-4.3867055117031365e-4
-3.8878537401706325e-4
-3.4423815887426164e-4
-3.0455414771481527e-4
-2.6933558120107945e-4
-2.3803320275193293e-4
-2.102008316186843e-4
-1.8545653695759912e-4
-1.634823139856906e-4
-1.4397890211111222e-4
-1.2667479627896322e-4
-1.1132423219295779e-4
-9.771374620653e-5
-8.578377488548095e-5
-7.555022426350445e-5
-6.640033871864364e-5
-5.822901617544688e-5
