1.2380601915657786e-6
1.5772143297540684e-6
1.8370440427605535e-6
1.871705970524905e-6
2.123771834709628e-6
2.462184864799959e-6
2.5531662887810415e-6
2.9349099995661268e-6
3.663346659938552e-6
3.959035186124301e-6
4.203294706155006e-6
5.053594492990819e-6
5.726055270007261e-6
6.191953864950192e-6
7.4460949948794015e-6
8.588751581434709e-6
8.815902581377322e-6
9.901515626149651e-6
1.2212661745184124e-5
1.4037247996676207e-5
1.6044498394386932e-5
1.931302116734401e-5
2.252810438642429e-5
2.5601240663123023e-5
2.8619854896216906e-5
2.9654409646552934e-5
3.117092648790754e-5
3.727937550141558e-5
4.2981927390682444e-5
4.427115234974911e-5
4.8919236242446684e-5
5.9216430118135915e-5
6.757431111742677e-5
7.68711146906069e-5
9.146381209066636e-5
9.988779266587506e-5
1.0090199462310468e-4
1.1235599861003523e-4
1.3155926633455956e-4
1.378233475039583e-4
1.3623655051232908e-4
1.4672772773344575e-4
1.6905183137548154e-4
1.9242029690068457e-4
2.0897015092776196e-4
2.1502433888995147e-4
2.2169980886008748e-4
2.3835160511613573e-4
2.552113778198039e-4
2.7896213523009573e-4
3.2770980224157507e-4
3.704069237337384e-4
3.694387861709707e-4
3.584618376873321e-4
3.7120491590429065e-4
3.8216774082038186e-4
3.9471695925430406e-4
4.457813082809213e-4
5.077504784613292e-4
5.332039676238095e-4
5.349109688204801e-4
5.292478695396988e-4
5.256067538692366e-4
5.662359037240878e-4
6.39589909098151e-4
6.648391052456429e-4
6.416167383942265e-4
6.329709633297972e-4
6.250790637806705e-4
5.88920777701532e-4
5.606762240478352e-4
5.60233687411483e-4
5.873754597059714e-4
6.618752576765178e-4
7.597705438199492e-4
8.600811028493781e-4
0.0010306901634061123
0.001308657792881103
0.0016747526532897837
0.002153100885304243
0.0026508161420819576
0.002978200040297399
0.0032820942712472757
0.0038604539468380153
0.004526484793881522
0.005001771388302564
0.005568276099444299
0.006426526092949012
0.0072061305021548245
0.007814898858063305
0.008650290365686018
0.009692715061359719
0.010624986517576075
0.011620801131838375
0.012911774997496446
0.014191209494963613
0.015222751702726705
0.016297916011181267
0.017698700096413774
0.019278300449103423
0.02070470015415465
0.021935142895423584
0.023371853644127735
0.025347030086369078
0.027670806614974498
0.030000987599260176
0.03215411035489262
0.03396817363589335
0.03560422599680955
0.037589304846012694
0.03989733801657743
0.042024914376879975
0.044251223847721816
0.0472404747499561
0.05059201191411524
0.053397920766028166
0.05558829182609687
0.057660589877195384
0.06001918526672936
0.06282347386888212
0.065716721097292
0.06833513966074978
0.0712534669003472
0.07508697847461643
0.07903957128981189
0.081774053370383
0.0831421126655488
0.0842818625481569
0.08638533746742774
0.08925113277889456
0.09149575478327655
0.09298461492346753
0.09522830091573004
0.09837039349313675
0.10097156788434129
0.10328313257431787
0.10674805058004076
0.11080889853398126
0.11392214072948968
0.11591933832802806
0.11717327272099055
0.11834837982471264
0.12087750985035256
0.1244363675958763
0.12657552693353136
0.12732363731630608
0.1291330180875581
0.13121606402813502
0.1305696904111085
0.12825326385780136
0.1278468247399652
0.12930634277182718
0.13012761250197785
0.1300169647620217
0.12998312320525301
0.1295634351528739
0.12807955956369896
0.12644711604963904
0.1257317035687876
0.12540607635463558
0.12438115685652966
0.12271695342899479
0.12108642314201873
0.11930623620333027
0.11668719633322927
0.11344143990666619
0.11076926806671675
0.10945987099380318
0.10853910099974717
0.10601925037788273
0.10183800102687073
0.0984035958751618
0.09663296039833821
0.09429279875047182
0.09007206604086179
0.08538369674000408
0.08090750872917238
0.07590083520948933
0.07094707366265776
0.06697947909357425
0.06307319142232738
0.05856053413999415
0.05436747349563627
0.05042696839050987
0.0456016637672478
0.04043994193988818
0.03634032939723277
0.03308177923603948
0.029839667554402868
0.026638149922907296
0.023481443064099244
0.020247720821993234
0.017478486636579412
0.015541473015087931
0.013901197294551164
0.012146590760015607
0.010452496876577955
0.008868602901141253
0.007331574318321016
0.00606246494846034
0.005251635584464701
0.004828991046066706
0.004683892071028251
0.00468068435355498
0.004663326558881496
0.004673581887682087
0.00486874442453006
0.005242502399104774
0.0056943994067420785
0.006228811062686159
0.006870799496758708
0.0075031634214523316
0.007972434244882849
0.008320894408886278
0.008702439655347224
0.009096526227054815
0.009410659977739969
0.009744501750625283
0.010155753368290268
0.01043769316666879
0.010502415547989688
0.010540034839634295
0.01058214162048877
0.010474902539098935
0.010273872173508562
0.010111459767644253
0.009914411396379894
0.009646198013694315
0.009423021044679685
0.009233119329764592
0.008974698722635373
0.008681438123723732
0.00837896636590008
0.007990552729550864
0.0075490215413060524
0.007176427030844638
0.00686673669233666
0.006550136732186165
0.006231133521220496
0.005920747382442918
0.0056027964715589015
0.005283672495969898
0.004963967289800994
0.004636219670809535
0.004329346287829977
0.00405705944810684
0.003785823239761895
0.003511253256306793
0.0032591974350823826
0.003020810927786349
0.0027854429075724664
0.002571829198524228
0.0023771117005092633
0.0021852556901910923
0.0020133324959144697
0.001870280562501836
0.0017281576251745646
0.0015771061150745512
0.0014361884460656635
0.001309940379826027
0.0011931741435225053
0.0010894048440149805
9.955454871533591e-4
9.044573665334095e-4
8.201032541318403e-4
7.448682459818835e-4
6.733115141781018e-4
6.055845814619351e-4
5.447077326336485e-4
4.894205371903819e-4
4.403301611134216e-4
3.977251612544854e-4
3.574169700967806e-4
3.194867596272559e-4
2.8701707824452184e-4
2.5669975758190914e-4
2.263048510641742e-4
2.0016726198034384e-4
1.7833057408636586e-4
1.568490695508938e-4
1.3750734442808415e-4
1.2229665875666e-4
1.0794054312501767e-4
9.375109034411724e-5
8.20650177532108e-5
7.169729995399856e-5
6.1486587574932e-5
5.32688426542323e-5
4.667618266022216e-5
3.9880493585120487e-5
3.384362632213879e-5
2.921776521336019e-5
2.473019925420607e-5
2.074364789071706e-5
1.805307585688377e-5
1.5414629636574227e-5
1.247379039918981e-5
1.0416351467320081e-5
8.904591963827649e-6
7.125081692240239e-6
