-8.879904098113579e-7
-8.814307740038405e-7
-9.09285535420034e-7
-1.0007279276946784e-6
-1.0354089344178823e-6
-1.13169053664194e-6
-1.40665822742863e-6
-1.637747616969321e-6
-1.7482021311789862e-6
-1.987724588005526e-6
-2.385792785696094e-6
-2.8089475101702516e-6
-3.287533412020626e-6
-3.7132164912373294e-6
-4.003439484388057e-6
-4.597136938487851e-6
-5.743488543715442e-6
-6.937269163054701e-6
-7.847905249362022e-6
-8.682765480044739e-6
-9.600416496290435e-6
-1.0746566352389769e-5
-1.1895092940494734e-5
-1.2345302183701772e-5
-1.3151621377068243e-5
-1.6733018554092938e-5
-2.1737390831146196e-5
-2.4100792994579517e-5
-2.5223196974233398e-5
-3.0244317274662228e-5
-3.804934979418841e-5
-4.378450642762745e-5
-4.814527345181551e-5
-5.336146162032398e-5
-5.7595514133953456e-5
-6.217574966000692e-5
-7.249287600224027e-5
-8.710757066567055e-5
-1.0095590229040451e-4
-1.175617276107895e-4
-1.4064710876523817e-4
-1.6156900129528096e-4
-1.7414830443174026e-4
-1.9137663804893e-4
-2.2925248632843265e-4
-2.8326281923737764e-4
-3.345035907852736e-4
-3.71572293589771e-4
-3.969326405321087e-4
-4.198636972511421e-4
-4.5572404047333027e-4
-5.244266573860465e-4
-6.290161674453185e-4
-7.442029172496554e-4
-8.548737399959758e-4
-9.85283863776606e-4
-0.0011452256853359353
-0.0012858973041132069
-0.0013781121303172213
-0.0014873555063913612
-0.0016870042609997634
-0.0019402947925083655
-0.0021506469846981026
-0.002302747331742179
-0.0024886321707785356
-0.0027837385818803954
-0.0031329038780178045
-0.0034254690288344097
-0.003682351234298853
-0.004039874905878091
-0.004525766632060111
-0.005030563803841338
-0.005515088034451158
-0.006040434709037279
-0.006617545469152622
-0.007209915035562908
-0.007790188040787383
-0.008288670702038224
-0.008663218135372224
-0.009015543281737759
-0.009427242153305808
-0.009837928440048261
-0.010273706239287323
-0.010878949334001797
-0.011597418324407908
-0.012213708394208364
-0.012700541263975617
-0.01317317894585706
-0.013704363045990006
-0.014403094990469533
-0.015287759487137453
-0.01606214952920969
-0.016513812190621466
-0.016934484069165107
-0.017653137128141747
-0.01852665587412059
-0.01928581369679257
-0.019949623249808854
-0.020642377931457054
-0.021341641361009897
-0.021967268335215315
-0.022630744088816646
-0.023615138297892746
-0.024834491648206787
-0.02565086537944222
-0.02586922677631129
-0.02631290786517619
-0.027532005946291342
-0.028888821744454805
-0.029865756127929886
-0.030947819696151197
-0.03229445997441518
-0.03314656174655268
-0.03342025739822728
-0.03423041711813003
-0.03606722783421204
-0.038051464909474066
-0.03961544916190154
-0.04123261814167588
-0.04289563372736858
-0.043823515069255845
-0.04425749883192713
-0.04523278086808776
-0.046363090053166266
-0.04682052965007063
-0.04795279134649874
-0.0511500185882324
-0.054679026319056453
-0.05679303597551856
-0.059050753750881625
-0.06266462639017631
-0.06593810245204197
-0.06804559576163906
-0.06980658156236119
-0.07014203840007771
-0.06808662593072087
-0.06645099601878006
-0.0674834062006901
-0.06921359809029794
-0.0705547535607943
-0.07342052381104701
-0.0772449966983189
-0.07901676892109784
-0.07909905479335481
-0.08006713091294952
-0.08184413992660043
-0.08331571546967512
-0.0849372730826545
-0.08666380774635384
-0.08778601003678985
-0.08935035491593325
-0.09237392280083596
-0.09510915619537151
-0.09573287692450137
-0.09548362766172934
-0.09672468428453442
-0.09997984444226127
-0.10389344506213101
-0.10669047503316222
-0.10762924020604406
-0.10761773529817566
-0.1080884595463485
-0.10949235030895009
-0.1114063744138278
-0.11353460722449718
-0.1157584009838788
-0.11734206682398102
-0.1172540234971602
-0.11597188678214486
-0.11551046501911205
-0.11640192286044036
-0.11669332211141244
-0.11546933276234231
-0.11475694013046711
-0.11643092982583594
-0.11982881989873552
-0.12328234913348245
-0.12575997993607427
-0.12693970665462487
-0.1272951441304917
-0.1278055174544154
-0.1289614520272946
-0.13038339775618502
-0.1311740524585058
-0.13073263818253514
-0.12974753515839663
-0.12941207949420055
-0.12942443017362604
-0.12870888983210316
-0.12761297486157447
-0.1268420472171565
-0.1256346676535141
-0.12337834028223929
-0.12075273528537939
-0.11788735379492878
-0.11438845399404672
-0.11123651995183959
-0.10941547044122277
-0.1078233782557202
-0.10523259018805807
-0.10213835881402976
-0.09894955808564583
-0.09511075304618356
-0.09077909137438234
-0.08676849480103695
-0.08297688472166796
-0.07889361531672286
-0.07485281468230137
-0.0713056863988741
-0.06781181130532672
-0.0638282926167591
-0.05977587781486478
-0.05639604454327353
-0.05343374884827417
-0.05006309268135948
-0.0464916435646831
-0.0436331707071744
-0.04122601520953193
-0.03815670057888112
-0.03451704491497033
-0.03138901228049128
-0.029032832353571916
-0.026984031439555117
-0.025122150536065466
-0.023432372407111247
-0.021723891069243863
-0.020102429005562434
-0.018738211767973256
-0.017381839169019305
-0.01590152474018525
-0.014571706344328778
-0.013403606969853247
-0.012149609745757938
-0.010959556635740636
-0.010092300305746602
-0.009352161134330449
-0.008537766697768267
-0.00785064290915215
-0.00741151194972119
-0.007004396858185351
-0.006486264092653723
-0.005941417953418116
-0.005446459726913756
-0.005011359087384751
-0.004639326890947882
-0.004292528146872612
-0.003923031691901922
-0.003556781483580614
-0.0032473002676639898
-0.002988670360241229
-0.0027424755703257444
-0.0025037157377637183
-0.002291413552508773
-0.0021026323441278314
-0.001921420467273708
-0.0017554860732648776
-0.0016115178806880319
-0.0014640145148763133
-0.001308543668167391
-0.0011883439081090696
-0.0011119876419587187
-0.0010300124002578376
-9.282852164055954e-4
-8.430984679352431e-4
-7.79291425518834e-4
-7.114021644909807e-4
-6.426177148716039e-4
-5.883418839778376e-4
-5.412929426492671e-4
-4.92746924854984e-4
-4.469573846153624e-4
-4.0633267454166913e-4
-3.709686070733581e-4
-3.4110528873494624e-4
-3.1152966842662634e-4
-2.8059238503109487e-4
-2.548136751292949e-4
-2.3412511296254694e-4
-2.1251014039157422e-4
-1.915998139978266e-4
-1.7437111181134606e-4
-1.5777528164225818e-4
-1.4201110223674735e-4
-1.3002331906796486e-4
-1.1909500433990063e-4
-1.0732377480510087e-4
-9.778715079773067e-5
-8.975397174840081e-5
-8.022568330549456e-5
-7.170808531840265e-5
-6.621232584775886e-5
-6.0614066161653676e-5
-5.405364212390553e-5
-4.874533706051449e-5
-4.4213522068747504e-5
-3.960707968036318e-5
-3.6118442249745657e-5
-3.321550140657742e-5
-2.956298918422346e-5
-2.632810534956974e-5
