1.0017983855218454e-6
1.0149264433531e-6
1.1825307539456593e-6
1.4022585540270266e-6
1.569259592607511e-6
1.8939360021718079e-6
2.2806052394604156e-6
2.5278889673184093e-6
2.9744894886474496e-6
3.62799976875989e-6
3.917347900347074e-6
4.120186823474013e-6
4.854958918593884e-6
5.650123827964323e-6
6.401009731543368e-6
7.935920270452285e-6
9.619031618375567e-6
1.0316409986507947e-5
1.1307529759879644e-5
1.3701358621951393e-5
1.5873960716791882e-5
1.7107905675665524e-5
1.8964019085469116e-5
2.1767941659115968e-5
2.47739456377976e-5
2.8212458787921604e-5
3.220006740071316e-5
3.700055759753278e-5
4.333078031439665e-5
4.986373953839681e-5
5.580780843394336e-5
6.427879343532734e-5
7.51538051236237e-5
8.26790714375403e-5
8.703139029072251e-5
9.500571038828173e-5
1.0854202654131504e-4
1.2637449840841527e-4
1.4808248954759537e-4
1.6889223901631742e-4
1.8734093573578904e-4
2.1193204499537281e-4
2.426264189327676e-4
2.694513308895134e-4
2.956334612363206e-4
3.2430893910153215e-4
3.415613869153504e-4
3.5518090353679163e-4
3.9893197616729104e-4
4.666843761091141e-4
5.189494292514285e-4
5.552744789292885e-4
5.939686150701313e-4
6.23446945543661e-4
6.484357343630751e-4
7.040013388528316e-4
7.849676820681602e-4
8.546507231393178e-4
9.099660645051282e-4
9.653588979989412e-4
0.0010326424285876797
0.0011330763325001375
0.0012492594873384953
0.0013271487951438594
0.0013871347027227467
0.001501629979996637
0.0016592167791387887
0.0018085578682381124
0.001953877279724069
0.002078501260065298
0.0021354100619705297
0.0021666602993582126
0.002254862498312824
0.0024227022196592063
0.0027064452825178217
0.0031426297055455773
0.003640094793779279
0.004075725195250738
0.004440521243175918
0.004782496094459326
0.005210205782441581
0.005875987379485456
0.006690654629835603
0.007351804061629504
0.007845369634278426
0.008392023607037745
0.008870869959396163
0.008998844907449156
0.008975370470343741
0.009273630826179192
0.009988638114177903
0.010854160706456655
0.01169954295390905
0.012688121477312082
0.014091178879467415
0.015714460985855005
0.016936527493114306
0.017722527511598078
0.018860660937773867
0.020682780729124155
0.022548584634525092
0.0240063699649343
0.02538844445235602
0.02706506556880269
0.0289618697286013
0.030713229441378366
0.031938845662020474
0.03279747989654891
0.0340163595448286
0.035690020284419234
0.0368727765560743
0.03724130557263908
0.03804819155586356
0.04053223376200791
0.04449440347054582
0.0490467896625646
0.05351414841262059
0.05712255456192731
0.059227865102697376
0.06045614983493804
0.062204713455983794
0.06454913319193334
0.0663576957849028
0.06763974667177006
0.06934636917039239
0.07091585150090837
0.07117036864770776
0.07130376473650005
0.07346567892712766
0.07716446361736444
0.08038424926311663
0.08279492529507566
0.08509336850679383
0.0870744550641993
0.08813595508363836
0.0880206470522493
0.08704332728877026
0.08685281556512006
0.08918134134783144
0.09318056126037436
0.09684250664008405
0.10026966967552116
0.1039164357132837
0.10601955588732405
0.10579610864518574
0.105688335730484
0.1070746091380933
0.10819231117220252
0.10849976929300284
0.10992311275255158
0.11252977869390952
0.11400421974845877
0.11375740992054882
0.113318340116809
0.11317567972581463
0.11254071677349435
0.11133897201740962
0.11019154703652563
0.10923258655124754
0.10805563652677787
0.10635968534303986
0.1045279263057324
0.103532238865684
0.10355283407714742
0.10320607531541288
0.10145547734057705
0.09939448433180771
0.09843264122410228
0.09789622433629788
0.09646293035923303
0.09474052328697374
0.09408450777855452
0.09377443766175464
0.09177343385564735
0.08791286320734747
0.08418457446661887
0.08183428339507767
0.07992258031693168
0.07705655201525642
0.07316490140777634
0.0691467747058629
0.0657443241813987
0.06310753445490311
0.06088086772141048
0.058599298985244595
0.05617511402032123
0.05366628024948974
0.050685223690038306
0.04689313133214555
0.04291271034250767
0.03970265389313509
0.03733887820632258
0.03538794757541943
0.033764407304127685
0.03223862608797105
0.030108654035981376
0.027262360631509504
0.024493340285451533
0.022251883004232812
0.02028318591204433
0.018618901515357875
0.017596968751267227
0.016964492691030272
0.016136734652096536
0.01509724511717184
0.01416798340019824
0.01336369564620026
0.012622266213060822
0.01211110881518516
0.011849566424113183
0.011528724569331277
0.010956099412734732
0.01029211063192624
0.009768038970395763
0.009452451614608592
0.009295245216746776
0.009220449170751896
0.009163300542639205
0.009075510559071005
0.00893051695219549
0.008748524630228047
0.008565770830815235
0.00835383425828614
0.008065620858234715
0.007760084760799915
0.007542504386993606
0.007405046380407859
0.007261099654283613
0.0070752075458824825
0.006848211505891818
0.006565725943068642
0.006248596148756614
0.005974291317966075
0.005792347560543772
0.005653495198579685
0.005446715507129397
0.005125314865125801
0.00477944856817361
0.004511059170613106
0.004278381866539937
0.003990905430656635
0.0036851293614267697
0.0034483616982230536
0.003264718638357177
0.003082407178436305
0.002916018145692863
0.002774447500756758
0.002613442799715612
0.002420234115237506
0.0022331951788027555
0.002065887088474225
0.0019000129937953335
0.001735523286924928
0.0015894794888040343
0.0014675528317375358
0.0013597314038183701
0.0012508878808066427
0.0011384422342002553
0.0010385588466109922
9.621976781092211e-4
8.998040615354953e-4
8.386201971101008e-4
7.732911197722933e-4
7.01250382037872e-4
6.275893524235473e-4
5.630533071784185e-4
5.084738832120425e-4
4.580679075903692e-4
4.1287662975623637e-4
3.74324982772869e-4
3.3837658128359183e-4
3.0449326147089824e-4
2.7441302125575246e-4
2.4579994411131945e-4
2.1956998903301697e-4
1.9988491867555124e-4
1.824867350932659e-4
1.6112830104557686e-4
1.4042038525727849e-4
1.2567299858263478e-4
1.1272361070047406e-4
9.870757576295085e-5
8.693602653753394e-5
7.759485544052028e-5
6.802003262480069e-5
5.9177824263960166e-5
5.2271039466745086e-5
4.573189346662658e-5
3.9421319040278836e-5
3.456431048500122e-5
3.046500878793864e-5
2.6376118905721074e-5
2.29857439414142e-5
2.015182348369964e-5
1.7209631561948336e-5
1.4670172335435177e-5
1.2851376625216163e-5
1.115162973760274e-5
9.505489256496468e-6
8.178946233554922e-6
