-1.0910018543627433e-6
-9.694987497835485e-7
-1.2067145787728593e-6
-1.6491436934206169e-6
-1.567576227024345e-6
-1.5431864382484437e-6
-2.0651169546255544e-6
-2.231234764098708e-6
-2.0585369785615006e-6
-2.4599355534603663e-6
-2.91816514482107e-6
-3.1118669885575204e-6
-4.0029296869250605e-6
-5.010941373981369e-6
-5.072852519716667e-6
-5.413755981189943e-6
-6.415700188795197e-6
-6.814515881180711e-6
-7.711190633269729e-6
-9.735952157114483e-6
-1.0270472095817539e-5
-1.028611848572823e-5
-1.3448075335797912e-5
-1.6810445986962516e-5
-1.7097504887834183e-5
-1.91581398464434e-5
-2.423074189814847e-5
-2.625356866750587e-5
-2.702335449605094e-5
-3.24358716513418e-5
-3.763480204266481e-5
-3.81176424287238e-5
-4.063672524901842e-5
-4.897171322358099e-5
-5.9085788731896995e-5
-6.871456910862848e-5
-7.578290331371277e-5
-8.052533345385084e-5
-9.119378700507558e-5
-1.0831466711070052e-4
-1.202375510075244e-4
-1.272787105040964e-4
-1.3825657374264444e-4
-1.4941160142907523e-4
-1.615899998715524e-4
-1.8774457705274795e-4
-2.2369664388066713e-4
-2.573797029814407e-4
-2.9332623905819105e-4
-3.274175997556007e-4
-3.523695608786641e-4
-3.9578795682529866e-4
-4.6659168947645795e-4
-5.166897104206828e-4
-5.492087974513505e-4
-6.38466296891757e-4
-7.715917960368014e-4
-8.553526396418938e-4
-9.014184679759997e-4
-0.0010018948303194281
-0.0011643042723589393
-0.001339113751530184
-0.0015113894242614534
-0.0016766853512706953
-0.0018436538741913157
-0.002040244847734443
-0.0022352846677819037
-0.0023888467686446484
-0.0025872969756556893
-0.002914704289517804
-0.003282539334215959
-0.0036113604217968406
-0.003967751316644607
-0.004331973760811542
-0.0045537314226377695
-0.004673275189405884
-0.004910613276228756
-0.005288509248858773
-0.005647554394619251
-0.0059654699585956735
-0.006287262664476631
-0.006529630319083685
-0.0067108903839241145
-0.007066967146649128
-0.007632053858718163
-0.00815079686149672
-0.008650762506288783
-0.009510610265100524
-0.010752606326020115
-0.011886843592978723
-0.012573659715234671
-0.012926948345770309
-0.013230773280964728
-0.01373305292652044
-0.014529957356130673
-0.01547070789880855
-0.016342642650738943
-0.017081509685743016
-0.01773965355669443
-0.018445352554469278
-0.01925987238907789
-0.020001700471378166
-0.020616038714676533
-0.021460388495974404
-0.02266637625682768
-0.02394382081770185
-0.025398492758119475
-0.02724267886388914
-0.028780981831449913
-0.02948737809810969
-0.030441276549034797
-0.03272291199287558
-0.03543305508847494
-0.036917792504260284
-0.03683820705921981
-0.03623901437343022
-0.03643589001221217
-0.037865270083165765
-0.039904882188991096
-0.042117180170042866
-0.04463226112526699
-0.04713160072617071
-0.04930932290632465
-0.05166843675192584
-0.054072306359527186
-0.05579603837893298
-0.05785468242476817
-0.06129393760167187
-0.06410354406568558
-0.06480966674976095
-0.0659290482522865
-0.06908755717168531
-0.07198287644020189
-0.07345056275570386
-0.07524653489974534
-0.07801550140066073
-0.0811755992172267
-0.08481406219729039
-0.08805820674007722
-0.08940184826437708
-0.0893186466811177
-0.08887852809813067
-0.08849499241327367
-0.08979475066920267
-0.09356407237898103
-0.09711350849969036
-0.09892420926853601
-0.10098331627417571
-0.10335471873599748
-0.10416745079595591
-0.10471952258242109
-0.10666516942291537
-0.10862241745600376
-0.11083195798623359
-0.11484283581482937
-0.11778186028543164
-0.11697442741115731
-0.11593080744217013
-0.11724191914603098
-0.11862757050865877
-0.12033778046885327
-0.12428841451478088
-0.12698159000188938
-0.12563342352357307
-0.12471869984543882
-0.12672303357890394
-0.1273171520501309
-0.1253110631921909
-0.12470680160979547
-0.1256194005523763
-0.12464066731525597
-0.12175518791566507
-0.11882005623883629
-0.11612002193134424
-0.1145084919219912
-0.11523886460497784
-0.11681371521176201
-0.11677254325951181
-0.1154219437776421
-0.11470212415486157
-0.11511039553579133
-0.11539786471477353
-0.11444994633367345
-0.112821105312681
-0.11180669157242594
-0.11125510231591813
-0.11014505982412712
-0.10890669751839864
-0.108638353619043
-0.1086974522651263
-0.1075374011640633
-0.10511089292150468
-0.10249730790179684
-0.10003172085005008
-0.09742189707623831
-0.09503150233869286
-0.09343524002050846
-0.09214452357938291
-0.09047805279727263
-0.08890156138016406
-0.08745438629702568
-0.08455821374073712
-0.07989956194810427
-0.07585188205112983
-0.07365042140278387
-0.07165128354719894
-0.06891854595420224
-0.06637231206208426
-0.06392213093750537
-0.060576097107354905
-0.0568268683474366
-0.05380647078642556
-0.051507188397355436
-0.049442997079213694
-0.04722584410001163
-0.044401800414494846
-0.04127149811494356
-0.03874696020039363
-0.03671355120944427
-0.03438935388254993
-0.03198893649523216
-0.030090508163476973
-0.028420275333631076
-0.026654749073857696
-0.02500322601142024
-0.023466107090233772
-0.02186023862769565
-0.020313496613494023
-0.018874018764764865
-0.017418544941501225
-0.016142582472898476
-0.015191084638414848
-0.014196868110265418
-0.012951680118468138
-0.011786567182474552
-0.010903261809834846
-0.010146757550789188
-0.009431070541686917
-0.00875154117881245
-0.008055848434625585
-0.007418525236546068
-0.006951417301988016
-0.006542987938300076
-0.006041577149640198
-0.0054905934331685325
-0.0049680726371924095
-0.00447728597989267
-0.004052915240718054
-0.0037234328995049545
-0.00342931739539693
-0.0031369039659819675
-0.002901133519847434
-0.002735088177295382
-0.002561195375226331
-0.002335177170523067
-0.0021074589250184386
-0.0019307659621470902
-0.0017845032665035755
-0.0016267195357064976
-0.0014620829853905786
-0.001316350037964787
-0.00119391246805523
-0.001091779701970458
-0.0010076324066834585
-9.269561920994269e-4
-8.420883043799117e-4
-7.642907833176157e-4
-6.963280052013213e-4
-6.309553891401731e-4
-5.725265203843699e-4
-5.231441408433968e-4
-4.740368803842913e-4
-4.281035940723602e-4
-3.91389463123573e-4
-3.5262850424374573e-4
-3.0900032472855153e-4
-2.7774572028834295e-4
-2.6005754605672654e-4
-2.3922882298475637e-4
-2.144094580629125e-4
-1.9395936003785064e-4
-1.748800227817763e-4
-1.5581271089789818e-4
-1.4180380246652893e-4
-1.2968161828543395e-4
-1.1502387177158687e-4
-1.0259342172886885e-4
-9.391784029014666e-5
-8.421730468242862e-5
-7.436083184495219e-5
-6.727441592212432e-5
-6.050541023996102e-5
-5.3225869565105454e-5
-4.787048364610283e-5
-4.34756832229973e-5
-3.847162017765126e-5
-3.4314390109327204e-5
-3.1010945899802396e-5
-2.7311135022889387e-5
-2.4266264417509394e-5
