9.530733131355142e-7
1.1190012384073507e-6
1.3060774610095727e-6
1.5211469731376356e-6
1.77833443948911e-6
2.065099298282141e-6
2.4143984588253877e-6
2.811147034867532e-6
3.2641032318515427e-6
3.746141338265929e-6
4.325142594051074e-6
4.9360318964918936e-6
5.639646656055183e-6
6.527478531845699e-6
7.499696794140753e-6
8.627320333194128e-6
9.871758849117147e-6
1.1305389735144091e-5
1.2892166343826904e-5
1.4593822981307501e-5
1.650596314053703e-5
1.8555887040306602e-5
2.1193694955279516e-5
2.398098533715261e-5
2.700944764504474e-5
3.039419636708193e-5
3.414619951795035e-5
3.903769361843209e-5
4.3578172641064674e-5
4.8306296597422425e-5
5.219319026122641e-5
6.020733239639863e-5
6.691107546585833e-5
7.253610564151219e-5
8.076911032668056e-5
8.942196118687182e-5
9.897305789838004e-5
1.0904128634573872e-4
1.1928076176582243e-4
1.2890005666984052e-4
1.3958222503901473e-4
1.5070709532108054e-4
1.6064040537838825e-4
1.7258143211722015e-4
1.8327927498361255e-4
1.931504150695845e-4
2.0568476615683215e-4
2.1999963868655679e-4
2.3231972136291597e-4
2.4105516566217712e-4
2.48553523107867e-4
2.5202532938431454e-4
2.518395064707785e-4
2.504779939554424e-4
2.460705327337949e-4
2.3802570419003948e-4
2.2535679700734019e-4
2.1623926837595342e-4
2.3884757752861956e-4
2.4098119070780624e-4
1.975603764025479e-4
1.6823431562285572e-4
1.338787835884956e-4
1.0021851156307269e-4
6.64263210317651e-5
4.077084489829104e-5
5.279619606412679e-5
1.741128992747061e-4
1.4035048679536066e-4
1.2943513634439816e-4
1.1742269898331849e-4
1.271301479758051e-4
1.6329717017845782e-4
2.5418544066091843e-4
4.6254102287722704e-4
7.97143328247034e-4
8.930917640636082e-4
0.0010776336973406778
0.0012929671283761898
0.0016398843514444411
0.00199004946808903
0.0024241682428687897
0.0030852992158037643
0.0036499721140776306
0.004152576462026488
0.004665270965776665
0.005329736451790416
0.006064236166661033
0.0069291875722278205
0.008072093149781363
0.0092830914714029
0.010513342924213014
0.01152461085474247
0.012828970401762743
0.013918994708284314
0.01519095404716396
0.016699706514585556
0.018716010234686224
0.020776680221792694
0.022646870726671896
0.02433076313068898
0.02617248852268234
0.027953313050596063
0.0297123250547711
0.03187473432988165
0.034678417974884856
0.0380068766518295
0.041029663600190294
0.04329853527720165
0.045393719335638474
0.04881733808851919
0.05150120140510769
0.05294881254745459
0.05600680626679616
0.06012417140906643
0.0625319969703825
0.06536775602095608
0.06832576050475737
0.07131846548599417
0.07442721576682944
0.07754564740209562
0.08131962696442757
0.08579282095254408
0.08956122233180876
0.09235717432410936
0.09524714201395422
0.0985260396374099
0.10183557147163602
0.10497504442196787
0.10803950246969941
0.11172358021124346
0.116785009115445
0.12051687157464372
0.12282293302310006
0.12589277070570692
0.1285666177225162
0.13078879717341144
0.1333163504770023
0.13498464318505157
0.13758235151319814
0.14330869469088087
0.1475156305629792
0.14822408875169285
0.1480901774964496
0.15338361295747793
0.15505618058744314
0.15345995339293944
0.15245179842453493
0.1527571932082654
0.15252925771431342
0.15277194207755326
0.15346998495749647
0.15261653894441427
0.1524390513585383
0.15203247468332154
0.1511163805041895
0.14995480019876
0.1499033096386577
0.15024777931137534
0.14822732551606202
0.1462461291619364
0.14427477513721904
0.14241512619810498
0.14069804150376272
0.13780846860278265
0.13304351692119298
0.1297516364130261
0.12459014436779933
0.1197487680144869
0.11510608427641364
0.11069731097114824
0.10640839409466363
0.10184440130782547
0.09744267818970237
0.09268853566893515
0.08827706484825812
0.0851738099538634
0.0807310106026188
0.0764034468840285
0.07100222230337441
0.06760141073514934
0.061126545906436236
0.05403309595348621
0.04883271120203993
0.04386356089576196
0.03842522662152871
0.03337498455128121
0.029441190659328466
0.025836909563759728
0.02267141060365645
0.02037512942672454
0.016301265379403258
0.012627183395115038
0.009786374300191879
0.007032867771799159
0.004942029839099457
0.0036732752528878636
0.0029651406758790383
0.002879082876725644
0.0021015424634212706
0.0013450114498329317
0.0011250602178793515
0.0012324288036005245
0.0016670938367561357
0.002211447636304834
0.0031905512172210088
0.004308081088030944
0.004963782206512184
0.005597087584049451
0.006419375551786589
0.007327507506801561
0.008282639102274107
0.009271951945512988
0.010091341002409212
0.010682419821838266
0.011158175046319937
0.011650107165902182
0.012105540110376779
0.0124553127259931
0.012651849980207156
0.012752896891027323
0.012942167670373164
0.012998401632434382
0.0137782627926089
0.012956870283956602
0.012888527551030437
0.012481399476509777
0.012146135996166483
0.011779062243758999
0.011466294612365164
0.011142441457214406
0.010725925025369606
0.010301797924472224
0.009865129359266079
0.009365086454921753
0.008918438545999007
0.008492730865146923
0.00807283732735627
0.007646480038232456
0.007233606375367837
0.00681704351772572
0.006367631172577634
0.00598314214987726
0.0056180555665875116
0.005255762284033315
0.004910585815232864
0.004579161539253327
0.004246176150563242
0.003926316361425495
0.003659998769094349
0.003397665510520132
0.003144154793562437
0.0029025074758493785
0.0026743853155653703
0.0024643327581137303
0.002248759923026489
0.002117204826091362
0.001919068402629317
0.001752967823364784
0.00159651224044847
0.0014536557064123215
0.0013227695778916496
0.0011955013113195817
0.0010859659642645468
9.858153073766382e-4
8.936238085089003e-4
8.105206952620848e-4
7.31274284830137e-4
6.576544695170562e-4
5.875349070154282e-4
5.259993130521505e-4
4.7177061643080467e-4
4.2186082636110734e-4
3.7655651128414594e-4
3.3582849668273556e-4
2.981580120520753e-4
2.625595281706374e-4
2.339889822622145e-4
2.1000533949232773e-4
1.8623976854701272e-4
1.621562519279861e-4
1.4174786546310793e-4
1.237595801712785e-4
1.0761043165240887e-4
9.302035444485357e-5
8.096330345419235e-5
7.00463983500364e-5
6.033502379278251e-5
5.173840786442674e-5
4.416547493987106e-5
3.751784424327262e-5
3.1642095233172645e-5
2.6694776078780815e-5
2.2749871329715802e-5
1.9267461691889137e-5
1.5909641081408506e-5
1.3047240672408132e-5
1.064284898612352e-5
8.603599577100338e-6
6.850383651320693e-6
