-4.481712594563712e-7
-5.339950030294218e-7
-6.152787485460712e-7
-7.39523730807795e-7
-8.674471350271946e-7
-1.0165073803275112e-6
-1.1784176317215193e-6
-1.3664160323805758e-6
-1.5665196146504382e-6
-1.8124387599535193e-6
-2.1393209901874904e-6
-2.459269362593499e-6
-3.022967297592005e-6
-3.5299396487795813e-6
-4.110327515402028e-6
-4.760538448000147e-6
-5.536306867937041e-6
-6.4259896664409615e-6
-7.402250000620591e-6
-8.531560715726891e-6
-9.842954722947524e-6
-1.16808231483769e-5
-1.3606510669763676e-5
-1.5666500304985366e-5
-1.8284395502665276e-5
-2.137027211381831e-5
-2.477749317229767e-5
-2.798500008508704e-5
-3.24739822261314e-5
-3.727442575931654e-5
-4.354454061739819e-5
-4.9705091753538204e-5
-5.71459185337645e-5
-6.698444746323099e-5
-7.8220829431239e-5
-9.030397339084633e-5
-1.0368154509828053e-4
-1.1878007474507472e-4
-1.361889722735184e-4
-1.5738292093659783e-4
-1.8167295163169949e-4
-2.075992788615474e-4
-2.4007317392371247e-4
-2.748536279510384e-4
-3.1652372305325863e-4
-3.4816747638070477e-4
-4.12335459422921e-4
-4.4468367116374516e-4
-5.276346291399094e-4
-6.132623581868422e-4
-6.995651786745008e-4
-7.939821895461279e-4
-9.0612681917654e-4
-0.0010311432940084647
-0.001172357751688979
-0.0013237442353216354
-0.0014850071284911832
-0.00164610083178978
-0.0017671957501597501
-0.0020214461860655225
-0.002306657420827321
-0.0025992325235025403
-0.002897369501684304
-0.0032167305076789277
-0.003548063855760104
-0.0038587153174320828
-0.0041819244242148265
-0.004397516770819373
-0.004936581364811363
-0.005446485131045732
-0.005971930222416403
-0.0064774896764972795
-0.0069942402711887725
-0.007435544730145871
-0.007804163493278843
-0.008112986986820819
-0.008904375648564451
-0.009613782373640715
-0.01013755326501058
-0.010784076111479177
-0.011367254507306884
-0.011857959914994365
-0.012093988189535654
-0.012859928166341527
-0.013751525707354597
-0.014522149717259056
-0.015344848636017799
-0.016126624080818632
-0.016691475294107725
-0.016896143881410565
-0.01716594284431767
-0.017926819974128764
-0.019040979631530765
-0.019859238021273456
-0.021006121758178953
-0.021819821694770886
-0.022412254206322285
-0.02232049291777844
-0.02275384832349958
-0.02386762335772239
-0.025157111343986707
-0.026258452924553737
-0.02741195252908046
-0.028292177368896665
-0.029112023640501944
-0.02915039502617987
-0.02899736959806267
-0.030176457690515867
-0.031769142025557376
-0.033109527523432936
-0.03385001788025534
-0.03453485008487169
-0.03658485636865484
-0.037243860877969936
-0.0366438945553642
-0.039566249905530496
-0.04166455101714521
-0.04326984671247616
-0.04465865195553026
-0.0460265688917563
-0.04699336132332041
-0.04765262571151844
-0.04648485802311768
-0.048127441328154566
-0.05080600419782743
-0.05308111989145378
-0.05481530546905995
-0.056271721881908765
-0.05765013729755595
-0.058785445131265865
-0.05864447775603197
-0.05734769077587049
-0.06031180437540267
-0.06319849759425114
-0.06497034575331986
-0.0671249340829838
-0.06875724075377168
-0.07034643372145857
-0.07179911899260685
-0.07105622056380033
-0.06932721209283002
-0.0706736614713857
-0.0719144866160861
-0.07657517477965078
-0.0755076445517468
-0.0767834035502137
-0.08155760831567603
-0.08437225149598443
-0.08431569753192068
-0.08663850631652513
-0.09180093450828086
-0.09385017346357516
-0.09667026424222741
-0.09945197051741117
-0.10141883654199471
-0.10273058481285406
-0.10331814391993985
-0.10199089751248468
-0.10248892893729508
-0.10634041673885791
-0.10896774200843166
-0.11089294506556213
-0.11212885776766132
-0.11296919008375637
-0.11271726902436524
-0.11526949463348397
-0.11560564439439705
-0.11945164975835301
-0.1238829468313617
-0.12745097324992782
-0.13016708754512302
-0.13235754125713572
-0.13416151210500254
-0.13531660542011786
-0.13603197094294053
-0.13485391856060147
-0.1350583491370646
-0.1372777859578328
-0.1376700302295537
-0.1380361398551055
-0.13821857128784193
-0.14046258189938907
-0.1433442297194448
-0.14401557405267218
-0.14352958006112138
-0.14461523962254874
-0.14684913481712225
-0.14666661785780788
-0.14540084749760301
-0.14299625502177038
-0.1403832383130585
-0.1396926165810595
-0.13902991512297014
-0.13667884000948716
-0.13482422038190053
-0.13348168373973454
-0.1304416339404066
-0.12597016590638632
-0.1208146971362337
-0.11703745183729002
-0.11405904862149313
-0.11044712128827985
-0.10577660038583346
-0.10073650048485162
-0.09654631403843766
-0.09150231637083409
-0.08573684463476322
-0.08176965443757744
-0.078145201393227
-0.07386062565036569
-0.06930053986797133
-0.06447870054774875
-0.0593082529229338
-0.05502458582980033
-0.05186726217568502
-0.049083691584319106
-0.04579525955444014
-0.04252820466549
-0.03928619351422742
-0.035985070381274804
-0.03255594061111282
-0.029909583840737358
-0.02813956385165052
-0.02493053459973028
-0.02413639484879568
-0.021805865383956013
-0.02023196185960485
-0.01823098954155821
-0.01710579722418262
-0.015752911809632147
-0.014280053381682829
-0.013292030414083056
-0.012209928943497596
-0.011103807437507988
-0.0100130223824598
-0.009457396928852611
-0.008729215019073299
-0.008006399342914056
-0.007261241150347712
-0.006482460050704403
-0.005915962994701384
-0.005411191072334292
-0.005122952386194054
-0.004728533331272765
-0.004352027043340288
-0.003968907143900309
-0.003613396865248253
-0.0032261757610827376
-0.002873275312054825
-0.0027321720323242567
-0.0025459173157135707
-0.0023405471755591593
-0.0021380895017065315
-0.0019398652765163
-0.001717385230064793
-0.0015376732404734277
-0.0013915168927653614
-0.0013133438250595353
-0.0012212837596531816
-0.001133834236896589
-0.00103944831022036
-9.373073283451469e-4
-8.415659510261441e-4
-7.929186501151929e-4
-7.267826577070833e-4
-6.585611089089804e-4
-5.905520598616077e-4
-5.481071961627767e-4
-5.02122350408855e-4
-4.4999865639970104e-4
-4.244146699738503e-4
-3.9057856647035764e-4
-3.5722107661148193e-4
-3.2464852199343857e-4
-2.9137506649161535e-4
-2.6330319665522747e-4
-2.3938990510961227e-4
-2.154110080650092e-4
-1.951150253363133e-4
-1.8269937658598454e-4
-1.7043530234687955e-4
-1.557045573752515e-4
-1.416827799672822e-4
-1.2594314105799783e-4
-1.1620563054059129e-4
-1.0833229413806989e-4
-9.953741107776264e-5
-9.072302901619074e-5
-8.265791694738498e-5
-7.510361206617716e-5
-6.770970150158403e-5
-6.016420200760937e-5
-5.487351700259135e-5
-4.916089869529777e-5
-4.539604877127209e-5
-4.170225997812973e-5
-3.789230620578132e-5
-3.417741382621305e-5
-3.0613863390321903e-5
-2.7741338052358063e-5
