9.104226884554766e-7
9.223990411651576e-7
1.1154315770759867e-6
1.4237866572877316e-6
1.5107374671560468e-6
1.678341029886216e-6
2.0149067208388686e-6
2.040721916962074e-6
2.193203967256179e-6
3.028836504981319e-6
3.6454406606581416e-6
3.793006460256247e-6
4.601207816421662e-6
5.651271116301203e-6
6.040329302715538e-6
6.996003806683253e-6
8.75907634868821e-6
9.775069511103417e-6
1.0885386092338285e-5
1.3007810448542889e-5
1.4053212742787973e-5
1.4730516473592317e-5
1.7944129246396815e-5
2.1053351447934977e-5
2.2148000387561106e-5
2.6053315779315764e-5
3.166863710578541e-5
3.1909249839629625e-5
3.134482545730765e-5
3.8336286792651856e-5
4.72939249249346e-5
5.304393039545843e-5
6.085181580732957e-5
6.919896753001534e-5
7.393227296371615e-5
8.332929837322554e-5
9.970067790012212e-5
1.1308953509640622e-4
1.2702436052936623e-4
1.4990064589070538e-4
1.7216485415294316e-4
1.9058351320921682e-4
2.1823175536470358e-4
2.514206724235492e-4
2.7611779158757374e-4
2.946744087806347e-4
3.0886720357688343e-4
3.2174570057510717e-4
3.5755092935760134e-4
4.1745931648647214e-4
4.640739719564987e-4
4.987565812396438e-4
5.559184098905437e-4
6.110119980732024e-4
6.237298481983537e-4
6.401269011454815e-4
7.306886404236529e-4
8.789176788173444e-4
0.0010027521040107713
0.0010554749161743125
0.0010967108718406174
0.0012205188508236041
0.0013825045433816594
0.0014555456983206365
0.0014747044997458734
0.0015645331096224295
0.001692664263947436
0.0017983643483745428
0.0019464431892117966
0.0021124721741320233
0.0021891773948818903
0.002269807805890562
0.0024697439492200927
0.0026697430546913214
0.0028378499435575888
0.0031214491225803683
0.0034355507915359335
0.0036608619697870107
0.0041050809387132405
0.004984144528700775
0.0058837425320622016
0.006360066668669381
0.0064655535426639925
0.006459637022973993
0.006654342160426364
0.0073076866145005475
0.008172112811522282
0.008754011198559508
0.009148072781197742
0.009770589579552565
0.010533012519103555
0.011160811669295102
0.011825832100311181
0.012768457720082612
0.013818549979415472
0.014697677016734356
0.015456135758320014
0.016403981196537104
0.01765074242165801
0.018968915287824063
0.02033999313897067
0.022033606530662886
0.023822848195552106
0.02522455464233022
0.02658395281050584
0.02833869261157058
0.029810242848722527
0.03062324082094434
0.03185208942736639
0.0339462223015656
0.03579238793176179
0.036979537237795825
0.0381483042446751
0.03913449066507631
0.039877207820680695
0.04182855081841049
0.045551549343716156
0.04921665156814406
0.051482445169548065
0.05301555563839185
0.054544939549022946
0.0563749165068468
0.05907579773498126
0.062233669128765184
0.06435092296961792
0.06536376101020129
0.06690777035007191
0.06994307125184031
0.07405220972426274
0.07788089298084042
0.07949544958492462
0.07866515157536993
0.07807183659688108
0.07958009542144875
0.08186728554967493
0.08395532637707279
0.08678334338550081
0.09007993170351815
0.0927113114627106
0.09537714054435054
0.09816074388579442
0.09883302923062336
0.09768108542820975
0.09833081692595949
0.1010502905942311
0.10224984930905585
0.1014358866987109
0.10128083836336367
0.1017316973568398
0.10075164947745263
0.0990439778439085
0.09899607343941387
0.10071781017826417
0.10212760355278606
0.10223777808154771
0.10287723832319377
0.10585139253731478
0.10923172889163596
0.11017211360937364
0.1101443865931493
0.11180852979698853
0.11355183930606248
0.11348627080881972
0.11359767270855134
0.11406334438995747
0.11119716991780633
0.10540203499211977
0.10195942946530226
0.10199095926559834
0.10188005946190559
0.10069377770203519
0.10001152118087693
0.09949901170164908
0.09837051894072359
0.0970007849801863
0.09475730491560773
0.09087262359088669
0.08672943049929602
0.08329137816574003
0.07932560669084797
0.07477847639434461
0.07148022877142862
0.0693702495954166
0.06661373911951983
0.06318879546255265
0.060448437022176504
0.0584569348630349
0.05658153309992813
0.054827677944816876
0.05294800833019489
0.050346975455415346
0.047625495692736525
0.0461755208741953
0.0459056649794104
0.045007597110579195
0.04217575878844391
0.038024374235603925
0.03420395625141089
0.03164896799964511
0.029852743900092734
0.027808589132348346
0.02537550424355711
0.023228044885152815
0.021684214462709493
0.020416947013693714
0.019250398277474618
0.01836183932847809
0.017711016033757417
0.01702016016838061
0.016253330596072754
0.015532351503222417
0.014735177896232994
0.013673968204891754
0.012533395427069015
0.011722826875590037
0.011364127798707572
0.011231394234012442
0.011100002691406683
0.01085051697223614
0.010388384829179852
0.009796056503719619
0.009327340324685166
0.009002675360255726
0.008626616287763305
0.008279339452192353
0.008136313079729972
0.007924929995798219
0.007363301391802885
0.00679754156681227
0.006614100727186761
0.006570141021273418
0.006334523765790038
0.006009959854591878
0.005744633532707765
0.005493734608347509
0.005253921473214673
0.0050350845007202695
0.0047655357179683675
0.004471518667854903
0.004242943465599662
0.004036161703366377
0.0038120971296287096
0.003643821911632942
0.0035038740788137686
0.0032786654066212207
0.0030107037109637315
0.002805608633307636
0.0026348644178420437
0.0024521506115699377
0.0022851729958420614
0.002126391889588094
0.0019471607210956538
0.0017806257087907295
0.0016475268499153298
0.0015155740035331683
0.0013813891953676004
0.0012668594690033392
0.0011635989845765796
0.0010630128220557524
9.720656444147494e-4
8.832652623444778e-4
7.956492377826285e-4
7.266838479973159e-4
6.709909098931028e-4
6.10518217920464e-4
5.53441261871302e-4
5.073162496593383e-4
4.5905268285581193e-4
4.087977182251705e-4
3.688288417483658e-4
3.348583140234768e-4
3.006108189243319e-4
2.7166070804605404e-4
2.4697752560563747e-4
2.2077609282025298e-4
1.962375364638448e-4
1.7468216545453845e-4
1.5257437492597614e-4
1.3367167624930235e-4
1.2121376018195125e-4
1.096128040021522e-4
9.710515642738042e-5
8.716159128711332e-5
7.784957573301685e-5
6.751410445889972e-5
5.9774580447381614e-5
5.415615552174085e-5
4.720672626094107e-5
4.0855139370457504e-5
3.680048966866837e-5
3.228558427816119e-5
2.7295799984692424e-5
2.4046355552256968e-5
2.113371459233599e-5
1.7442489323028277e-5
1.4923294918190896e-5
1.351865734282484e-5
1.1486585843270976e-5
9.5347521583463e-6
8.525256620575778e-6
