-1.10186110063088e-6
-1.164044613239942e-6
-1.2592872914877494e-6
-1.4839550713189092e-6
-1.5893776329925083e-6
-1.6679791947626558e-6
-2.058421691329702e-6
-2.499034165809432e-6
-2.7141055835280975e-6
-3.0872089426035308e-6
-3.6404089202051066e-6
-3.908776213831924e-6
-4.185034839843962e-6
-4.935174582700645e-6
-5.716220312882805e-6
-6.304447191177757e-6
-7.135471062436728e-6
-8.018924888188284e-6
-8.661993030939722e-6
-9.750647305126478e-6
-1.1627751096380892e-5
-1.3614320939323144e-5
-1.547669249008895e-5
-1.7686265965212137e-5
-2.0286692060499293e-5
-2.2534694167173678e-5
-2.411011177555299e-5
-2.7302983690363758e-5
-3.490878219567574e-5
-4.3785323756292976e-5
-4.782900088557466e-5
-4.917499357956554e-5
-5.4831899451323376e-5
-6.424223396787016e-5
-7.408647504812358e-5
-8.610004762850275e-5
-9.825545788994252e-5
-1.0582066598525627e-4
-1.1456549013983083e-4
-1.294818902993655e-4
-1.4183345658426287e-4
-1.5043894700228667e-4
-1.66501744359389e-4
-1.8444464321791106e-4
-1.9445365920004031e-4
-2.1789536479848714e-4
-2.720579525446507e-4
-3.277896530380186e-4
-3.603296624891768e-4
-3.930115519317102e-4
-4.4357819317844164e-4
-4.930745602861596e-4
-5.40870897512056e-4
-6.169186686148136e-4
-7.149273634266033e-4
-7.8566738234506e-4
-8.234692040895027e-4
-8.901116626800284e-4
-0.0010132586175267346
-0.0011374229345226707
-0.0012313245624704136
-0.0013423486242737023
-0.0014853942977607257
-0.0016248323838217575
-0.001798554619190434
-0.002054720156890158
-0.002301381549552295
-0.0024716409603288713
-0.0026935163345825743
-0.0030343210136504163
-0.003355773268247876
-0.003630613402867025
-0.003990349939701874
-0.004378431290771216
-0.004671118953837774
-0.0050288106427584574
-0.0055445940455638755
-0.005856198058226843
-0.005705619084541095
-0.005453800340524712
-0.0055514108412848436
-0.006017267052478729
-0.0067484415053155975
-0.0077137037973258925
-0.008617621661760146
-0.00905882708106684
-0.009253653777180796
-0.009919098470850329
-0.011159044730463948
-0.012226965821986834
-0.012797000369055333
-0.013524949686814947
-0.014745841077215905
-0.015789554857731473
-0.016352748841462445
-0.017157236707331564
-0.01848918925008628
-0.019657100999875415
-0.020422015145254088
-0.021280183405852082
-0.022227699724450246
-0.02291740851477353
-0.02362835402402139
-0.024622533758151297
-0.02548306556965734
-0.026187598225378837
-0.027510810644787845
-0.02965591257972015
-0.031769941126500514
-0.03302688905310589
-0.03342396420483112
-0.03392859626310976
-0.03582582090418032
-0.03891493332873135
-0.041223699784487644
-0.04181817517765591
-0.04220267231535844
-0.0436873450534932
-0.04570628893452162
-0.04765173621761374
-0.04980457709009505
-0.052026086746645904
-0.05365421392303081
-0.05450652419361389
-0.054981261535870685
-0.05602984200644099
-0.058518172786411124
-0.061249777082713903
-0.06175755251563594
-0.06063247659002136
-0.06163809767212619
-0.06616637011034562
-0.07160292348329513
-0.07571360167227457
-0.07847660568632155
-0.07995318267470777
-0.08014889915331348
-0.0801496760173865
-0.08087058701350686
-0.08198514422622787
-0.08323401875336972
-0.08505376936742512
-0.08737367321789437
-0.08936521647172535
-0.09097780824644133
-0.09362182340253791
-0.09801459228368284
-0.10200618759400491
-0.10308045886369757
-0.10256576339422858
-0.10359667491297235
-0.10568124375981285
-0.10608647593894065
-0.1052722951873226
-0.10584980839877359
-0.1078892303352099
-0.10925471074848533
-0.10832065118574337
-0.10463866739057781
-0.10006736999773724
-0.0985333219520296
-0.100805804312557
-0.10232649583258056
-0.10035373846243283
-0.09867491714226027
-0.10084299821573788
-0.10423419560553471
-0.10523530527334377
-0.1046061528278805
-0.10374379878037043
-0.10164503317279779
-0.09888615209130296
-0.0982014001757949
-0.09893478865869214
-0.0980208275522845
-0.09681557404397913
-0.0987033263118988
-0.10155364307917172
-0.10147883350339394
-0.1003346617692826
-0.1010364065933871
-0.10143139221851806
-0.09974557491199798
-0.09846517116085421
-0.09849667180337772
-0.0976385687267768
-0.0958623083589813
-0.09472460937783984
-0.09364367456514691
-0.09200956568381707
-0.09063427966947925
-0.08884192001544047
-0.08533742360077598
-0.08127416286170798
-0.07815824149332307
-0.0757981731784733
-0.07440935720407284
-0.07430909500269392
-0.07398435012429883
-0.07261579986135488
-0.07169058010396827
-0.07149759945124165
-0.07045323412858209
-0.06854701172207572
-0.06680038903234818
-0.06461423848850599
-0.061427523738285736
-0.058397428951914375
-0.05615165185896798
-0.0538096499108695
-0.050999695343874676
-0.04844860397458765
-0.046717290196184987
-0.045534249186462594
-0.04398418047499414
-0.04146119172005875
-0.038545335520467704
-0.03608475555018161
-0.03400355883354451
-0.031988008969684775
-0.03011462081967601
-0.028279228276038293
-0.026404584101217078
-0.02484410017281153
-0.023517173663564154
-0.021934142282271817
-0.02043611212944255
-0.019561979098499962
-0.01868489927134513
-0.017144893250887104
-0.015502997601485413
-0.014302301674705725
-0.013256063772459697
-0.012275781271321395
-0.011587308848119569
-0.010930636784417
-0.010005878574073632
-0.009098769063560478
-0.008464275162679176
-0.007916530821627363
-0.00730115891312812
-0.006655163141017991
-0.005998495023413081
-0.005388056996901279
-0.0049215854921566314
-0.004584824433937195
-0.00430509585555358
-0.004034440251703992
-0.003720379395024115
-0.003382276146832533
-0.0031147481916514955
-0.00290353196096866
-0.002653223245256118
-0.0023854933408461176
-0.0021768154466771366
-0.00200841410175256
-0.0018372137368270096
-0.0016700985917363785
-0.0015178028993869143
-0.001389976278797089
-0.0012959898975364085
-0.0012086824469932991
-0.0011037095425062073
-0.0010006411393074272
-9.096789231102666e-4
-8.200155046568658e-4
-7.439070258491729e-4
-6.87952549669178e-4
-6.30228312933692e-4
-5.70683364267602e-4
-5.247474563959281e-4
-4.7774387906222637e-4
-4.208977685505649e-4
-3.767775074892009e-4
-3.4795689825340516e-4
-3.1569149852234775e-4
-2.8490608787665243e-4
-2.6378994634447376e-4
-2.3911985611041716e-4
-2.0905641260897037e-4
-1.863595648126411e-4
-1.6820006467635736e-4
-1.4869825660498323e-4
-1.345951091152522e-4
-1.248029508462339e-4
-1.1117197564902783e-4
-9.761405383798613e-5
-8.856850494881549e-5
-7.894870982331799e-5
-6.897092007779105e-5
-6.298762831306245e-5
-5.766469504964991e-5
-5.0766618094381885e-5
-4.598677489600359e-5
-4.2340294074344673e-5
-3.6907020534123485e-5
-3.2550478124120514e-5
-3.036544130294295e-5
-2.7143200470948324e-5
-2.351848710484225e-5
