1.0122938414893545e-6
1.045395276098849e-6
1.1294499794220535e-6
1.3872571367658404e-6
1.50555280331153e-6
1.6252109264092348e-6
2.056933454817359e-6
2.360208860782097e-6
2.3898227958930164e-6
2.7789996537033625e-6
3.4296318661475387e-6
3.87211328341617e-6
4.565988872981709e-6
5.616749169725587e-6
6.426735435487956e-6
7.4244848109836225e-6
8.99983326678369e-6
1.0199762894499425e-5
1.0931008588573777e-5
1.1965433010072835e-5
1.2854342888015298e-5
1.3818819124181123e-5
1.628279701991061e-5
1.9585451644594024e-5
2.2626487633522483e-5
2.6050069890950977e-5
2.8503367393877953e-5
2.9035536705730405e-5
3.2248629369580046e-5
3.9463674103305096e-5
4.4281193382612866e-5
4.6721113242020364e-5
5.3775620508317565e-5
6.4002800406707e-5
7.301713908059492e-5
8.401318316973361e-5
9.689076066925777e-5
1.084388599835506e-4
1.2415762872918965e-4
1.4495523659830252e-4
1.6189598330005236e-4
1.798485599566575e-4
2.0916605649670586e-4
2.393991393188909e-4
2.612883773954211e-4
2.8306646286341166e-4
3.0454248208938435e-4
3.264633674611562e-4
3.661938905419342e-4
4.148706793522714e-4
4.4702127995674174e-4
4.8739757855073264e-4
5.599266732290338e-4
6.177434319193887e-4
6.407810542866615e-4
6.799488762139888e-4
7.269271016309901e-4
7.348196755468569e-4
7.696010002446325e-4
9.08563746186942e-4
0.0010767104647321105
0.0011922747914139501
0.0012981902586713622
0.0014181413702937823
0.0015207356009594585
0.0016542384509412005
0.0018570433502878494
0.0020053885286874834
0.0020093105646632587
0.0020408061532325057
0.0023101618816501164
0.0027076598966183506
0.0029287414216800085
0.002933078026118811
0.002987725444680953
0.0032109707083904995
0.0034256403211630516
0.0035361065870698357
0.003661562617043369
0.003892667348202209
0.004283101287080603
0.0048953141762122804
0.005550526717147734
0.005947359399824712
0.006214671324760367
0.006763519596466776
0.007596655925359575
0.008433774244014364
0.009296356066322432
0.010277083264078623
0.011085080822259508
0.011448802971807429
0.011615291654442899
0.011992476830315327
0.01264229314834991
0.013451606815147983
0.01444225889642393
0.015579704506219852
0.016607944214685696
0.01743343969724843
0.018356431764321137
0.01961536030418266
0.021090608835961134
0.0226926663574666
0.024600739983566017
0.026892577516747982
0.02918320344900363
0.030876443408864373
0.032014733792732154
0.0335221678612238
0.03570483232135043
0.03720907603410034
0.03709882089948771
0.03682438497006356
0.03812229752961617
0.040663448971887894
0.04358888547872224
0.04702205002123777
0.05073840542857222
0.0538115530114552
0.05609405087484398
0.05819307143719361
0.060419818410870754
0.06259274970036212
0.0641477619202596
0.06507018417157177
0.06675240197458437
0.06955486933136976
0.07082771081605238
0.0691456188717118
0.06779035348694067
0.06987661557164057
0.07374460683125107
0.07640920790591033
0.07753510800603282
0.07837371733189212
0.07992109395231542
0.08212912407663431
0.08394093576618647
0.08527566833152458
0.08740908053610764
0.09022696359095887
0.0926745497905577
0.09541147766690616
0.09841296766935295
0.09917549991221136
0.09770063823034207
0.09761988362625497
0.09981703993885262
0.10183358676232449
0.10316153377497217
0.10452041190601319
0.10521593818214182
0.10561616335912896
0.10701552357644846
0.10835832498058649
0.10882544355676127
0.11021838402322938
0.11191505174057172
0.11023151671992212
0.10601325887274748
0.104802039024948
0.10825254745203461
0.11253305164672
0.11449504565165147
0.11427640396545886
0.11326952686352629
0.11207439703454343
0.10970159078093517
0.10522501848538997
0.10021082680399183
0.0971473097055182
0.09588946617362495
0.09428074823829709
0.09156888423315351
0.0889385495927193
0.08694980430466609
0.08432211940940013
0.08023968423264936
0.07624196921800325
0.07365313343096562
0.0712717652992405
0.06840774598609552
0.06671267831042402
0.06622703545322453
0.06450950992498583
0.06141039683579827
0.05887672537810947
0.0562978148465024
0.05225734079845431
0.048553708723049385
0.04682376933424899
0.045156285136997695
0.04226890865220429
0.04001705259236268
0.03914328628052383
0.03767702650513719
0.03484409023684699
0.03222806541081471
0.030683298602817054
0.02925810322359752
0.0272423524911443
0.02528331913399231
0.02415755522256088
0.023449516207526565
0.022156299915855607
0.02019366810200005
0.018377763141661754
0.017207713682698918
0.016613099979102555
0.016457559751611443
0.016480672343873393
0.016278337818096948
0.015764052842999924
0.015103593174782782
0.014293663786151307
0.013394679054236728
0.012754032004355223
0.012470593935552726
0.012174499693058918
0.011658774201809424
0.01112627857048004
0.010662020828013635
0.010089093759726102
0.009417604989211707
0.008868419204838758
0.008462205100811892
0.008062836865867867
0.007696175930748803
0.007417250509428461
0.0071015989997525305
0.006681031660558846
0.006278708083190531
0.005957280950536921
0.005666915271050745
0.005412601210793745
0.005183367984361953
0.004900963655023358
0.004596600715553924
0.004358236854075089
0.004123932314978132
0.0038183148707144126
0.0035173602948889407
0.0032761379866483656
0.003054013799237684
0.0028542076810267156
0.002682156498944099
0.0024819941645158926
0.002273018573898801
0.002122590846451985
0.001976608483793346
0.0017775832022651047
0.0016139654556631639
0.0015389277267626885
0.001465248349554494
0.0013462289443973144
0.001221658814588335
0.0010977026257815601
9.722570082068025e-4
8.820064750789582e-4
8.235092918672493e-4
7.552829648281794e-4
6.823944981795022e-4
6.269861817827927e-4
5.747806580080127e-4
5.161869849744893e-4
4.63768384165533e-4
4.19538559629764e-4
3.8188410798496177e-4
3.540435560451917e-4
3.2591287834396053e-4
2.89570989697615e-4
2.566615611983906e-4
2.322552131732481e-4
2.084636184391839e-4
1.8680381819617046e-4
1.701518354433663e-4
1.5206548966272397e-4
1.3378594183440653e-4
1.2159323113082119e-4
1.1027591345231185e-4
9.60791287875927e-5
8.556495785484756e-5
7.836369638496205e-5
6.819827078783775e-5
5.8143470875866865e-5
5.228703036865372e-5
4.678500055262715e-5
4.049938125257464e-5
3.631438325746358e-5
3.2598112480909605e-5
2.7649098177548003e-5
2.3904304298016317e-5
2.1517089732724283e-5
1.85914665736764e-5
1.6064972323096187e-5
1.4452051898255684e-5
1.2212275523503473e-5
9.88677330107279e-6
8.73700306270689e-6
