-9.762796675378324e-7
-1.0867906112773104e-6
-1.1888920852476169e-6
-1.373386080514971e-6
-1.6364462014927797e-6
-1.8426797247215028e-6
-2.0328185847350043e-6
-2.3211032591539814e-6
-2.6756362604969217e-6
-3.139731274381932e-6
-3.7046562307172964e-6
-4.09543310461672e-6
-4.409943430779295e-6
-5.072800022451465e-6
-5.773026374633794e-6
-6.086978777260187e-6
-6.566539183509926e-6
-7.438329100811359e-6
-8.324098181580425e-6
-1.003633065083954e-5
-1.2983795367910814e-5
-1.5224951655701948e-5
-1.6359729172551512e-5
-1.864873884225663e-5
-2.1310164327434138e-5
-2.208640627691215e-5
-2.420251349602609e-5
-3.0889246266568534e-5
-3.787263353352362e-5
-4.189330534541868e-5
-4.704551991335287e-5
-5.5597333870365006e-5
-6.47889165070746e-5
-7.36180730842673e-5
-8.211015051912148e-5
-8.990335221102023e-5
-9.986842603358853e-5
-1.1270981417192578e-4
-1.2383505157172512e-4
-1.35029354302577e-4
-1.5262053316570547e-4
-1.7165298130362265e-4
-1.848855936992354e-4
-1.990190947621842e-4
-2.2214822688750705e-4
-2.5398135786850585e-4
-2.9386674708705e-4
-3.3577923931222116e-4
-3.7218761891526453e-4
-4.161069582207446e-4
-4.788209449763627e-4
-5.365903665536666e-4
-5.756976339299753e-4
-6.28517824091401e-4
-7.132305495804352e-4
-8.071208529878671e-4
-9.000337423273881e-4
-9.928522420177806e-4
-0.0010722193046425002
-0.0011507900631046338
-0.001256486565301914
-0.0013799414658977863
-0.0015314869316535513
-0.0017412925716381758
-0.001918053734122234
-0.001959000103742346
-0.0020327399724479646
-0.0023667356513601434
-0.002804739173521367
-0.0030375563305412583
-0.0031164340687404803
-0.0032919124862187577
-0.00361491037235034
-0.004038592007626003
-0.0045613651881939036
-0.005102316393912194
-0.005599507493655125
-0.006171196624993332
-0.006857372666393605
-0.007450309029920439
-0.007803589525538223
-0.008006890940589612
-0.008240188786152135
-0.008694469288787022
-0.009384152199063005
-0.009960270404316896
-0.010204132439586563
-0.01051386164035216
-0.011225455993366468
-0.011983482401890518
-0.012568041541998877
-0.01349847101271383
-0.0150401900976215
-0.016646132312732327
-0.017936449982760682
-0.01909989066420536
-0.020169114575773167
-0.021073048014848224
-0.02215447335100288
-0.023601854173414878
-0.025009444178332483
-0.026167009621801282
-0.027256313159927936
-0.02805450703284125
-0.028237650549892978
-0.02829482620265168
-0.028953992579968488
-0.03024323794364008
-0.03178707584726006
-0.03315958615422485
-0.03408390042932184
-0.035290979011680094
-0.03799098821663616
-0.04152353894932685
-0.04372814790084281
-0.044288574973640256
-0.04476499092130334
-0.0453958704945227
-0.04539963042361414
-0.04562626832525096
-0.04726247640847691
-0.04936655142349843
-0.05085428258015382
-0.05279782035412205
-0.05616778300963988
-0.05969845342956259
-0.062045847071712325
-0.06409150090156933
-0.06765545384655958
-0.07290105811219891
-0.07774954300540811
-0.08003532138066224
-0.08020051429767734
-0.08079974148505462
-0.08300785827801285
-0.08533588267078931
-0.08637910930953337
-0.08688748060938171
-0.08828997283861154
-0.09059926129648975
-0.09244764310666233
-0.09262606049063384
-0.09155785596645266
-0.0912514183404924
-0.09318108389915128
-0.09648791417636052
-0.09926182911850345
-0.10089135463914363
-0.10157709709463435
-0.10072207751164157
-0.09847804407889188
-0.09767462351580887
-0.10051665008001665
-0.1043948043189935
-0.10522116861556395
-0.1035725801698753
-0.10277312311948225
-0.10301349060619866
-0.10291145810518287
-0.1041455031978835
-0.1082440119343877
-0.1116284305116235
-0.11021319266761063
-0.10611686890402776
-0.1040025666812132
-0.10382234043656591
-0.10264406315073778
-0.10074312536399048
-0.10064177376308442
-0.10206690424253552
-0.10226683445769065
-0.1003861165967021
-0.09829805425791951
-0.09746464374480694
-0.09740914299931235
-0.09746506685363181
-0.0980573923804876
-0.09946639265050163
-0.10078700186773568
-0.10111439454596136
-0.10065305529054425
-0.09991970901855743
-0.09896359253177156
-0.09773278168767253
-0.09617147104712416
-0.09420360065921099
-0.09237759196184134
-0.09141491195234049
-0.09071379416180947
-0.08911612293375414
-0.08697551520786746
-0.0852803517898723
-0.08370082763246463
-0.08163581547130036
-0.07952056680779818
-0.07767691589015241
-0.07602887804459689
-0.07502404417662967
-0.07443000630716515
-0.0727440236041014
-0.06998643773680942
-0.06806117433372501
-0.06691963968500211
-0.06456112722615287
-0.06125835057436717
-0.05914133485215648
-0.058203341352512476
-0.05684309748007207
-0.05473877679510734
-0.0522361834926061
-0.04921472816563182
-0.046063174308587876
-0.04342095817564178
-0.0410069305233304
-0.0385614379387533
-0.036573879484149384
-0.03498468218691412
-0.03318519606370664
-0.03139382336244995
-0.02998332778888844
-0.028346543819049934
-0.026134788954436865
-0.024134199315412618
-0.022858785902642353
-0.02187688405851621
-0.020815053785666893
-0.01965556642626297
-0.018361350406425316
-0.01707888405753759
-0.016050602957513746
-0.015085120547378043
-0.013908303797635321
-0.012762055390510025
-0.011917730561804863
-0.011154524756560157
-0.010252247656330548
-0.00937376084180697
-0.008669670124733077
-0.008044641331382291
-0.0074100276808731465
-0.0067975583634816645
-0.0062453268371148694
-0.005765004480151447
-0.005354819115624232
-0.004983838237924398
-0.004625195278641644
-0.004285028871168866
-0.003956812296222054
-0.0036117081897066895
-0.0032731416953298634
-0.0030178707626155278
-0.0028509395091000276
-0.0026691291471901157
-0.002411677266756801
-0.0021481889338428014
-0.001956249761898188
-0.0018229181407341073
-0.0017082754143985907
-0.0015919008791737328
-0.0014511308808682444
-0.0012932961475773178
-0.001170602018018516
-0.001094817588390579
-0.0010166788379956878
-9.205333487317931e-4
-8.386338269671736e-4
-7.737983263243013e-4
-7.020601916674717e-4
-6.259742235814321e-4
-5.599494404976736e-4
-5.021828264191062e-4
-4.513627048878271e-4
-4.110325951203598e-4
-3.7539704274024523e-4
-3.3947893753116337e-4
-3.082387146865185e-4
-2.827532464134729e-4
-2.574610068667179e-4
-2.315225611343747e-4
-2.0786827074429127e-4
-1.8697389823471683e-4
-1.6789813261512568e-4
-1.4973520580880982e-4
-1.3278833337707373e-4
-1.1922374659514573e-4
-1.0867174911289127e-4
-9.764255069096715e-5
-8.607788941958529e-5
-7.689006376128727e-5
-6.973990738051188e-5
-6.276506033500582e-5
-5.649140318129066e-5
-5.1251579923156366e-5
-4.592864566286867e-5
-4.044256758309512e-5
-3.5490987405429244e-5
-3.137753349994134e-5
-2.8397745252017205e-5
-2.603127747495906e-5
-2.3146743151507642e-5
