9.492404309935025e-7
1.141747975806419e-6
1.3517690931900455e-6
1.5630705810978605e-6
1.7369782176088379e-6
2.0367776971607584e-6
2.4093912873657658e-6
2.8243673666267773e-6
3.2959900909852633e-6
3.795876636188747e-6
4.387972242400823e-6
5.019078045958335e-6
5.8127606117765115e-6
6.683772176034901e-6
7.600330371531913e-6
8.654358821618645e-6
9.885112667771893e-6
1.137321369929627e-5
1.308362861702454e-5
1.4786277379075668e-5
1.6688961106975642e-5
1.8967826228321376e-5
2.1456643299546884e-5
2.4134005481706e-5
2.748972787678926e-5
3.1028506666554254e-5
3.446317750190847e-5
3.8906185109143545e-5
4.383744492537453e-5
4.8361828196632795e-5
5.3921205194614644e-5
6.0755529296982745e-5
6.72661886654818e-5
7.413215902375836e-5
8.235848787618739e-5
9.108785870448171e-5
9.972639800327259e-5
1.086312897081436e-4
1.1891804614643829e-4
1.2893540147045394e-4
1.411152920863784e-4
1.5205765425238896e-4
1.6349783979405973e-4
1.758096583919254e-4
1.8920285048129815e-4
2.0142605500231354e-4
2.1284694109078577e-4
2.1883949395299794e-4
2.295912985323877e-4
2.4039575868320016e-4
2.483208183828937e-4
2.5148491158700787e-4
2.558854248501034e-4
2.5753318371604276e-4
2.542511087734821e-4
2.5207317056229347e-4
2.4528787018750046e-4
2.2565211248676484e-4
2.0876593491891396e-4
1.9963234207888365e-4
1.7739971227284247e-4
1.5730856837055808e-4
1.3142057198237546e-4
1.0607892049579589e-4
8.292770440284234e-5
6.469650826205494e-5
4.169772224638254e-5
2.1881412013226914e-5
2.2040657714206434e-5
4.7072835374369396e-5
7.806019003667812e-5
1.1683335533199137e-4
1.7249961670192575e-4
2.7828436703179396e-4
4.0258018789323416e-4
5.955535738813935e-4
7.826499883237476e-4
9.677638189014379e-4
0.0012530911260678784
0.001680429588971964
0.002041522020188459
0.002445086911381078
0.0029687986929969345
0.003479160045493949
0.0040554294984928
0.004794838790149653
0.005591419225046171
0.006344979099747421
0.0072760338473112545
0.008171340466857387
0.009183182908290817
0.010307747649889868
0.011594794984912966
0.012810374860266208
0.014245092513952772
0.015665009601286847
0.017270438388064892
0.018933043301384428
0.020763194780123957
0.022533283204118883
0.024243440872377446
0.02614016381842219
0.02801544897369035
0.030566223194818727
0.032873346692009954
0.03524907592502592
0.03791261467792795
0.03996163735922689
0.04274975092060295
0.04574119368188953
0.04848250556505913
0.051082783202833784
0.0539931513930774
0.056908184425021775
0.06092411200698728
0.06315682943296409
0.06637318608306525
0.06965880223865356
0.07281733999439255
0.07672751573732642
0.08022178980274686
0.08289100401803938
0.08640217206416922
0.08957967559135907
0.0930155292090673
0.09604227152481966
0.10048223584656674
0.10415001571323729
0.10693059956711837
0.11043681933596443
0.11417791138171338
0.11646276134343636
0.11929676212498977
0.12279861833150726
0.12662558439102
0.1296595489831186
0.13179673147527593
0.1328886198094228
0.13665278827286015
0.14073507103147953
0.14270132678863243
0.14387807466058644
0.14655826153399154
0.14978034512839777
0.15127231272192798
0.1511004735242828
0.15127475401603704
0.15211625745301416
0.15386280145584263
0.15485284643179836
0.1559330004807703
0.15577581541734362
0.15581251645148148
0.15502021334261917
0.15424509403389638
0.15413639041965116
0.1522633586445801
0.1505468013123535
0.1492042247927828
0.1482722805779281
0.14625539692903683
0.14386079858294037
0.14256977213395194
0.14055053671644452
0.13672174004312265
0.13306973538995587
0.12921484902146269
0.12488849105805769
0.12102625461654674
0.11648770460443021
0.11267821167086427
0.10787203112163388
0.10468223392379128
0.0994133574037874
0.09404792704071692
0.09064423660275726
0.08528687251120154
0.07984665440717165
0.07424183946405369
0.06985932629324923
0.063981664550226
0.05827771043739885
0.05333446896754312
0.04778543211408149
0.04304391452747618
0.039005271159687625
0.034347776247979356
0.029868267034660122
0.02620242899152833
0.021740197328458197
0.01881237029125079
0.015607733210316716
0.012110529054697453
0.009013924050940564
0.00638288025480674
0.004711783911162117
0.003805592999168096
0.002814209614757165
0.0017256452371691453
0.0013063778434056306
9.762290359238891e-4
4.878892190104199e-4
9.006195189266563e-4
0.0010918954468023768
0.0017039981968353093
0.002546806822319149
0.0034474742346288535
0.004461817470522888
0.005587085299310296
0.006320269586060238
0.0072455740759962755
0.008136882201950451
0.008949120638603463
0.009729450000108313
0.010460720683452187
0.011102602437107013
0.011651291645381825
0.01216067716302847
0.012511402081306392
0.012733236806125186
0.012873900782312212
0.012965227903470005
0.012965576161252292
0.012885686142472376
0.012776217473788794
0.01260444378755113
0.012382777573829324
0.012145830893143954
0.011777961819845549
0.011406919840311478
0.011045888698657667
0.010638516270232202
0.010241486011760262
0.009788064316868194
0.009373258817545783
0.008934921156378844
0.008482313154697205
0.00803160665173264
0.00761694873702769
0.007208451869705141
0.006821111731766486
0.006396676367619132
0.005999211035350171
0.005617068208752168
0.005277813274845745
0.004910040100512924
0.0045713587209919564
0.004255574100051382
0.003957736131547658
0.003674033535112424
0.00340752912987964
0.003148331416051227
0.002903843343490941
0.0026808269598441155
0.002461704873658733
0.002259904355685642
0.002076493747604875
0.0019002829045906408
0.0017398806654953798
0.001589450119727639
0.0014516243864439561
0.0013241415729755347
0.0012018002627586372
0.0010888759530362727
9.856233645101154e-4
8.925661727142677e-4
8.072319335510503e-4
7.284931364330909e-4
6.542382030041653e-4
5.876900862598882e-4
5.274260811813972e-4
4.7345239785543465e-4
4.2282790121609814e-4
3.775160247733921e-4
3.3614965366656006e-4
2.986768660877502e-4
2.650357226188191e-4
2.342047041538024e-4
2.0792332202667523e-4
1.8336655012573974e-4
1.6083755356826056e-4
1.4169269943980567e-4
1.2415299796413227e-4
1.0789749293594747e-4
9.363587455131461e-5
8.11546977899498e-5
7.005042964242547e-5
6.035402098872118e-5
5.190094072517457e-5
4.430764446054651e-5
3.777986612142571e-5
3.202085841906811e-5
2.697346412707967e-5
2.2654471995479712e-5
1.8836937793174605e-5
1.5732503718380156e-5
1.2913467617670607e-5
1.0552256160998429e-5
8.58965880262744e-6
6.868531782140494e-6
