-4.235816621462892e-7
-4.952400705343923e-7
-5.572804590733642e-7
-6.3011884211841e-7
-8.194887939962193e-7
-1.0024911425921696e-6
-1.155015150561148e-6
-1.319234965210863e-6
-1.5115539481711475e-6
-1.7364435716375481e-6
-2.0163227444586374e-6
-2.4234812539221777e-6
-2.7663043019645633e-6
-3.236104416180819e-6
-3.740816501739076e-6
-4.481335367312007e-6
-5.36154025607161e-6
-6.188541378307276e-6
-6.987547434949578e-6
-8.120634116453631e-6
-9.665444871405446e-6
-1.1115597957291127e-5
-1.2900936896340579e-5
-1.525624632358845e-5
-1.7656563290419285e-5
-1.9903838847004742e-5
-2.3727364356051594e-5
-2.737003495808236e-5
-3.1172056918717805e-5
-3.6794888727478214e-5
-4.2878226307498035e-5
-4.907930561810698e-5
-5.682966920064218e-5
-6.626599299390892e-5
-7.623467898547275e-5
-8.740344059161029e-5
-1.0048758901523553e-4
-1.1666963298348012e-4
-1.3487379636514457e-4
-1.5450842857465117e-4
-1.7828818017948296e-4
-2.0559391240290375e-4
-2.3707094078576053e-4
-2.7180463081108143e-4
-3.1179296289703606e-4
-3.5605686249939395e-4
-4.0627085481072825e-4
-4.6088501994372063e-4
-5.368251301909005e-4
-6.14617041677069e-4
-6.962253293851944e-4
-7.911849074615978e-4
-9.025126700928218e-4
-0.0010222300052938466
-0.0011654286050679088
-0.0013158969195367605
-0.0014700524076214066
-0.0016548539937907849
-0.0018693895926421553
-0.002094809155107166
-0.0023360376720729563
-0.0025888913356088674
-0.0028985130449201077
-0.0032157022497018278
-0.0035533070740007278
-0.0038972473495331194
-0.0042615257599355975
-0.0046376649741531415
-0.005074197541633239
-0.005506399861995687
-0.005995343114043471
-0.0064884755789787335
-0.006998137962495318
-0.007521336351913586
-0.007962486153338864
-0.0084526465932931
-0.009010713691836383
-0.009609668923390987
-0.010180122256240876
-0.010716439937632912
-0.011266346754286807
-0.011924638601257337
-0.012546933336095838
-0.013201075092956732
-0.013746328966475733
-0.014309045900088182
-0.014988918833106431
-0.0157109358692112
-0.016467572165346882
-0.01694330814662437
-0.017482421408918758
-0.018042024454337786
-0.01855740404983484
-0.019522708256595335
-0.020316495445773082
-0.0211091100776339
-0.02178150224144166
-0.0226458371330561
-0.02326392947464158
-0.023879875089138636
-0.02456144958071301
-0.02521379911188535
-0.02616956739068939
-0.027171472938242826
-0.028170886534626512
-0.02907881650210168
-0.029521049640825064
-0.030449599658561102
-0.031111221026231678
-0.03175847332400872
-0.03275380703227985
-0.03371762715266954
-0.03516384720442414
-0.035820871631666945
-0.03649579624426089
-0.03792278306156822
-0.03895779735770831
-0.04089423185481342
-0.041402047648605306
-0.04263424905847487
-0.04377233035741174
-0.04504313117688012
-0.045854777639083646
-0.046501933185449304
-0.04715484367176206
-0.04996822577027027
-0.051186479576090405
-0.052551819074060833
-0.0539077665007713
-0.055403014421446184
-0.05624283196255878
-0.057096701879094734
-0.05831265677322235
-0.06007268279804687
-0.061480271887220994
-0.06289112790481265
-0.06422921506919296
-0.06585480130768996
-0.06773767251971818
-0.06814675790357383
-0.06989541820161053
-0.07068118871722202
-0.0731297594788511
-0.07368575637407944
-0.07454265307932048
-0.07699676756409021
-0.0799579429116078
-0.08303476202518253
-0.08399853712647626
-0.08463098579114699
-0.08483932799217794
-0.08899732882696368
-0.09090317193094569
-0.0920162220910315
-0.0938386104045304
-0.09630638544482936
-0.09816681371875399
-0.09962030522483457
-0.10108698490870043
-0.10272010645393027
-0.10557383776609376
-0.10683791817660424
-0.10820150048121308
-0.10988483415923413
-0.11172820300377265
-0.11395827280586841
-0.11515660947692723
-0.11865520821604578
-0.12104766986602032
-0.12237316751770096
-0.12404721399001106
-0.12643719377377752
-0.12723576794842656
-0.12925997867683192
-0.131267422035747
-0.13248921959942161
-0.13532059026348994
-0.1371869731025876
-0.13786008947346395
-0.13925852031902441
-0.14017568694671378
-0.14118087013508598
-0.141316229412462
-0.14225683083537627
-0.1431295027966529
-0.14303612069826402
-0.14414228905034776
-0.14399868516843728
-0.1434117220930972
-0.1430257708286074
-0.14131805825202487
-0.14045911898271918
-0.1388134566169042
-0.1369403708538701
-0.1348300480324644
-0.13158849398864214
-0.12838436958608507
-0.12533602241632363
-0.12218798261806248
-0.11841941827983159
-0.11431431386775402
-0.11000130397273399
-0.1053149473484859
-0.1011080577133151
-0.09631904599941174
-0.09169996122210591
-0.08672404322463138
-0.08211770311095448
-0.07744728025687231
-0.07278106445659768
-0.0686962999814098
-0.06431579517919989
-0.05996578599028571
-0.05593914264980722
-0.052077530775331074
-0.04843456295039161
-0.04497813137025766
-0.041824358476821935
-0.03857801668812695
-0.035823505583182806
-0.032955289791019554
-0.030353268386029406
-0.02794690324290393
-0.025525356921573882
-0.02386496943022034
-0.02188153454921369
-0.020193036646868688
-0.018505148717151393
-0.01691278474064005
-0.015600950545149872
-0.014247329306925252
-0.013139161145738175
-0.012055926319742226
-0.01110028794479595
-0.010138421011828895
-0.0092563347813128
-0.00850804665209368
-0.0078106739372463645
-0.007124744035085768
-0.006463285548964727
-0.005979097842355439
-0.005470688668099395
-0.005026302444064083
-0.004557127172733693
-0.004219277805995604
-0.0038732009312047386
-0.0035483773260730793
-0.003251245861229755
-0.0029313680316930346
-0.002687636525931216
-0.002473384264042158
-0.0022644914836056126
-0.0020525469669859207
-0.001883063101333469
-0.0017190795006865203
-0.001583995903307883
-0.001430524048874355
-0.0013290897582706384
-0.001210805460824698
-0.001104274613528664
-0.0010015685800302844
-9.200125952695225e-4
-8.505883126039923e-4
-7.813224064683309e-4
-7.127301062265372e-4
-6.481066702908832e-4
-5.9108976128585e-4
-5.450960603197537e-4
-4.965576092869838e-4
-4.5603424033606736e-4
-4.1804827432952846e-4
-3.800827402126619e-4
-3.474130690662567e-4
-3.164351583231082e-4
-2.89560073296456e-4
-2.640322572675099e-4
-2.4026414346833624e-4
-2.1888794357170403e-4
-1.9987026716008848e-4
-1.855047750214615e-4
-1.6950571917863166e-4
-1.5272572211783448e-4
-1.402606084539249e-4
-1.2787383863322222e-4
-1.1659546704585199e-4
-1.0674430724488346e-4
-9.782183565240639e-5
-8.928690594976642e-5
-8.151233834503333e-5
-7.412774446781306e-5
-6.724264057344367e-5
-6.095916539719154e-5
-5.521673549841247e-5
-5.013062230822582e-5
-4.556322003467486e-5
-4.1385154455920965e-5
-3.776078053736577e-5
-3.407024139707516e-5
-3.078549962222445e-5
-2.7829353555552647e-5
