1.3270603116086363e-6
1.6767651023962573e-6
1.8137683947344799e-6
1.854707315763318e-6
2.3101849067562666e-6
2.6611230163144198e-6
2.6492845870100245e-6
3.0743937505473003e-6
3.7458253020478187e-6
3.991660109054126e-6
4.549318262711232e-6
5.526768823624903e-6
5.894018953482752e-6
6.43263862291678e-6
7.900332528150664e-6
8.699885395382872e-6
9.156508510505471e-6
1.1349435357654858e-5
1.3616957873641475e-5
1.4439277995778973e-5
1.6590193162618342e-5
1.988022317324292e-5
2.1344024194593426e-5
2.3603202989305965e-5
2.865782842805225e-5
3.233315574724696e-5
3.5262172878668136e-5
4.1216207040643066e-5
4.574465084159634e-5
4.766412454368288e-5
5.464732945008081e-5
6.391505824197087e-5
6.826377850687724e-5
7.582543429987472e-5
8.953797583393733e-5
9.718151186978262e-5
1.033240508610781e-4
1.2060988582096943e-4
1.3625439502108695e-4
1.4210510693859972e-4
1.5605829596857565e-4
1.7840642579764358e-4
1.949807919461314e-4
2.1635505107359468e-4
2.443726949325705e-4
2.5852711476948595e-4
2.721773843464886e-4
3.054695291845961e-4
3.298671728624599e-4
3.383796419891843e-4
3.683358708559585e-4
4.0349566538023976e-4
4.112721745247162e-4
4.3305795756475414e-4
4.7325131681568355e-4
4.6132205991202967e-4
4.3356655773079636e-4
4.8802942542042953e-4
5.567052724152036e-4
5.306730899276998e-4
4.860057315314753e-4
5.171655697382443e-4
5.755219840360482e-4
6.214253299512132e-4
6.643139711966227e-4
6.64641360781865e-4
6.265063822987665e-4
6.277626827814544e-4
6.510040792601201e-4
6.353000418922789e-4
6.410022582506092e-4
7.080047973106173e-4
7.517550618145731e-4
7.692825287936873e-4
8.471467788569568e-4
9.308751304383681e-4
9.258293161528176e-4
9.381848242768013e-4
0.0011076177788330577
0.0013643974541633066
0.0015799770065940343
0.0017760957639325668
0.0020506556202662413
0.002440275434445447
0.002897922941938233
0.003342907733279318
0.00377686533982266
0.004300302722501465
0.004893824287264294
0.005384539091556069
0.005810427550866271
0.006441651139457674
0.007274565295199119
0.008086014912629119
0.0090404976813928
0.010474805166094794
0.012190124976916636
0.013674294524818007
0.014656051653690756
0.015138092289894578
0.01564602530349418
0.017108005338658475
0.01945272416988388
0.02141179659658708
0.022633585220260093
0.0241466402294136
0.02627399897303674
0.028419211570281166
0.030728832254818733
0.03368740475638484
0.036732470909707535
0.038859481999045986
0.03997289089336383
0.04116306664981026
0.0435540356456026
0.04650642063540435
0.04853005222593138
0.050272062910612716
0.053121234970773784
0.055900095375223134
0.05786304676862936
0.06120808834463735
0.0656386475272969
0.06785542638838941
0.06963195806107332
0.07557985098991919
0.08322931472761066
0.08757996826232366
0.0902738014130378
0.0933640245960924
0.09417900447484753
0.09329434919307864
0.09477531858715679
0.09806815202213777
0.10150606142601744
0.10639072484921742
0.10996787082246283
0.1085201610597438
0.10818045087568094
0.11502321673018168
0.12161959180863288
0.1205990795991934
0.11786264184192902
0.1195542504976402
0.1229437154523691
0.12638355751636146
0.13186977897635924
0.13770323394882028
0.14046528579696596
0.14049303245642583
0.14030859532725393
0.1417381192359164
0.14359810147649787
0.14194582530966846
0.13745241792606555
0.13630868344795533
0.13819619542161957
0.13603417144297278
0.13084180550069172
0.12998912725201717
0.13195890990892514
0.13013417392604593
0.12578344838227767
0.123516389246123
0.12312407708486933
0.12351879594602648
0.12438900968288774
0.12296352740507442
0.11797193837909446
0.11248726900840149
0.10771315940517931
0.10196895585424805
0.09728361260620554
0.09746655546060115
0.10026934493575435
0.10000544732567172
0.09620512868186959
0.09259411068827657
0.08941737119630618
0.0836513220885383
0.07612828037409894
0.07118906309571728
0.06876404091430069
0.06463048672164283
0.05890581153604324
0.05563591295070305
0.054565851893138846
0.05195679585205182
0.04752519107952914
0.0434870362190975
0.04027039487084181
0.03751652514966981
0.0349655567605954
0.03132497746948919
0.026410101907962724
0.022500502515126388
0.020686628571830824
0.01954766839326264
0.018318185215246734
0.01719751690047934
0.015613979510870705
0.01361128220922802
0.012522688250985795
0.01241973592377984
0.011958189271354589
0.011007408568844983
0.010474454447324638
0.010320348669392703
0.01000501911604012
0.009685183943568848
0.009641232767784886
0.009683454122499607
0.00968557005636774
0.009781214734494217
0.009904896568949634
0.00985319715488012
0.009790734397648717
0.010055657235736242
0.010493445211361696
0.010651373864245644
0.010508367200266811
0.01030302599010243
0.010003944047495324
0.00963334296821076
0.009482009304686895
0.009515163733976435
0.00936067636187313
0.008996769268462653
0.008649054831827492
0.008303496162179066
0.00794786398308622
0.007725790588091021
0.007552904854178455
0.007216617830139173
0.006796047733946048
0.006467054965919204
0.006193995118666513
0.0059000718175578155
0.005598315708781751
0.005310038931023514
0.005062651230465008
0.004850822025937482
0.00459726253766874
0.004289779078939456
0.003993500371523519
0.00370207654558911
0.0034047482810051146
0.0031680034342965115
0.00298209945484055
0.0027679794488504276
0.002549569133418097
0.002365588002330847
0.002167687581689287
0.0019710981935614383
0.0018438542488976703
0.0017359620772960122
0.0015851058925633549
0.0014471104299281284
0.0013442452838926973
0.0012228242869522414
0.0011012771077266014
0.0010198267504319908
9.362695011944025e-4
8.353039583965399e-4
7.654349567997247e-4
7.160878865121777e-4
6.43709100379451e-4
5.691613142267478e-4
5.166372561870749e-4
4.656198097153544e-4
4.1438660359623385e-4
3.774694234322212e-4
3.427705640789186e-4
3.047491968851982e-4
2.7593749965423034e-4
2.494957906541307e-4
2.1693493110669026e-4
1.91288453659859e-4
1.7397698513294584e-4
1.5281445578990571e-4
1.3304801440322116e-4
1.2116270359744034e-4
1.0772846880154977e-4
9.179910046359023e-5
8.130102247136331e-5
7.21480100053784e-5
6.0578789919697e-5
5.2971096401835765e-5
4.8419039007468966e-5
4.090020293830202e-5
3.394489257540051e-5
3.061411596623322e-5
2.6525535717593812e-5
2.177363806034539e-5
1.954568376365576e-5
1.726462650141022e-5
1.3506535045417731e-5
1.1401720233360385e-5
1.0424326619082111e-5
8.180764057639407e-6
