-9.379765699470365e-7
-1.2370398932608747e-6
-1.2676289828841544e-6
-1.1981747009248623e-6
-1.5012584027142182e-6
-1.691691343069839e-6
-1.644011453095234e-6
-2.0335931241314883e-6
-2.4766824806985323e-6
-2.406235696255184e-6
-2.67809685814663e-6
-3.4244399376531498e-6
-3.6402980776148034e-6
-3.882258389600673e-6
-4.8950593681822535e-6
-5.595390116945393e-6
-6.030889964484758e-6
-7.419320834457021e-6
-8.691942393585167e-6
-9.072029617803007e-6
-1.0387554382050632e-5
-1.2511333495183859e-5
-1.374082264396934e-5
-1.5436953758684703e-5
-1.839309473137771e-5
-2.052364822070325e-5
-2.250603051408351e-5
-2.6029934751647753e-5
-2.934818720495399e-5
-3.3259192958308316e-5
-4.0452186455032774e-5
-4.717860308675259e-5
-5.122100619918487e-5
-5.847468305978681e-5
-6.907596318386878e-5
-7.798644518693722e-5
-8.959582031465805e-5
-1.0575177564350351e-4
-1.179827321043519e-4
-1.3104995961996037e-4
-1.5646403111565507e-4
-1.8199233891884035e-4
-1.9547901302268282e-4
-2.1376090870039367e-4
-2.4738773603639525e-4
-2.853299761934593e-4
-3.283055746367826e-4
-3.784758165168179e-4
-4.2216719680143364e-4
-4.6829897812434424e-4
-5.376918858437253e-4
-6.079265500635775e-4
-6.624866007967788e-4
-7.457665146551122e-4
-8.725041608480725e-4
-9.860518161275448e-4
-0.0010803106881801536
-0.0012248107445394217
-0.001434918263862278
-0.0016529857244032332
-0.0018430059549746905
-0.0020047256507967582
-0.0021573002766407177
-0.002358285866620704
-0.002642648357698139
-0.0029472585985683606
-0.0032236974953835846
-0.0035753429146523795
-0.004091587288379425
-0.0046140953500561285
-0.004946526055377124
-0.00520773783745823
-0.005600793709426684
-0.006021699604571633
-0.006403921717116734
-0.007070939059640135
-0.008102085927635842
-0.00894762824151053
-0.009345708277797548
-0.009789093224738277
-0.01053399141196848
-0.01116430587625621
-0.011474883255359449
-0.011808896412985595
-0.012459364070051425
-0.013354942582458484
-0.014132549448469046
-0.014533469888045498
-0.01502533399214546
-0.016226303949739014
-0.01761662683055732
-0.01838267875856702
-0.01912250066961328
-0.020640932227234943
-0.02208470326486874
-0.022353037694848504
-0.021934140589432934
-0.022027441780912857
-0.023303096564725564
-0.025455736928365617
-0.0269693700120502
-0.026891083605144243
-0.026724365516112042
-0.027883539356020073
-0.029166357402087045
-0.02980108027991266
-0.03109409087419681
-0.03267045105257462
-0.032659523237483244
-0.03225880074218698
-0.033721470533730445
-0.035654228419142585
-0.03633898460909191
-0.03731380548523994
-0.03925946927890324
-0.04062713314197203
-0.042011426184378066
-0.044793656116154164
-0.04691836120442311
-0.04658195267790678
-0.04598763044907597
-0.04675822193179127
-0.04741461276982957
-0.04747969257173654
-0.048041530722595586
-0.04875713555753957
-0.04909044098501043
-0.04994488532274698
-0.05142654807374669
-0.05264906934260743
-0.0541446229532705
-0.0568298501496026
-0.059716434214314426
-0.06126116072395003
-0.06146795362335081
-0.06162525588113948
-0.06282823221721145
-0.06443634627365014
-0.064673598336389
-0.06388367591015544
-0.06467537518487951
-0.06747556037338673
-0.06966038377244306
-0.06995667578253564
-0.06960584856256281
-0.06920471822040425
-0.06825878579931435
-0.06736178232552295
-0.06785074911008344
-0.06973466059653713
-0.0718307424139883
-0.07378520220537597
-0.07628361662735716
-0.07870090326124203
-0.07910328178441828
-0.07826250892028659
-0.07987480116147773
-0.08451615756307991
-0.08828880574865247
-0.08910598277120317
-0.08859536834818643
-0.08783416902954298
-0.0870550180017669
-0.08747272306169815
-0.08873876418623639
-0.08870321285284247
-0.08803094147644239
-0.08949305031602434
-0.0929847515761239
-0.09666769518337685
-0.09993989942745189
-0.10132739979146724
-0.09894730927421155
-0.0950486931648627
-0.09373419900637232
-0.09458826347679543
-0.09447463879072958
-0.09320866583180228
-0.0927497335221377
-0.0938042578659793
-0.09586794477166292
-0.09812190679622884
-0.0997137288654166
-0.1004318542472937
-0.10047358416851132
-0.09991481156844771
-0.09923194540590234
-0.09869541896931215
-0.0974261365701916
-0.09540372013237261
-0.09450708971326241
-0.09511437399333723
-0.09509635459946444
-0.09392949035494025
-0.09340560336067295
-0.09358213624679325
-0.09255267506068647
-0.09003374070648792
-0.08758326820814308
-0.08600415362493924
-0.08459873742580497
-0.08227169316778983
-0.07890187888214217
-0.07571366578253323
-0.07346584538181765
-0.07115425361447901
-0.06801043479204415
-0.06490565235840934
-0.06224895481377902
-0.05907003051005273
-0.055225321075683294
-0.051751627460598235
-0.04879470258634604
-0.04573199962199388
-0.042814613499335796
-0.04055520622625446
-0.0384151318853211
-0.03569599619651428
-0.032794374259797934
-0.03048789206635704
-0.028743708650466587
-0.02704186555567896
-0.02533834793966901
-0.023892042883150763
-0.022466693378428812
-0.02064849108009492
-0.01873158476339619
-0.017306957829363166
-0.0162943160353428
-0.015254583567215802
-0.01411081020663435
-0.012932597603451184
-0.011739713384435899
-0.010753646088772176
-0.01007082417045629
-0.00932556617043487
-0.008345541733914216
-0.00749576546405564
-0.00693041215976872
-0.006370059251040641
-0.005760052788310729
-0.005275863818503005
-0.004833617387235698
-0.004302294686273163
-0.003833863670284488
-0.0035433645991471132
-0.003312697364934623
-0.0030736658714917934
-0.0028664379606395418
-0.0026596864823283557
-0.002413621020236384
-0.002178760798576593
-0.001988133816812956
-0.0018143334228402255
-0.0016516992513904017
-0.0015127035825568754
-0.0013835491640970213
-0.0012489248397574025
-0.0011166186550621467
-0.001005963558431396
-9.283150081097535e-4
-8.679082612872882e-4
-7.990074628353578e-4
-7.241936253061098e-4
-6.58754721280672e-4
-5.996288727243878e-4
-5.446581342023751e-4
-4.997040766314214e-4
-4.549212372408939e-4
-4.028681683451706e-4
-3.6061615479711574e-4
-3.348881952825523e-4
-3.080526381348697e-4
-2.758252875337732e-4
-2.4932995401712714e-4
-2.2706892650413034e-4
-2.0446005229283717e-4
-1.866300191474529e-4
-1.727175064772114e-4
-1.5697913174185775e-4
-1.425337870315904e-4
-1.3131811315459348e-4
-1.1843961029324294e-4
-1.0544273810596876e-4
-9.694565202526683e-5
-8.948796415130166e-5
-8.040129351899156e-5
-7.300478305689699e-5
-6.701300294888497e-5
-6.0150097290234895e-5
-5.459114526476357e-5
-5.063202798820279e-5
-4.531527988507926e-5
-3.99662178157372e-5
-3.683292593134184e-5
-3.3606883887646454e-5
-2.955670432182479e-5
-2.7116580303420652e-5
-2.5404903889260087e-5
-2.2397476920009702e-5
