5.484930616594112e-7
6.537137770792113e-7
7.72720769537321e-7
9.10740444088324e-7
1.0697745186975833e-6
1.224247060858463e-6
1.274179267807978e-6
1.5070763719348053e-6
1.840696360235969e-6
2.1944100000842997e-6
2.595305584590325e-6
3.0402406336693157e-6
3.5355223705156803e-6
4.079547690943278e-6
4.787499093019154e-6
5.5877846218337465e-6
6.505811999114378e-6
7.573037600824501e-6
8.898667758692127e-6
1.0297076401563746e-5
8.070947926909917e-6
9.983157776198947e-6
1.2601163993982551e-5
1.4928865134255316e-5
1.7305418034059264e-5
1.985961856315952e-5
2.2574474753052603e-5
2.577625148204435e-5
2.9259912701561734e-5
3.041113040595843e-5
3.9497445281686365e-5
4.4538448695348345e-5
5.0411220818675915e-5
5.6611300186218883e-5
6.410475291120316e-5
5.817447610108545e-5
5.5380242664350225e-5
6.858778322206559e-5
7.948803643723525e-5
9.011853300871793e-5
1.0095639364772938e-4
1.1270195232331357e-4
1.2449500064765548e-4
1.3679936554151335e-4
1.5099513027703847e-4
1.6828480693364595e-4
1.8287304406859156e-4
1.7999354709934752e-4
1.8614247648856777e-4
2.1194337928929482e-4
2.2735208460905964e-4
2.439166322792014e-4
2.594375989795188e-4
2.714194620319747e-4
2.768136798680505e-4
2.8598409397467475e-4
3.1101502585248507e-4
4.1508704914531875e-4
4.6811174974837103e-4
4.383385133400855e-4
4.3202731324507005e-4
4.358454728383567e-4
4.38302507919625e-4
4.330662443016268e-4
4.2928426653435583e-4
4.2694190250818273e-4
4.298200159973156e-4
4.3161243819690893e-4
4.4334203169110395e-4
4.963432935955561e-4
5.105998603974004e-4
5.66058686477738e-4
6.0290371419865e-4
5.719789478122953e-4
6.129477894473781e-4
7.182079607093631e-4
8.834432911449925e-4
0.001076504310113498
0.0012728828867929194
0.001560466154702389
0.0020324115581564477
0.0026062966211072196
0.003248784109374321
0.0041006395519957075
0.00528130801949637
0.006941982686865036
0.00847511611581286
0.009548463425331402
0.01068836140991376
0.012279061502878944
0.014160474325962576
0.016379068872255775
0.018521983718134922
0.020296498179903772
0.02184221821947725
0.02338529513832075
0.025088286612515828
0.02750560909903487
0.029336853611659802
0.03062288358491337
0.03164533382418318
0.03368431952736922
0.03487713149147284
0.03373532748939534
0.030413829907652273
0.028536730704376907
0.03537832818361189
0.04550433334388285
0.05243507827468042
0.05688644908343056
0.05955140759372371
0.06384304521867792
0.06725004610204047
0.06976573168138026
0.07078281967760866
0.0682048880036232
0.07018405272033477
0.07409130715942283
0.07592374693740184
0.07683363167361995
0.07705138018892158
0.07700159206488594
0.07560833465086819
0.07466460510941755
0.07318856279913205
0.0697700606144535
0.06539956091032577
0.06846043046581529
0.079796385137272
0.07888321223628209
0.076119995401174
0.07198562019015665
0.06696704381959605
0.06167504070061394
0.05703776762849481
0.05279934804159091
0.04996803618334227
0.04878531972984748
0.05048713581666361
0.05618628816511044
0.06578276078302575
0.07912662523764619
0.09451845597491326
0.10400579415913251
0.10740512772346153
0.10829336590818944
0.10391956953256413
0.09870781715777435
0.09167417637822906
0.08546382864985608
0.09430895413288609
0.09734481371871181
0.10596562413790363
0.1176762668683904
0.12984931955211915
0.13882938564906122
0.15368954528736148
0.15873586886309402
0.166215804936936
0.1709486167564951
0.17357388260960832
0.17654406809126666
0.1754888233086084
0.1703877310858481
0.1681847927966517
0.16840411982923154
0.16974443646811985
0.1707785491075341
0.1683621715484828
0.16144339218101647
0.14545476678449
0.1189301344805127
0.10402104746363115
0.11092903822556774
0.11946226921666077
0.12467932036836131
0.12700610016508818
0.12988781479204853
0.1259211535942361
0.11238383509380083
0.09539776011931896
0.07595263529488955
0.06108544705840762
0.05520658251926387
0.0498832639697442
0.042053509575596615
0.04328438067103922
0.05136643430815431
0.055411807173480265
0.055578824305871806
0.05462041163978424
0.05443954150723394
0.051887579780187626
0.05364006504837159
0.0547355096662992
0.05285222027513932
0.04970166306023714
0.04626127272393718
0.04412797274157433
0.04188384467476491
0.038879518245219055
0.03521722633518681
0.03135989609313516
0.02729442277242946
0.0241187294045611
0.02072079372369959
0.017387751778718076
0.01674917275396761
0.01745403558163335
0.02136732524395873
0.022711060710161088
0.02372004972265831
0.024639226111367686
0.025494125883435095
0.025597631855380717
0.02491956800825506
0.02463240066207909
0.023961993243605616
0.02314295730958839
0.022087104347829567
0.02362980576536903
0.025184355272188996
0.02423606538941259
0.023327157139395226
0.021042117722552912
0.018089552938892958
0.017230895936633753
0.01600103202042518
0.014779415485256792
0.013972496708717502
0.01277657467218057
0.010931287918619309
0.008917788625900792
0.0067230961204053025
0.006124322563709004
0.006646706605014431
0.006788447157909467
0.006637217138205421
0.006433765626728225
0.006150083005809494
0.0056458700108361504
0.0050490772084113185
0.004474579956797687
0.003998429053378102
0.0036729708158541683
0.003425213604034869
0.0032593562450611772
0.003090948313268038
0.00292473274099496
0.0027653727059772375
0.0025754673215818208
0.0023453909410260125
0.002077320215710629
0.001907285782030311
0.001817245175160626
0.0016901231812824812
0.0015338818047092241
0.0013753281852507313
0.0012762770124986442
0.0011783407387434223
0.0010623435125272675
0.0010108399543728123
9.332630741207962e-4
8.63707228588924e-4
7.919796403655745e-4
7.193105557158025e-4
6.482812839339627e-4
5.771429658873769e-4
5.072822495824019e-4
4.503265160270952e-4
4.0164438079379086e-4
3.640925669034621e-4
3.381578306574693e-4
3.1541872883137826e-4
2.894023229745256e-4
2.598347331443819e-4
2.2846157806787773e-4
1.9299428633378442e-4
1.6076848185821193e-4
1.448558969307796e-4
1.325422672265196e-4
1.1976846822884502e-4
1.0770600531239319e-4
9.530710352556316e-5
8.005340196228164e-5
6.911286107174186e-5
6.155384913492882e-5
5.525326591530139e-5
4.8523325791694156e-5
4.173714521956953e-5
3.5347815846107576e-5
3.082278380272063e-5
2.7464270605943642e-5
2.3902143917620628e-5
2.0428110031992837e-5
1.741471791052042e-5
1.5342222595804107e-5
1.3478180622230494e-5
1.1293441372082337e-5
9.006523487740443e-6
