-8.702116279770875e-7
-1.0075724867130519e-6
-1.169732831691086e-6
-1.356861723464722e-6
-1.5667870227578303e-6
-1.8173384625602148e-6
-2.195375197217275e-6
-2.6012617506658284e-6
-2.9815266933007584e-6
-3.4217654219185393e-6
-3.917388271662229e-6
-4.493625860904894e-6
-5.172820250588438e-6
-5.969279861265762e-6
-6.837125756425667e-6
-7.808699670272156e-6
-8.877281733698985e-6
-1.0016598781009981e-5
-1.111093165944756e-5
-1.165332756010109e-5
-1.4491582465986315e-5
-1.950158621440773e-5
-2.203459742905251e-5
-2.476421782429197e-5
-2.8130303655814882e-5
-3.173560011704279e-5
-3.6338741604518426e-5
-4.130655144796471e-5
-4.699141054282005e-5
-5.414548857198993e-5
-5.853041760177947e-5
-6.599167521641204e-5
-7.326973069346622e-5
-8.021148702047101e-5
-8.083407008599059e-5
-9.608467956189972e-5
-1.315203377670128e-4
-1.53874424593042e-4
-1.740349970602318e-4
-1.9635738622352569e-4
-2.2147699300273152e-4
-2.485075564989731e-4
-2.79197289446767e-4
-3.145311113642186e-4
-3.5091128327903833e-4
-3.918879902187418e-4
-4.314589098474848e-4
-4.882106263621105e-4
-5.759947688495032e-4
-6.445492233909021e-4
-7.267351649227136e-4
-8.167713551676834e-4
-9.134993860236101e-4
-0.001017057933230675
-0.0011479710953570493
-0.0012861574925591831
-0.0014099083486035662
-0.00146215961497911
-0.001625911798945051
-0.0018837350673832818
-0.0021262661019416495
-0.002369873166350965
-0.0026382537236785226
-0.0029381407228721013
-0.0032583395142954203
-0.0035984391364075083
-0.00395426185927048
-0.00433998554709086
-0.004729031520136177
-0.0050752048225427195
-0.0055122601601292395
-0.005773486093147404
-0.006156113839361972
-0.007057668832306728
-0.007764515384581005
-0.008353382817551104
-0.008908662273451128
-0.009488797856297543
-0.010062157874904491
-0.010521172667957887
-0.010829762378030877
-0.010905056881749278
-0.010905419595513853
-0.011015641382649405
-0.010499071659154442
-0.009429233611192104
-0.009354657660264536
-0.010167197181731496
-0.01092807545165455
-0.011103916898076452
-0.010947019657372544
-0.01050045564223965
-0.01011846367851418
-0.010331280517158231
-0.010873825339586172
-0.011365098220247536
-0.011519940979956542
-0.011218347711004564
-0.012057696847868025
-0.01300987818148323
-0.013620653356749645
-0.013705384152105397
-0.0155916117639784
-0.01892882566751201
-0.023085474008980596
-0.025391415320749382
-0.022693118252051662
-0.01918958790964293
-0.01758990050177244
-0.017395332758422248
-0.018245643597783013
-0.018500494514083508
-0.019422960046431702
-0.020945122245857917
-0.0229360212202286
-0.02661853799785154
-0.030619525725454552
-0.03348143880333214
-0.03733536783832554
-0.04128983378650918
-0.04549739976732733
-0.05011810220073232
-0.055401421553242125
-0.06025728718181754
-0.06581984796944333
-0.07173679943045787
-0.07597968721763614
-0.07049803183195932
-0.06860150623360858
-0.0778329212645775
-0.08711178263195685
-0.09644875056478355
-0.10512783931625941
-0.11364043877557169
-0.12214675293616692
-0.1303434336685211
-0.13544587670903552
-0.1374318014500452
-0.1380899756795651
-0.13467157271119912
-0.12531900700158932
-0.11254008721189229
-0.09780712289225962
-0.09172064758938585
-0.09095450048933995
-0.09443066315679785
-0.10147362250931002
-0.10734536278159747
-0.11187818053100401
-0.10685064588175072
-0.10411319073738154
-0.11059176564188233
-0.11028382537738184
-0.10187820607666022
-0.09084335943089053
-0.07635175564587963
-0.07221458248149044
-0.07153873188546821
-0.0677916047560596
-0.06391249211638629
-0.06083612151484692
-0.0588185911405451
-0.05868994738532984
-0.059533776148125626
-0.06082611755244478
-0.0610565934831751
-0.0587484035674596
-0.05616820051116178
-0.05477030618698123
-0.05496164341904151
-0.05899228089518355
-0.07175057863880371
-0.08328247710989307
-0.08205832342603464
-0.07658681177330792
-0.07195725083557289
-0.06538820052926472
-0.0625533612598149
-0.061560956834793956
-0.06385970597246188
-0.07197506815090435
-0.08435921467096008
-0.09304444631519224
-0.09266237773760172
-0.0896378737960398
-0.09140308516774347
-0.0895128240896721
-0.08446734632508879
-0.08034037312348767
-0.07800786153149783
-0.07705583642456473
-0.07537767659083228
-0.07176488386700403
-0.06940971266106775
-0.06811277771547543
-0.06841693425698106
-0.06864409638318875
-0.06886724992365628
-0.06755154998020611
-0.06622883316147692
-0.06541487349504058
-0.0649524028608856
-0.06528992294918708
-0.06554713889459088
-0.0645377272809955
-0.06295919261575672
-0.061867057572091655
-0.05906068254902453
-0.0532646214353334
-0.047009442046171884
-0.04464862926051389
-0.042085677540346006
-0.03959674560123083
-0.0368140513588059
-0.03432106169187786
-0.03219691468069301
-0.029699922206954003
-0.026798444436162073
-0.02427690829673288
-0.0209686816596671
-0.016225389425003726
-0.015054014413217725
-0.01438003088471752
-0.013559255746275978
-0.013864820280538828
-0.014160127758943535
-0.012996564923964197
-0.011971031027338761
-0.01129479933404105
-0.010882471529422653
-0.01034928148353808
-0.010115655441637882
-0.01017175787107607
-0.010610538641584243
-0.010146131438412993
-0.009054749765709694
-0.008202689770661003
-0.007515134122172948
-0.006841892047945615
-0.0062184227275122505
-0.005792783170508409
-0.005544396093217788
-0.005365022219202529
-0.005165237588361136
-0.004884729757765901
-0.0045406071706434025
-0.004119213590031887
-0.0037892494324006268
-0.0034430774939014407
-0.003100537600268127
-0.002805506509818719
-0.002552186024755743
-0.002356775336907654
-0.0021364926289374722
-0.0018482415073238592
-0.0016191638883957789
-0.001442937282816898
-0.0013321560348887652
-0.0012187694315948217
-0.0010975959266345658
-9.956743634321184e-4
-8.899036089251771e-4
-7.94398940106598e-4
-7.416279504732733e-4
-6.961019420986265e-4
-6.563368726722417e-4
-6.095299863597079e-4
-5.655114227230731e-4
-5.425299337741119e-4
-5.135903490474508e-4
-4.752815313776623e-4
-4.330239889390742e-4
-3.8310610243590316e-4
-3.331781956221148e-4
-2.9348950473413076e-4
-2.671531922792385e-4
-2.4798956435277946e-4
-2.3081894436666116e-4
-2.2528169119911474e-4
-2.0868209188519283e-4
-1.8763830772684212e-4
-1.669823355536769e-4
-1.4780638329707355e-4
-1.311548242972556e-4
-1.2034498701991857e-4
-1.1071265329255913e-4
-9.922548017032528e-5
-8.676353253476402e-5
-7.695035898491859e-5
-6.907613002596507e-5
-6.077197693272336e-5
-5.4031116767946615e-5
-4.938409521445738e-5
-4.453736790615647e-5
-3.9705849971114135e-5
-3.5017653821005786e-5
-3.095806733587029e-5
-2.7525946534836e-5
-2.509969439043825e-5
-2.323310455351413e-5
