1.2969238534266808e-6
1.3597434876704634e-6
1.6602773415917689e-6
1.9502998379522606e-6
2.018286377598791e-6
2.206991144242584e-6
2.608221066309809e-6
2.9345678396224893e-6
3.2382839455570763e-6
3.6026365374637945e-6
3.93297164111368e-6
4.504427086750859e-6
5.400541997984472e-6
6.204504311947288e-6
7.195942344677886e-6
8.76830378099058e-6
1.0163387074653067e-5
1.1337378326366295e-5
1.3280797531231999e-5
1.5177142665681464e-5
1.64346039262729e-5
1.947827903439485e-5
2.394533764888934e-5
2.5080540673851973e-5
2.3697552652832653e-5
2.594136501537044e-5
3.118410560606692e-5
3.48562703870063e-5
3.896110365509477e-5
4.5718926033164455e-5
5.171097841999508e-5
5.738582253455171e-5
6.753128568345163e-5
8.13969524897654e-5
9.48413892272174e-5
1.0398629583657498e-4
1.0418440610429371e-4
1.0104074867780753e-4
1.1041176730539226e-4
1.3111301499592372e-4
1.4506234447962912e-4
1.5252738806974042e-4
1.683857259608898e-4
1.9031513577029996e-4
2.1143391334575647e-4
2.4034964924695318e-4
2.758139913525301e-4
2.97139867642275e-4
2.990450960885658e-4
3.028588670731953e-4
3.2699414198948115e-4
3.6205909794866976e-4
3.787327247696849e-4
3.7157228014184573e-4
3.779323961300114e-4
4.206456866310977e-4
4.789146976093038e-4
5.422257674767417e-4
6.003499082606841e-4
5.986331406129422e-4
5.446725029546691e-4
5.617018514265712e-4
6.694571472885052e-4
7.128321175267992e-4
6.622737515138389e-4
6.873596475807205e-4
8.309005880219893e-4
9.523832326916753e-4
0.0010009566737527445
0.001031854159960434
0.0010567673140502887
0.00108780551887159
0.0011575441327909067
0.0012638136771320233
0.0014584322971086532
0.0017956668765839675
0.002102694252151928
0.002183490470013291
0.0021998619999768544
0.002390384550827773
0.0026584337625323935
0.002865465997419254
0.0031214422525295184
0.003511661453054098
0.004012548519243782
0.004701533212664946
0.005612538289836854
0.00658272779441936
0.007487403527906974
0.008284765165892825
0.008892549279295786
0.009410585953844378
0.010127190290769746
0.011061131686917693
0.012056264883699626
0.013290792161575936
0.01496993591911973
0.0167568709609034
0.018177286081931268
0.01925099003473365
0.020335019032860835
0.02171630931686183
0.02345202660814991
0.025329700426171123
0.027056260800379515
0.028505779428881873
0.029716394476116483
0.030993178484367678
0.032941059469905366
0.03573143998339046
0.03861523761274991
0.04091268242980626
0.04294721666318755
0.045354658535622865
0.04812879056526072
0.050712966556106555
0.05256390784213409
0.05378921335479982
0.05535964932861157
0.05800687992744181
0.0611868271979609
0.06407660389942063
0.06683725798354133
0.06988005097590894
0.07288914876300902
0.07538075815883556
0.07740387186660745
0.0794242565906683
0.08192858416234144
0.08485637904163564
0.08754610619721163
0.08967548386696703
0.09145966767108918
0.09288687904738673
0.09427720359983952
0.09683993629997664
0.1007176503934062
0.10423765120550292
0.1068456886267056
0.10978782839059417
0.1128145664973886
0.11424612165223913
0.11448015522252425
0.1152246849482702
0.1164322536981823
0.11763224359248466
0.1195753397773771
0.12185990723508518
0.12259654813931992
0.12169227746626031
0.12072952866290156
0.1202313772758123
0.12029134932061976
0.12151872315590899
0.12305056170184946
0.12300926468638446
0.12174570811507059
0.12094333832810296
0.12031252861884223
0.11862357626876346
0.11617935175257905
0.11382273072049168
0.11173474884395095
0.11010291908770001
0.10878598063115834
0.10689928935621978
0.10436660008661904
0.10221919258018831
0.10058251398351463
0.09848107447816792
0.09552612219149911
0.09199974166693349
0.08820644087168945
0.08472012545534613
0.08178846557435118
0.07855160389460081
0.07448328348947227
0.07055869738650028
0.06755454317043028
0.0648547409521917
0.06183054599548125
0.05852629712664094
0.05482472131748325
0.050695995200786374
0.04678349995929947
0.04345028450006946
0.04025072303115583
0.036986965431241504
0.03390474715021764
0.03076440104956676
0.027209819635141252
0.023719500976409427
0.02087470095934147
0.018373538422703967
0.01583149305005605
0.01363837780155097
0.012152681318205573
0.01096565549349819
0.009644745494352479
0.008447142464759194
0.007798153773977962
0.007595023361555815
0.007396150144968904
0.007029697561851218
0.006718959798300953
0.006623069485342534
0.006563224394319119
0.006441395040845713
0.006569226026861344
0.007132571270559528
0.007742843705764564
0.008047580823253088
0.008262526663762195
0.008586977609718561
0.008769600360220592
0.008729477074128036
0.008854243367603664
0.00930145451556249
0.009725435727510329
0.009896919794841025
0.0099438169283872
0.009951818514433957
0.009863599632355299
0.009696065576788674
0.009503247355210161
0.009267945307906238
0.00899305483447627
0.00872622320576434
0.00847129025788386
0.008221168928373646
0.008006097770268047
0.007815036276303327
0.007583179117377455
0.0072973413572298106
0.0069994682096568865
0.0066899469408830394
0.006332983933846507
0.005945428441352767
0.005591254176068487
0.005285361411030763
0.004977586313132922
0.004651314064272914
0.004359412678046994
0.0041257623339820615
0.003897184554290997
0.0036339872161514127
0.003361450418432073
0.0031093744326391886
0.0028841827341408942
0.0026937355032984234
0.002527743552832356
0.0023479034777769375
0.002146640600270825
0.0019622666650863205
0.0018137442174603882
0.0016800770314709178
0.0015451506375233277
0.001413346119415919
0.0012919566897860906
0.0011848876873268505
0.0010883670518464664
9.915931849785978e-4
8.94848572913746e-4
8.102823735956385e-4
7.394422153907141e-4
6.737437949940758e-4
6.116656955785791e-4
5.53864459675866e-4
4.958274142103872e-4
4.392988610072351e-4
3.9271544833828026e-4
3.563295930700054e-4
3.2348166348337173e-4
2.91835569330051e-4
2.616644285969738e-4
2.3225923151045966e-4
2.0533031493612296e-4
1.828979655233638e-4
1.629544495561705e-4
1.4363982966807454e-4
1.2628401463358243e-4
1.1121254143744125e-4
9.707830804363629e-5
8.432378979812134e-5
7.39893251005788e-5
6.522287513844785e-5
5.702670091171107e-5
4.9567552594023e-5
4.286541234596383e-5
3.67272192853864e-5
3.145706182140551e-5
2.7126284024662107e-5
2.329031821202237e-5
1.98512076700019e-5
1.7000932435710498e-5
1.456065778336155e-5
1.225715390717989e-5
1.0170245279832275e-5
8.44467504598717e-6
7.020063702758384e-6
