-8.966723881121985e-7
-1.1241242355219102e-6
-1.0691278834975727e-6
-1.0847237900736017e-6
-1.3993296216962355e-6
-1.50971812743165e-6
-1.5278640332577994e-6
-1.7865201631110985e-6
-1.898671866453746e-6
-2.1321242763558486e-6
-2.9891485738430826e-6
-3.4891040510978316e-6
-3.425790964728059e-6
-4.215231419701253e-6
-5.210770512059948e-6
-5.0237267712807885e-6
-5.290564749019055e-6
-6.649278223576895e-6
-6.923472480757788e-6
-7.076432902328959e-6
-9.120717445334083e-6
-1.0193909132724307e-5
-9.259123834922565e-6
-1.0654826095442342e-5
-1.4541012908529174e-5
-1.77154142262216e-5
-2.188801237460153e-5
-2.7406766018064425e-5
-3.0452087377541223e-5
-3.343491739394663e-5
-4.013558320347822e-5
-4.5400394850510766e-5
-4.6675908785394e-5
-4.869046952041191e-5
-5.034556667518839e-5
-5.185472421191515e-5
-6.434335673844663e-5
-8.838838936583242e-5
-1.0912962160859319e-4
-1.245842744544307e-4
-1.4424318952887258e-4
-1.6540630147580086e-4
-1.823592971726557e-4
-1.9994185876167375e-4
-2.2321936145459887e-4
-2.554738578498587e-4
-2.9864349869268054e-4
-3.442196056516248e-4
-3.8736753336197894e-4
-4.408124612716144e-4
-5.100059559320336e-4
-5.848637733434631e-4
-6.676154754935938e-4
-7.704487665575021e-4
-8.892751380979351e-4
-0.0010008046141289928
-0.001079438035883374
-0.0011387007152407526
-0.0012427860070722138
-0.0014094518271855552
-0.001562307506610477
-0.001674026199717116
-0.0018357319777632208
-0.0020999680986175688
-0.0024116978282269054
-0.002715734891457513
-0.0029844556957385176
-0.0032115923888665133
-0.00346761944024094
-0.003823539909913146
-0.0042374650302153885
-0.00464612497399738
-0.005029052659088673
-0.005341395652659094
-0.005597607919906141
-0.0059351903790789496
-0.006433067518203331
-0.007069380770626445
-0.007823597723259539
-0.00856212436761446
-0.009106854851689937
-0.009584465691299924
-0.01023373699262778
-0.010948163590784451
-0.011512188560178315
-0.011920022636913817
-0.01219782177251344
-0.01246838871370396
-0.0129683101678317
-0.013527516994117169
-0.01387187927603752
-0.014501358333560439
-0.015913899993558765
-0.017502959015938846
-0.018592426058217426
-0.01930906495399719
-0.019682087443553698
-0.019754177695090566
-0.02030694797353285
-0.0215444000049876
-0.022582086363267438
-0.023461927612603375
-0.024961847471163878
-0.02642547226634123
-0.027084034540059133
-0.028060186240154356
-0.030061148033593946
-0.031768582427609326
-0.03235253935776702
-0.03237614039466653
-0.032075953551367845
-0.03169504367153168
-0.032238857282003375
-0.03409707664263254
-0.03675069516039511
-0.03982479207529633
-0.042837588531769985
-0.04532883994887679
-0.04756314907472827
-0.049338698161176794
-0.04991205309651496
-0.05026432333507935
-0.05173077865395144
-0.052924418743902024
-0.05278149926616506
-0.053816600107535764
-0.05758599593334691
-0.06149657358035832
-0.06346877860697331
-0.06451518351708117
-0.06580476886547643
-0.06800991114744953
-0.07194224976079926
-0.07633643269302051
-0.07831273687784886
-0.07775969048639923
-0.07750125448139317
-0.07887839551536796
-0.08028503834869005
-0.07999037117589627
-0.07888311679034499
-0.07982846803355177
-0.08397460321835448
-0.08907768076959298
-0.09241081917910972
-0.09314387986817405
-0.09197245367670384
-0.09130974573980512
-0.09399993622534734
-0.09927790414901731
-0.10365611430249248
-0.10647258854467646
-0.1090552762538108
-0.11005929494601964
-0.1081749958066219
-0.10617346860969937
-0.10668391807731492
-0.10849735225845396
-0.11041150990150499
-0.11321948330041669
-0.11633627681137507
-0.11776257786849015
-0.11783297537731309
-0.11889695288622225
-0.1214184292382898
-0.12343993028456689
-0.12402183762009389
-0.12463428226822605
-0.12630231078321857
-0.12803381859502697
-0.12921926670441422
-0.13024044392381756
-0.13017032713824075
-0.12829598711320472
-0.127131826581976
-0.12878626985288472
-0.1308539689395893
-0.13079002887211433
-0.12999911711394138
-0.1297516134255854
-0.12866169595652585
-0.12659756348522472
-0.1254826274064905
-0.12557070622180364
-0.12547726335122425
-0.12497448698512137
-0.1246601416655127
-0.12450859234305253
-0.1242395323455339
-0.1235472742702893
-0.12191567687780057
-0.11947261507315392
-0.1173640649808385
-0.11634153807953204
-0.11564271879181519
-0.11401123247292623
-0.11138386229320052
-0.10860577567010549
-0.10571448336892675
-0.1020251111153393
-0.09782218742746122
-0.09413913607141128
-0.09111587603081871
-0.08816539122724855
-0.08498088423328845
-0.08139714286842681
-0.07745697003047188
-0.07368245052254996
-0.07015323542517735
-0.0663532119178196
-0.0625208564786045
-0.05922869008569656
-0.05592346934970985
-0.05214751837932049
-0.04884489389024537
-0.046390303139345945
-0.04356581809879312
-0.039984318139610474
-0.03689308601511262
-0.03478877248490341
-0.032685410358923354
-0.029975429795628034
-0.027229450210216465
-0.025168287817617478
-0.02375607715852187
-0.022373794038726226
-0.020729225564527384
-0.019209078781719107
-0.01804740408642914
-0.01688676380051126
-0.01552105566988261
-0.014167186479193844
-0.01290719259035985
-0.01170005228812129
-0.010665721697603643
-0.009812728420977712
-0.009021508685956246
-0.008374517983133283
-0.007896603666858546
-0.0073405673793398764
-0.006683610327731757
-0.006175157125554374
-0.005761244387104299
-0.005221443002732658
-0.004683014399428799
-0.004343301803326751
-0.004087257781325704
-0.0037841318369217585
-0.0034891327582316604
-0.003219245937214798
-0.0029308088029824115
-0.002654648529085871
-0.0024218991313631464
-0.0022127673333299665
-0.002031132598895817
-0.0018797424846481294
-0.0017267172180074682
-0.0015709813124862096
-0.0014363950329758463
-0.0013155512851708356
-0.0012005336648459256
-0.0011015377732996178
-0.0010104611600464345
-9.173585721494663e-4
-8.336387398379322e-4
-7.611371843733663e-4
-6.924527113781752e-4
-6.341993922105064e-4
-5.852172389255152e-4
-5.325832229890689e-4
-4.816736199142362e-4
-4.41360498034986e-4
-4.018000575234457e-4
-3.602309142747864e-4
-3.265547387933738e-4
-2.9771849685275716e-4
-2.6735499453133297e-4
-2.4134512041555715e-4
-2.2077179963301774e-4
-1.999805390466252e-4
-1.81139878239371e-4
-1.6542731320080565e-4
-1.4808300645192875e-4
-1.31689382025211e-4
-1.2068402655101518e-4
-1.1058687107599798e-4
-9.930093949086338e-5
-9.034833424781414e-5
-8.204363524434282e-5
-7.270649207424218e-5
-6.628740809010115e-5
-6.191856559738333e-5
-5.515419611734077e-5
-4.8503451067085694e-5
-4.4717652869318454e-5
-4.054672395278252e-5
-3.564441517814102e-5
-3.2762748137877294e-5
-3.0125066362222182e-5
-2.6060022367999344e-5
