0.0750000000	1.0851008635
0.0754013378	1.0998121507
0.0758026756	1.1006696820
0.0762040134	1.0910834238
0.0766053512	1.0744059370
0.0770066890	1.0566053923
0.0774080268	1.0539323620
0.0778093645	1.0586834394
0.0782107023	1.0567029791
0.0786120401	1.0614105590
0.0790133779	1.0751268123
0.0794147157	1.0800614258
0.0798160535	1.0774197721
0.0802173913	1.0811547402
0.0806187291	1.0857819861
0.0810200669	1.0911146810
0.0814214047	1.0945932789
0.0818227425	1.0874021249
0.0822240803	1.0776711011
0.0826254181	1.0754947761
0.0830267559	1.0736818357
0.0834280936	1.0728717732
0.0838294314	1.0802022977
0.0842307692	1.0886798979
0.0846321070	1.0936023551
0.0850334448	1.0991823588
0.0854347826	1.1002011810
0.0858361204	1.0918591759
0.0862374582	1.0844370705
0.0866387960	1.0815723712
0.0870401338	1.0790358703
0.0874414716	1.0798491080
0.0878428094	1.0808021693
0.0882441472	1.0754891394
0.0886454849	1.0711681203
0.0890468227	1.0721590274
0.0894481605	1.0752017520
0.0898494983	1.0811627227
0.0902508361	1.0897789705
0.0906521739	1.0934499186
0.0910535117	1.0923662438
0.0914548495	1.0932978799
0.0918561873	1.0951872570
0.0922575251	1.0951744633
0.0926588629	1.0956164563
0.0930602007	1.0922575612
0.0934615385	1.0848166106
0.0938628763	1.0790188565
0.0942642140	1.0755525055
0.0946655518	1.0715885555
0.0950668896	1.0688908024
0.0954682274	1.0708111377
0.0958695652	1.0759446014
0.0962709030	1.0878386291
0.0966722408	1.1095207451
0.0970735786	1.1359514711
0.0974749164	1.1590807287
0.0978762542	1.1624380215
0.0982775920	1.1428584488
0.0986789298	1.1213489929
0.0990802676	1.1152802621
0.0994816054	1.1042282892
0.0998829431	1.0844146779
0.1002842809	1.0812819480
0.1006856187	1.0785475831
0.1010869565	1.0755864722
0.1014882943	1.0744019772
0.1018896321	1.0744374928
0.1022909699	1.0754868065
0.1026923077	1.0847590070
0.1030936455	1.1010567997
0.1034949833	1.1280342211
0.1038963211	1.2588914235
0.1042976589	1.2595091768
0.1046989967	1.1096299534
0.1051003344	1.0927150465
0.1055016722	1.0888460495
0.1059030100	1.0811613027
0.1063043478	1.0674456732
0.1067056856	1.0557369832
0.1071070234	1.0522559919
0.1075083612	1.0546306153
0.1079096990	1.0569390953
0.1083110368	1.0499623165
0.1087123746	1.0527869402
0.1091137124	1.0488246430
0.1095150502	1.0547390380
0.1099163880	1.0546295337
0.1103177258	1.0545977422
0.1107190635	1.0567404291
0.1111204013	1.0613276652
0.1115217391	1.0653038007
0.1119230769	1.0660142119
0.1123244147	1.0660045300
0.1127257525	1.0701327023
0.1131270903	1.0804844210
0.1135284281	1.0941297267
0.1139297659	1.1062291204
0.1143311037	1.1136971216
0.1147324415	1.1175147095
0.1151337793	1.1208611768
0.1155351171	1.1216820949
0.1159364548	1.1206831530
0.1163377926	1.1228431837
0.1167391304	1.1136218523
0.1171404682	1.1127984728
0.1175418060	1.1135898047
0.1179431438	1.1152817788
0.1183444816	1.1180650296
0.1187458194	1.1189820749
0.1191471572	1.1228488444
0.1195484950	1.1318411014
0.1199498328	1.1338878144
0.1203511706	1.1369657036
0.1207525084	1.1319422058
0.1211538462	1.1210644780
0.1215551839	1.1113132265
0.1219565217	1.1031459400
0.1223578595	1.0967640827
0.1227591973	1.0945209994
0.1231605351	1.0985874561
0.1235618729	1.1099115998
0.1239632107	1.1223650815
0.1243645485	1.1300944891
0.1247658863	1.1271102342
0.1251672241	1.1300496785
0.1255685619	1.1422138864
0.1259698997	1.1466982887
0.1263712375	1.1426409311
0.1267725753	1.1327130011
0.1271739130	1.1407593574
0.1275752508	1.1291321469
0.1279765886	1.1207906703
0.1283779264	1.1216689202
0.1287792642	1.1258677762
0.1291806020	1.1295919394
0.1295819398	1.1301646769
0.1299832776	1.1281173957
0.1303846154	1.1261442600
0.1307859532	1.1255410781
0.1311872910	1.1263800315
0.1315886288	1.1261380893
0.1319899666	1.1221171397
0.1323913043	1.1190295755
0.1327926421	1.1162927369
0.1331939799	1.1151923385
0.1335953177	1.1170572616
0.1339966555	1.1202740501
0.1343979933	1.1241293480
0.1347993311	1.1280119633
0.1352006689	1.1344321592
0.1356020067	1.1359936414
0.1360033445	1.1305613439
0.1364046823	1.1232102570
0.1368060201	1.1193800353
0.1372073579	1.1179938259
0.1376086957	1.1190551477
0.1380100334	1.1221038008
0.1384113712	1.1257106166
0.1388127090	1.1291212172
0.1392140468	1.1332921293
0.1396153846	1.1372023873
0.1400167224	1.1401185383
0.1404180602	1.1412126702
0.1408193980	1.1379411375
0.1412207358	1.1286392132
0.1416220736	1.1222055527
0.1420234114	1.1222542037
0.1424247492	1.1269243299
0.1428260870	1.1359622883
0.1432274247	1.1493031362
0.1436287625	1.1633104260
0.1440301003	1.1723630436
0.1444314381	1.1730999201
0.1448327759	1.1693202940
0.1452341137	1.1688391257
0.1456354515	1.1748999210
0.1460367893	1.1820829673
0.1464381271	1.1816008568
0.1468394649	1.1755404707
0.1472408027	1.1722599445
0.1476421405	1.1724496328
0.1480434783	1.1727782766
0.1484448161	1.1719928247
0.1488461538	1.1686312346
0.1492474916	1.1663620242
0.1496488294	1.1677792710
0.1500501672	1.1710856036
0.1504515050	1.1735298852
0.1508528428	1.1774843823
0.1512541806	1.1833095019
0.1516555184	1.1870774489
0.1520568562	1.1893093477
0.1524581940	1.1923686911
0.1528595318	1.1926898788
0.1532608696	1.1956370378
0.1536622074	1.2052729388
0.1540635452	1.2113476559
0.1544648829	1.2056996948
0.1548662207	1.1934350257
0.1552675585	1.1864261382
0.1556688963	1.1856858347
0.1560702341	1.1896916021
0.1564715719	1.1940486546
0.1568729097	1.1944398048
0.1572742475	1.1918176557
0.1576755853	1.1882892625
0.1580769231	1.1855802635
0.1584782609	1.1846142075
0.1588795987	1.1829847322
0.1592809365	1.1781199531
0.1596822742	1.1717423801
0.1600836120	1.1679370806
0.1604849498	1.1674818020
0.1608862876	1.1681836115
0.1612876254	1.1674220890
0.1616889632	1.1664161764
0.1620903010	1.1640590342
0.1624916388	1.1625867544
0.1628929766	1.1655475047
0.1632943144	1.1691683097
0.1636956522	1.1685076678
0.1640969900	1.1667503946
0.1644983278	1.1659772128
0.1648996656	1.1647403711
0.1653010033	1.1618463640
0.1657023411	1.1584118567
0.1661036789	1.1573987121
0.1665050167	1.1596854056
0.1669063545	1.1628635600
0.1673076923	1.1624571840
0.1677090301	1.1583963611
0.1681103679	1.1538929750
0.1685117057	1.1520935759
0.1689130435	1.1518291609
0.1693143813	1.1523893324
0.1697157191	1.1533611383
0.1701170569	1.1547039083
0.1705183946	1.1566798296
0.1709197324	1.1577410726
0.1713210702	1.1557711947
0.1717224080	1.1526036879
0.1721237458	1.1511093042
0.1725250836	1.1508321362
0.1729264214	1.1526634128
0.1733277592	1.1572552538
0.1737290970	1.1627243970
0.1741304348	1.1664135308
0.1745317726	1.1690137487
0.1749331104	1.1707148593
0.1753344482	1.1721188218
0.1757357860	1.1734495767
0.1761371237	1.1722642297
0.1765384615	1.1684639574
0.1769397993	1.1661662883
0.1773411371	1.1676171936
0.1777424749	1.1701305479
0.1781438127	1.1719989243
0.1785451505	1.1721721117
0.1789464883	1.1689953622
0.1793478261	1.1655058703
0.1797491639	1.1656796216
0.1801505017	1.1679153697
0.1805518395	1.1689436703
0.1809531773	1.1690517601
0.1813545151	1.1691437309
0.1817558528	1.1694309352
0.1821571906	1.1705890404
0.1825585284	1.1712783789
0.1829598662	1.1723677662
0.1833612040	1.1730269144
0.1837625418	1.1729271231
0.1841638796	1.1736393629
0.1845652174	1.1739938207
0.1849665552	1.1730305083
0.1853678930	1.1700791658
0.1857692308	1.1637831217
0.1861705686	1.1563737783
0.1865719064	1.1525881655
0.1869732441	1.1517557005
0.1873745819	1.1514781881
0.1877759197	1.1500912674
0.1881772575	1.1509059973
0.1885785953	1.1513447596
0.1889799331	1.1506735819
0.1893812709	1.1493219965
0.1897826087	1.1481735614
0.1901839465	1.1501276383
0.1905852843	1.1556666130
0.1909866221	1.1602796435
0.1913879599	1.1618527222
0.1917892977	1.1624013905
0.1921906355	1.1595202625
0.1925919732	1.1559735996
0.1929933110	1.1530345652
0.1933946488	1.1496555062
0.1937959866	1.1476623471
0.1941973244	1.1491454335
0.1945986622	1.1529011925
