-9.854204411780396e-6
-1.1277579080769699e-5
-1.2602593851589325e-5
-1.405765558223968e-5
-1.569272259787928e-5
-1.7829088389189578e-5
-2.0668300732935858e-5
-2.324568051030053e-5
-2.541313369260171e-5
-2.8141098542444126e-5
-3.22586702214042e-5
-3.6999009749858496e-5
-4.341074453051517e-5
-5.231154842424538e-5
-6.14979315217806e-5
-7.041059572707367e-5
-7.886405412292131e-5
-8.684669888470639e-5
-9.566065598248505e-5
-1.0627095239233155e-4
-1.17550419814636e-4
-1.3050264250077159e-4
-1.5037228169660906e-4
-1.7723356674895848e-4
-2.0512218886458718e-4
-2.3342765483433468e-4
-2.6346068813559227e-4
-2.93928123712536e-4
-3.2534804825623537e-4
-3.608872064587654e-4
-4.026676853141205e-4
-4.5658295483019183e-4
-5.293012981791034e-4
-6.136412557787945e-4
-6.988706852587252e-4
-7.842425004894549e-4
-8.694236214417564e-4
-9.584190640134845e-4
-0.0010605380785158683
-0.0011770081850633412
-0.0013096371883049391
-0.0014633474000124993
-0.0016225652519769036
-0.0017734306180964738
-0.0019316253705843824
-0.0021157429768037033
-0.0023194031238284955
-0.0025510995399316994
-0.002815807557017801
-0.003083287744318844
-0.0033635486501371876
-0.0036694995442604545
-0.003955777104746486
-0.004214174109878917
-0.0045546488763843285
-0.0051508501487681525
-0.005937580052827372
-0.006643061482186796
-0.007294266500631088
-0.008028173158200818
-0.00897962498213305
-0.009725930669336623
-0.011162062243751632
-0.012140963850148255
-0.01340140777503703
-0.014828726558454219
-0.016407193376949587
-0.01783999811095701
-0.019053743819313903
-0.020403616444065926
-0.02218341086348839
-0.024293194840464785
-0.026182830102723632
-0.02751116808800995
-0.029586565457696994
-0.03148087716717549
-0.03462607455619695
-0.03755895808853914
-0.04081823058706275
-0.044761496659070234
-0.04901277357415645
-0.053092249529972886
-0.05655953597704946
-0.05968553156948444
-0.060107361965004304
-0.06380612175601912
-0.06937683273648222
-0.06997672950962058
-0.0755732488540964
-0.07998872312278864
-0.08685132294030007
-0.09682224629219009
-0.10699878637178105
-0.11545343032531091
-0.12280515329078974
-0.12948447612137265
-0.13544495374220547
-0.14068652302713625
-0.14562889607181922
-0.1511082873222311
-0.15884760799242598
-0.17035185017765125
-0.1860237466097498
-0.20479546665091208
-0.22274710087965
-0.23697429381626575
-0.24833324164512538
-0.2526353534531239
-0.2610931623458115
-0.2782505750912798
-0.2944943888179505
-0.3064978233918597
-0.31876368671187977
-0.33480433830445416
-0.35171809254467057
-0.3681130419946185
-0.38311997210593113
-0.39601233498033706
-0.4074884300925629
-0.4190174251979406
-0.43061657622728333
-0.4420936605590332
-0.452947766811952
-0.4605287865325553
-0.47502066899068485
-0.5014278056106349
-0.5269515097662959
-0.5516260657153357
-0.5701494888635374
-0.5891763918019356
-0.6043786402957552
-0.6157253654909649
-0.6293312543903447
-0.6473962250417322
-0.6569677671014734
-0.6793543501800765
-0.7225402811072944
-0.7624026997254555
-0.782447351403957
-0.7826610514760413
-0.7800856840069347
-0.7866033583679236
-0.7796246235502923
-0.7569976313114931
-0.7522348812640784
-0.7713528491472562
-0.8100957842419364
-0.8328958779504858
-0.8531543033575612
-0.8795843533938464
-0.9120650819413858
-0.9367487470264941
-0.9427876590356534
-0.9653862060287093
-0.9998069733449931
-1.028590734412091
-1.0470019803200497
-1.0530014699402201
-1.046725723297102
-1.0265833987534423
-1.011590739299266
-1.0110444034062585
-1.0127602794706856
-1.0024355214318894
-0.9695884678274417
-0.9223735626361371
-0.8722216746101062
-0.8292432306722302
-0.8117057218748893
-0.8225133928371149
-0.8371907953858112
-0.844585101494835
-0.8498273194185672
-0.8520486447879653
-0.8466424978580399
-0.837923224385664
-0.833011094076268
-0.8314070169094419
-0.8220046083144582
-0.8026715216113685
-0.7771021862563949
-0.7442008408217184
-0.7106477332806471
-0.6939555712501017
-0.6916322908613473
-0.6920131693022231
-0.6904042773426073
-0.6836427315999465
-0.668848021662718
-0.6491453104263857
-0.6292305212645263
-0.6056560989556522
-0.5794522506225258
-0.5517815455566218
-0.5243296450647598
-0.4970736993927392
-0.4703013269755449
-0.4463796035407265
-0.4272318336695773
-0.4139780627624337
-0.4024467017452474
-0.38934074290605675
-0.3741490288987911
-0.3580140295564144
-0.34188968123847835
-0.3272552900038111
-0.3140717452549114
-0.2998973548234268
-0.2839047074717011
-0.26713596231374204
-0.251330235745905
-0.23785586411705845
-0.22670907717834346
-0.21623884604574498
-0.2054238288666449
-0.19505871331375083
-0.1854194019136124
-0.1760853260787507
-0.16699800360025766
-0.15830771439627042
-0.14947179281587422
-0.1400312234643632
-0.13038287549616898
-0.12085346759875468
-0.11168973168846531
-0.10393415422833027
-0.0979901907425012
-0.09286021901546906
-0.08738508611212654
-0.08144368393216403
-0.07572550012551874
-0.07049114709095776
-0.06553053855926909
-0.06042866086174122
-0.05579150555664342
-0.051597479932428185
-0.04745323485288528
-0.0434057761558039
-0.03965791805934378
-0.03625908249838929
-0.03326752611823325
-0.030578203618075714
-0.027993937101580928
-0.025487048923440978
-0.023108729122805052
-0.02092026906344042
-0.018966256447213312
-0.01720160930294142
-0.015617488626866063
-0.014213864472221477
-0.01296378544542415
-0.011855299127620301
-0.01084983731830649
-0.00987806688685627
-0.008924107126036591
-0.008051890577559288
-0.007276367123797344
-0.0065602918859658564
-0.005884305389965597
-0.005259261993472001
-0.0046875801388748155
-0.004178105729093764
-0.0037504065015105865
-0.003402536340828108
-0.0031101413362163723
-0.002847918125720152
-0.0026196240559996833
-0.0024168401735029004
-0.002214151379980071
-0.002011602954617436
-0.0018201593444760443
-0.0016465064911550388
-0.0014896875944398866
-0.0013456917531950636
-0.0012112973463171896
-0.0010812450090398277
-9.573933260993399e-4
-8.496131798201029e-4
-7.601530872591348e-4
-6.850920429638745e-4
-6.173281218834548e-4
-5.559178897285062e-4
-4.951521860506561e-4
-4.387820047117138e-4
-3.87717329451706e-4
-3.4235443238674935e-4
-3.031135444974105e-4
-2.692469595389948e-4
-2.390107325800702e-4
-2.131168178342354e-4
-1.8927233706521907e-4
-1.6556263169374897e-4
-1.4569074679072837e-4
-1.2849015299798398e-4
-1.1350681346542803e-4
-1.0048751390856439e-4
-8.895693791663168e-5
-7.867124718213646e-5
-6.936809483808132e-5
-6.0818113436852135e-5
