-9.608570314726995e-6
-1.0942630650455722e-5
-1.2364411383796986e-5
-1.4183122069611729e-5
-1.635556489076378e-5
-1.9070580933064158e-5
-2.263665244465026e-5
-2.6195491040709737e-5
-2.9608130927479994e-5
-3.3839176121997126e-5
-3.8217976966575995e-5
-4.2319771779363067e-5
-4.74715729747991e-5
-5.430700532722786e-5
-6.338472539355644e-5
-7.622761378364202e-5
-9.074688583587545e-5
-1.0369719605890665e-4
-1.1672786585970603e-4
-1.3186813622105212e-4
-1.5103385678831498e-4
-1.7177429039224107e-4
-1.9685974961578329e-4
-2.336387417994515e-4
-2.8157505782451146e-4
-3.311337839114425e-4
-3.780150565821292e-4
-4.2301650855220763e-4
-4.673558773034197e-4
-5.090574544949143e-4
-5.512019240988158e-4
-5.97152426694705e-4
-6.46782501654999e-4
-7.010674748396516e-4
-7.681484555030887e-4
-8.567913296604078e-4
-9.731488816350137e-4
-0.0011316419396345718
-0.0013222705059442604
-0.0014842263003467734
-0.0016055453734199342
-0.0017273696721549533
-0.001878648659956424
-0.002079606755770096
-0.0023454063260430116
-0.0026460415664795785
-0.0029282547803566607
-0.0032246171958067466
-0.003556779061998856
-0.0039116661978706585
-0.004303647390064529
-0.00472088634595934
-0.005146179216667112
-0.005623041063606775
-0.0062019444963586435
-0.006898205486805767
-0.0076932170416460395
-0.008558786897880614
-0.0094288537219501
-0.010296106871465587
-0.01134710804232911
-0.011939293334166866
-0.01305455033693198
-0.014049739851885481
-0.015617544966121378
-0.017607246178380213
-0.01986916748864071
-0.02191534237497175
-0.02353650634963369
-0.025255227339559226
-0.02744876757908405
-0.030395723769862965
-0.037922354829645406
-0.03905291673948641
-0.042814650278933664
-0.04015891472266252
-0.04243868217596336
-0.045080833461972857
-0.048065758528675916
-0.05172665357254624
-0.0561553833668976
-0.06079056817590339
-0.0665389253381562
-0.06773539419545038
-0.07260023314430279
-0.07647846352675992
-0.08011145753932332
-0.0852911282436251
-0.0900936346900151
-0.09458931691121428
-0.09961106333492738
-0.10577461572428061
-0.11344409349092675
-0.12184950669731828
-0.12964261372649072
-0.13959585283325565
-0.15345693084827045
-0.16892517964783144
-0.18346786859814962
-0.19379364866950355
-0.20120820625973834
-0.20868574960993094
-0.2177932043323084
-0.22929104814463344
-0.24249433959511035
-0.2551578107983308
-0.2736111847239722
-0.2926365139533803
-0.28551101061838324
-0.2928514878216165
-0.3156980462013882
-0.3462726702046949
-0.37977278420039434
-0.41131017176038165
-0.4426299883944707
-0.46810833808540325
-0.4876470889658516
-0.5060483886724605
-0.5272956631102435
-0.5496374884338613
-0.5693180662848312
-0.586958349570195
-0.6043566950195134
-0.6202799107858786
-0.6366073540973114
-0.6571179165055043
-0.6801288693041341
-0.7117621137171506
-0.736769984889713
-0.7630702426262501
-0.7943630997152873
-0.8261467561626524
-0.8540375197000629
-0.8732103862417498
-0.8882818034259089
-0.9043307074039391
-0.9230127851587938
-0.9446608439383785
-0.9706464755835664
-0.9974996329025345
-1.0228914877602644
-1.0507938208102663
-1.0799093209921158
-1.1016350520520186
-1.1213332076974145
-1.1425375559556719
-1.1551154824987024
-1.1651031036185713
-1.1790670192162847
-1.1998819391840352
-1.2238564334822826
-1.2402939765938839
-1.2421513083261269
-1.2427436925030326
-1.2403735610014763
-1.2348757047135064
-1.2274959185568524
-1.2298693934631657
-1.2327816418170086
-1.23200813393788
-1.2364161707743375
-1.24965600924434
-1.2633095458000163
-1.2632948547515446
-1.244955552782805
-1.2256265856738564
-1.2180544737255237
-1.2169924462097137
-1.2155128685209842
-1.2094130235753633
-1.19727740890112
-1.1843614160972247
-1.1755979796905582
-1.1683027168280835
-1.1609108796930854
-1.1558750553092545
-1.1499986427079345
-1.1376949595563932
-1.1233827348660317
-1.1107361090598964
-1.0939252023058976
-1.0677579925121738
-1.0333511972776601
-0.9951889161387965
-0.957904503809079
-0.9266994570995061
-0.9039391433903938
-0.884337895953478
-0.8611727267208512
-0.8351229594923611
-0.8088565475133418
-0.7835665437249933
-0.7595641406773894
-0.7348544525316105
-0.7087439770280232
-0.683549138825727
-0.6596233590109669
-0.6354411711232839
-0.6114711378132918
-0.5900001645412289
-0.5686031667344001
-0.5470889880150362
-0.5240956181478552
-0.5001215668408105
-0.4770315144409571
-0.45468715443150587
-0.43230871205072713
-0.41005738649802564
-0.3875797199201578
-0.3648354805161508
-0.3430387288596699
-0.32246921264825046
-0.30340664122473326
-0.285603341839068
-0.2686752900776903
-0.2530224069824448
-0.23882408068189317
-0.2251990578582196
-0.2114234204497414
-0.19784318180490235
-0.1850921453302902
-0.17328210526617918
-0.162133364676415
-0.15181838297571804
-0.14253488303730502
-0.13404785849541856
-0.12620442548932784
-0.11852049404158856
-0.11044090904797446
-0.1018616733433838
-0.09344152029148307
-0.08597558424504596
-0.07936008708033612
-0.0733082727459669
-0.06796345450788878
-0.06320526683600156
-0.058971719347041
-0.05519777486104226
-0.05158426647982066
-0.04785151633982164
-0.04397337226533961
-0.04014443654891049
-0.03666093001013497
-0.03368410602460254
-0.031106037277818337
-0.028765067175094944
-0.0264181751682768
-0.024033112013238586
-0.021809604550125247
-0.019819774949563586
-0.0180170635994859
-0.016416071750615466
-0.015026913826133326
-0.013822612286592938
-0.012807146973715083
-0.011890139279529128
-0.010931732601738684
-0.009974102263955072
-0.00907387859521806
-0.008237415206431406
-0.007490215943167467
-0.006824760992423073
-0.0062071930124575165
-0.005620871435799027
-0.005065730785855213
-0.004562315978157318
-0.004131153637165265
-0.0037763049894773693
-0.003479001965620336
-0.003199601031836892
-0.0029176440987878738
-0.0026401753458038836
-0.0023748697043649986
-0.002131255155781993
-0.0019049765440584216
-0.0016878468807968764
-0.001488877407458895
-0.0013267320379257526
-0.0011963291090043326
-0.0010734256454528219
-9.591991890571411e-4
-8.581092644882426e-4
-7.614497632303024e-4
-6.735245653513578e-4
-5.958856922125875e-4
-5.288006253971816e-4
-4.6987784857800225e-4
-4.170654277697728e-4
-3.683582495709886e-4
-3.241036993974677e-4
-2.845055139065019e-4
-2.497124283312703e-4
-2.1995101796535652e-4
-1.9382050388718053e-4
-1.709147959876327e-4
-1.5124629288896016e-4
-1.3386258788150536e-4
-1.1798485352700378e-4
-1.032957849327732e-4
-9.003167331585444e-5
