9.848235593371283e-7
1.0634762554002515e-6
1.127865253607498e-6
1.4335522772134905e-6
1.7655378496323821e-6
1.909414394266401e-6
2.225518260672583e-6
2.7639508322840102e-6
3.1223569716411305e-6
3.5229451091616467e-6
4.281028460315817e-6
4.958150504395866e-6
5.516099043976996e-6
6.444166377343324e-6
7.378802254970694e-6
7.93161704451817e-6
8.570364000141344e-6
9.18688971764936e-6
9.80031667578509e-6
1.1899789201250541e-5
1.5265019595588163e-5
1.7387602323871143e-5
1.8834574170306467e-5
2.2135197009842465e-5
2.577003200155239e-5
2.8278514134024423e-5
3.316463604788031e-5
4.0804065591485135e-5
4.5336552573243246e-5
4.605334635729903e-5
4.941661291379066e-5
5.7993638443646487e-5
6.943213964533078e-5
8.26210712317228e-5
9.565977560322122e-5
1.0535015247005768e-4
1.1338431643139626e-4
1.2497276196947503e-4
1.418850577342473e-4
1.6249458034067008e-4
1.8374927754743036e-4
2.007356187900612e-4
2.1174757061960604e-4
2.237891638559777e-4
2.4454885723784454e-4
2.701486764955721e-4
2.916053423126676e-4
3.1108166544712253e-4
3.3577836857885636e-4
3.6290762520901465e-4
3.9416274809097815e-4
4.427778471585125e-4
4.945044074575628e-4
5.125122470730048e-4
5.176319059458223e-4
5.745807350455544e-4
6.687203060081408e-4
7.251053196452867e-4
7.553385491667287e-4
8.278354821483406e-4
9.25483352167245e-4
9.940020599260649e-4
0.0010553350912803352
0.0011426757998044986
0.0012305549713918416
0.0013009580910652147
0.0013772685447298275
0.0014989773139546623
0.001712145405661893
0.002004084646621067
0.002280826592608194
0.0025140417313204745
0.0027649449511040506
0.002991028371630525
0.0030860557502212184
0.0031232986619538386
0.003267976263621788
0.003525292289139182
0.0038088149936991063
0.004109439758427748
0.004496147209624477
0.005075241074913613
0.005838629345086452
0.006544261305400141
0.007057361455021348
0.007601718092996742
0.00826240808134756
0.008755957296455237
0.00910116910710262
0.009738144413117805
0.01071410739000402
0.011620975283124061
0.012316745420662736
0.012959249871029905
0.01369028155198951
0.014701712158782257
0.016020940984673847
0.017349360398071674
0.01869351459805122
0.020367262428764108
0.02206073309031943
0.023307517727431885
0.02463299681200393
0.026460750890344255
0.027932493592571796
0.02870790003149623
0.030006205233517443
0.032150814343295094
0.03376779582584254
0.03468333165278982
0.036407571905385676
0.03902784137873823
0.04098106877279765
0.042101651417868806
0.04377023678228759
0.04625253093655918
0.04850789383630748
0.050227417375799464
0.052104864111832065
0.054459265384279865
0.05680568626163326
0.058562747591208365
0.05967177536422504
0.060657557882567915
0.06212798096607682
0.06418335538346154
0.06654913803772144
0.06912151134157107
0.07184984692096075
0.07440685208274776
0.07671957455012583
0.07918968129979534
0.08146276739670556
0.08226239099148187
0.08180974162635363
0.08258665456385088
0.08602359791471934
0.09052564039914898
0.09409990805560685
0.09648229020452039
0.09810968868404076
0.0995989227695575
0.10169644454649833
0.10359463375550802
0.10357488819323317
0.10274384068898405
0.10392481001896613
0.10620248217315639
0.10622369751839546
0.1045592613026054
0.10441899455316295
0.1056082651753324
0.10605949384665012
0.10654206868721237
0.10814839046456594
0.10891057367600568
0.10760305485449133
0.10652020852893697
0.1070386131822382
0.1071255738331485
0.10564728747352892
0.10439390417052967
0.10405293023457601
0.1027093164136709
0.09982446122934233
0.0974748057545067
0.09629660246017685
0.0942636876277479
0.09078594208423718
0.08801563967583495
0.08691535547322377
0.08593275034550818
0.08426287341663925
0.0826009731384053
0.08072221425858862
0.07795731178799327
0.07514013844629436
0.0729165046874413
0.0700680137335419
0.06612439748254663
0.06281364735993737
0.0608446754227315
0.05851747694798479
0.054992732528059654
0.051613448868499244
0.04911613863211679
0.04664228826130399
0.04390784479317679
0.041659018109944816
0.03989886147541322
0.037804106645963856
0.03526966406879965
0.032978803510703536
0.031222205341025495
0.029660894202643465
0.02788579045475001
0.025701567824430466
0.02330305404025751
0.021252465956014113
0.01980580578182909
0.01851336392452436
0.016918563961317225
0.01518748957344017
0.0137458224543214
0.012803892540991433
0.012293222254788209
0.011843013832554266
0.011069679739086785
0.01015257640339509
0.009622451096351478
0.009543950744865703
0.009542182265560747
0.009453152638416505
0.009344049148163138
0.009233449356604709
0.009181386413382273
0.009209169625632577
0.009064295162594837
0.008598632746166866
0.008182709996347804
0.008192243644629643
0.008398740924344833
0.008333445365119506
0.0079299401147019
0.0074741646027192314
0.007180846608805929
0.007049850426162154
0.006996812561193395
0.006951218489264617
0.006837281026455531
0.006592656907249833
0.0062612764000557685
0.005950002236138737
0.005668843859877552
0.0053636966337387544
0.005067273988932748
0.004829704584432251
0.004590788327649603
0.004300925492987224
0.004034381245834699
0.00384246887646557
0.0036518338198160225
0.0034035373548615975
0.00314592832093466
0.002933323333041769
0.0027470565152326147
0.0025525717987257184
0.002361353592768886
0.0022023881743759633
0.0020682002410940476
0.001928143353269377
0.001780277048640459
0.0016476797429145185
0.0015350324004418546
0.0014287120038381487
0.0013232707497320142
0.0012196800998857376
0.0011178801086582488
0.0010211360103166889
9.305620756639258e-4
8.439477523464583e-4
7.669536122077374e-4
7.045498415657541e-4
6.470168878159329e-4
5.859208563528088e-4
5.270523503546795e-4
4.751217721612945e-4
4.2830849388709124e-4
3.878857384122126e-4
3.5340295500071013e-4
3.191491144212767e-4
2.853106135998774e-4
2.5636847061061367e-4
2.306073209366038e-4
2.0612715298344418e-4
1.8574739346114113e-4
1.6808073858437726e-4
1.492381337147143e-4
1.3209085225197422e-4
1.1988532913561588e-4
1.0910189257830002e-4
9.697351586737484e-5
8.488206472459068e-5
7.310840095817394e-5
6.19752868660275e-5
5.3800191029870795e-5
4.828116631703243e-5
4.2714673336856315e-5
3.701602374014306e-5
3.23225301203182e-5
2.8109750757453754e-5
2.425414937368795e-5
2.1289882134484615e-5
1.8485809199372006e-5
1.5463416291348965e-5
1.322853021903635e-5
1.1774125686088098e-5
1.0121289355237567e-5
8.454664997375727e-6
7.2901964078581455e-6
