-8.787455122772017e-7
-9.328671577270528e-7
-1.149855508826568e-6
-1.32865249034894e-6
-1.3273468457343405e-6
-1.4858575217465024e-6
-1.8007108391073087e-6
-1.915849830386677e-6
-2.0506116682108048e-6
-2.410618111034229e-6
-2.62985047827569e-6
-2.8257385465767902e-6
-3.338988531083602e-6
-3.7014264298951045e-6
-3.882976727969365e-6
-4.670315023803554e-6
-5.841801043599876e-6
-6.93097398189207e-6
-8.53319297098686e-6
-1.0139546150228479e-5
-1.0520324310897022e-5
-1.0967861701090384e-5
-1.27735101502218e-5
-1.4397734321997914e-5
-1.5895520988159182e-5
-1.9064485944258007e-5
-2.165623157919827e-5
-2.1650193063111438e-5
-2.3805250544563744e-5
-3.118801312432551e-5
-3.8668882823685354e-5
-4.279975476743972e-5
-4.625449702662334e-5
-4.953753999730756e-5
-5.114702003968761e-5
-5.479007604791298e-5
-6.57094047095936e-5
-8.182575486051232e-5
-9.497981211878711e-5
-1.0134321488131547e-4
-1.0724010173498801e-4
-1.2105305360888337e-4
-1.4454651270280296e-4
-1.7629720579463555e-4
-2.1078579165422246e-4
-2.366531952663706e-4
-2.5959775407106387e-4
-3.0697528962239667e-4
-3.7716052145977415e-4
-4.313490452679109e-4
-4.6727026396159194e-4
-5.220558844905169e-4
-5.853284086799062e-4
-6.177813578439269e-4
-6.474915881787917e-4
-7.282351085005662e-4
-8.446701168027553e-4
-9.641445952515048e-4
-0.0010996523720933906
-0.001246304014207236
-0.0013703128075032137
-0.0014982851780716581
-0.0016898860242520347
-0.0019241281023754755
-0.0021335905022793885
-0.0023111194620186325
-0.002477612113506509
-0.0026215304961278653
-0.0027630755927399667
-0.0029630962253940608
-0.00318696455902915
-0.0033270956849685875
-0.0034276634738200536
-0.003653102587995982
-0.004004374625382906
-0.004368396067079891
-0.004786194438596556
-0.005310959605169496
-0.005800505317584224
-0.0062053356438136215
-0.006675252289813558
-0.007131654548464951
-0.007352651149369532
-0.007571718757286852
-0.00819981701189819
-0.009055940353009403
-0.009695952585857997
-0.010193438540874112
-0.010864676415205245
-0.011651882857052816
-0.012333139575028303
-0.013004815190751856
-0.014049672647597907
-0.01564350817482136
-0.017311418169689195
-0.018340758806035157
-0.018752289575568792
-0.019161121132071572
-0.019745539414261378
-0.020374733965196293
-0.02132865507779036
-0.022711015504779202
-0.023941006575717468
-0.024802528235596612
-0.02580325667924315
-0.026961742057599453
-0.027815553947933884
-0.028745001456161424
-0.030523978597234554
-0.03272160664807514
-0.034262427121480234
-0.03525674386446948
-0.036688426166438734
-0.038666833130933734
-0.04060804220751573
-0.042798643720122084
-0.045900578758530756
-0.049138307795490395
-0.051087263055768994
-0.05200091676254222
-0.05330137720201937
-0.05546129615225468
-0.05811641236616984
-0.06092776825256965
-0.0633106900902555
-0.06513400854988206
-0.06743223440360178
-0.07040649151038145
-0.07254296451544705
-0.07348048988543779
-0.07461920697496517
-0.07614921972823167
-0.07753858540723062
-0.08013027519825702
-0.0846640889190263
-0.08839556954482611
-0.08903978551118381
-0.08868991059935451
-0.09037787533341013
-0.09358897734732569
-0.09555615347098946
-0.09519907123707574
-0.09449431859215289
-0.09615652760695054
-0.1003199334414826
-0.10449896576944465
-0.10671477010003043
-0.10722680686573567
-0.10775281166221967
-0.1100985583887622
-0.11430927351276049
-0.1180591798780478
-0.11955388196298308
-0.11982824038268769
-0.12052978638304702
-0.12167482003475415
-0.12269895183671953
-0.1233095429077353
-0.12318441525021455
-0.12258596455340835
-0.1224928668355109
-0.12359013464140302
-0.12610506799536708
-0.12963067648632887
-0.13251839101859933
-0.13343534072522079
-0.13320276092157607
-0.13327900474699633
-0.13398513100800152
-0.1349115928689902
-0.13484054101910964
-0.1325784873844294
-0.1297883924587785
-0.12936251049253766
-0.13033602715003456
-0.12979217840366847
-0.12848760361225758
-0.12863511179208478
-0.12934823677173607
-0.1291666581581638
-0.12856522930086997
-0.1275905370458586
-0.1258771684371822
-0.12440183921536212
-0.12341843002424194
-0.1218327299078433
-0.12003393456029048
-0.1186452292670455
-0.11616760283967249
-0.1126089835578057
-0.11069055084771749
-0.11009151652527858
-0.1075070014935324
-0.10341023080478905
-0.10084149235040243
-0.09919585471586295
-0.09655299739631702
-0.09409519961030244
-0.09267011286136032
-0.09053254405945321
-0.08750293697761999
-0.08542084556012934
-0.08409150668587764
-0.08198565154473078
-0.07916506967959175
-0.07600603447611202
-0.07230111244090472
-0.06894774720640119
-0.06662949848251748
-0.06378734571195495
-0.0596040350242463
-0.056001084910409636
-0.05373464548755404
-0.050913875172971024
-0.04716215947170169
-0.04426131617887489
-0.0423185667059394
-0.0400540243235025
-0.03774755459490551
-0.03596672706724687
-0.033774971435355336
-0.030933659087448533
-0.028755675603498187
-0.027483113906964726
-0.026063445392183013
-0.024381037458920007
-0.02287326375845413
-0.021191571450663856
-0.019237325450101234
-0.01767893264236618
-0.016576724240938156
-0.015425487101262679
-0.014315514136153616
-0.013444705208138587
-0.012490126915539109
-0.011418803428201767
-0.010598031420383631
-0.00993291676131348
-0.009129590095764396
-0.008332022867155547
-0.007667934847244495
-0.007001381380030907
-0.0064051291706324655
-0.006008339393706043
-0.0056210379189943266
-0.005136633195724581
-0.004727680239439991
-0.004398678235110286
-0.004017758521930047
-0.003668504791051471
-0.0034290853658336894
-0.0031725622882769833
-0.0028641201834294903
-0.0026070989333968906
-0.0023912269286993967
-0.002167093609642501
-0.0019798806938013647
-0.0018310242883230684
-0.0016679502823188975
-0.0015183035885160613
-0.0014130290482862596
-0.0013054211200930793
-0.0011826647542316627
-0.0010810635595213181
-9.91708348732426e-4
-8.962582484126448e-4
-8.141300288978328e-4
-7.458154190245856e-4
-6.745648048795581e-4
-6.111006999673078e-4
-5.591747997901861e-4
-5.025145951581356e-4
-4.486693615968962e-4
-4.0980710867593255e-4
-3.7083495133249087e-4
-3.2772796707681174e-4
-2.95898997809198e-4
-2.7036694363569765e-4
-2.3966378434752897e-4
-2.1273682594160186e-4
-1.933647935551535e-4
-1.72994066880584e-4
-1.550001366057752e-4
-1.438381676498997e-4
-1.311271901661239e-4
-1.1610791017643135e-4
-1.063612675928477e-4
-9.80458069583352e-5
-8.588709642911187e-5
-7.529038470197524e-5
-6.80597020361472e-5
-6.020060525653584e-5
-5.359617480777843e-5
-4.9843754594505164e-5
-4.484827677020102e-5
-3.874151653442654e-5
-3.487841073279168e-5
-3.148171546526891e-5
-2.7122096132796932e-5
-2.4343087582465633e-5
