1.1108257546873326e-6
1.2438317559638745e-6
1.5986544994131666e-6
1.6773778815058463e-6
1.7663301174029598e-6
2.260437216195088e-6
2.6122741249741604e-6
2.8449709181109016e-6
3.5790471495387055e-6
4.231140008142968e-6
4.432673689310557e-6
5.1995234335734165e-6
6.332700615521073e-6
6.826367756350919e-6
7.5957697440141214e-6
9.034666257645822e-6
9.712669476195751e-6
1.0427070204839685e-5
1.2789449872942708e-5
1.5064252161443207e-5
1.6529994226654524e-5
1.9409375227297557e-5
2.2568311396675262e-5
2.3881604827571877e-5
2.652264964096727e-5
3.206538683052847e-5
3.6677037261198346e-5
4.029355607837116e-5
4.570266140493691e-5
5.075668234549409e-5
5.4473263166438956e-5
6.025895714706854e-5
6.739739719355201e-5
7.381956797127805e-5
8.19926410073209e-5
9.180286234446961e-5
1.0187862304787424e-4
1.1517112559310833e-4
1.2781740661885226e-4
1.325870555844174e-4
1.3850130476318482e-4
1.5405844090590884e-4
1.6670101478054037e-4
1.7208072948846998e-4
1.8444724334735292e-4
2.0166265837477123e-4
2.127038450846973e-4
2.2481809638696696e-4
2.3872832693781627e-4
2.479452286882738e-4
2.7269955767989337e-4
3.17599096581663e-4
3.373809266779277e-4
3.2037313734245993e-4
3.113587537504197e-4
3.119641780006825e-4
2.883491635363594e-4
2.590271538451593e-4
2.49966544171686e-4
2.4407959808627567e-4
2.479092574605135e-4
2.7919624548889907e-4
2.952003845851623e-4
2.682121497067515e-4
2.4358568519793097e-4
2.337449013054185e-4
2.0412630147259982e-4
1.7868521695013617e-4
1.9608939526903613e-4
2.230764901208841e-4
2.3842775415156836e-4
2.888741601241076e-4
3.908760677241065e-4
4.953543556393691e-4
5.796134268998211e-4
6.978834862468086e-4
9.092911008666939e-4
0.0011787288586763269
0.0014438350253275095
0.001781225003967373
0.002289870599625981
0.00282681236768668
0.0032034685775718156
0.003563179549909765
0.004143419612995594
0.00484414807319672
0.0054580839130404435
0.006065966663945154
0.006841837335657629
0.007750652204932767
0.008697393913530882
0.009736481898428339
0.010951228767031132
0.012267891055970332
0.013547105947602767
0.01479150393289596
0.016069681747846308
0.017334880979194625
0.018608569910000882
0.020133932609827727
0.02201054946443255
0.02401965040789618
0.026012948354218652
0.028008690119284575
0.030004552799051204
0.0321418310073267
0.03456913743988522
0.0370379485861878
0.03952645746520069
0.04266692738896643
0.04627093011889569
0.04888908047474563
0.050352140388583794
0.05254132319115822
0.05617967577040715
0.05954581801088005
0.06156544860811263
0.06346258387657684
0.06645836603018491
0.07004702472121864
0.07319548458825033
0.07590864560251452
0.07901062724706422
0.08270191708413835
0.08605034357134517
0.08843177973606488
0.09059516888850185
0.09342472698808074
0.09670832396519242
0.09989848234811366
0.10297195094692087
0.10613000267756068
0.10948512740596103
0.11291854183817523
0.11591382367532174
0.11817761512237046
0.12036616165640326
0.1233673480558901
0.1270426699088908
0.13021315530092673
0.1318156365758877
0.13211205858380262
0.13259642538401853
0.13422951932074598
0.13632487417243158
0.13784975215631948
0.13889208404845627
0.14015157940544612
0.141802083760601
0.14321409679444014
0.1436100921777905
0.14328526463605032
0.14354984177746966
0.14463348327521514
0.14511083477630957
0.14436068786982442
0.14339700136328665
0.14256898417242617
0.14107170446701475
0.13892863835783317
0.13684556055022912
0.13455215609294305
0.1315830179549038
0.1287031889483486
0.12664870570919362
0.12462955576188606
0.12158726212355411
0.11786117721827054
0.1143617189760593
0.11093902029304621
0.10684619524473166
0.10232271327663689
0.09830902802451351
0.09474546989079262
0.09056938909155576
0.08541049071928442
0.0800557977960777
0.07522897108901545
0.07082313908805217
0.0663506904335919
0.06166387355007309
0.0570721707468056
0.052736494193196204
0.048340788295896366
0.04374871486809099
0.03933647686459123
0.035229467136632324
0.031140037933467632
0.0271906800820244
0.02374309485051554
0.02053130052550862
0.017161300816413646
0.01399334919248845
0.011503144385784746
0.009502978947511028
0.007691794375471607
0.006134919438187803
0.004868584086049727
0.003812199470274488
0.0030926389472351276
0.0028361476243165345
0.0028108050244972215
0.00271426796628263
0.0025948214100790547
0.0027014852202348256
0.0031058429942545022
0.0036799647160727657
0.00432970986173858
0.005061696032419036
0.005863526052893543
0.006675145921010411
0.007460861788297693
0.008216257972734897
0.00894747037858618
0.009656746079218903
0.010281569784770492
0.010729572714349942
0.011035271978096884
0.01132140041730155
0.01158859602067063
0.011744170278544483
0.0117896341136275
0.01179145117513987
0.011762444104622545
0.011685003123660867
0.011538825141548508
0.01130103953778425
0.01101224388712164
0.010746759938223367
0.010474250847884206
0.010110643714708734
0.009689610290063764
0.00930708450949734
0.008958319996622133
0.008581086464708483
0.008177600259901637
0.0077861128618526565
0.007404384106494679
0.007006921546129445
0.006596101290072608
0.006201387906525534
0.005840247882005094
0.00550098267430974
0.005166184855502774
0.004831748946051162
0.004502353706213582
0.004190900151784887
0.003910331297110433
0.0036509711610716263
0.0033930791405962146
0.003139734423024853
0.002902405666597321
0.0026767362866373335
0.0024625916135534746
0.002270044858774842
0.002092995603280548
0.0019193917028371963
0.0017567578246754781
0.001611348273454404
0.0014716568663292766
0.001334905042808187
0.0012134179795581712
0.0011092038258486135
0.0010130424496079915
9.206708361931177e-4
8.321440407021023e-4
7.488967035596837e-4
6.747757340422319e-4
6.094250193650402e-4
5.482751584559536e-4
4.915984621529184e-4
4.416071187592864e-4
3.9596311082879806e-4
3.533916496141592e-4
3.1570432546088745e-4
2.817529324874304e-4
2.495515757602638e-4
2.2044303051967133e-4
1.9486823865765059e-4
1.7143542491620116e-4
1.508399862246919e-4
1.3353574189780144e-4
1.1750554377846604e-4
1.0229286790791656e-4
8.917073556075941e-5
7.757111097543272e-5
6.676236938321885e-5
5.765137382338194e-5
5.0094965973512705e-5
4.2940437659827384e-5
3.647832074366437e-5
3.1163178965905795e-5
2.633885116837248e-5
2.196620397140584e-5
1.8535603861672686e-5
1.5601890225594608e-5
1.277800088639306e-5
1.0482818485127367e-5
8.703489349448374e-6
7.032514540323186e-6
