-5.771320015477603e-7
-8.224112698152077e-7
-7.646179140816837e-7
-8.143671029899813e-7
-1.2374672340250408e-6
-1.279181415718569e-6
-1.1666477205471749e-6
-1.6799246304068947e-6
-1.9816173837113436e-6
-1.7047419429897845e-6
-2.1181543133487595e-6
-2.826416993503272e-6
-2.680376526811376e-6
-2.9780929547004526e-6
-4.129029347436604e-6
-4.3382785815317365e-6
-4.549439150811488e-6
-6.407660257896141e-6
-7.643878589325915e-6
-7.645580927277414e-6
-9.247667138654055e-6
-1.1236023308342443e-5
-1.1431570698954666e-5
-1.3219223967718447e-5
-1.7366611011777774e-5
-1.939884098986637e-5
-2.0265925381768222e-5
-2.340166217678067e-5
-2.6531327506905067e-5
-2.959779132911396e-5
-3.565411422983399e-5
-4.164128848538534e-5
-4.677620139642116e-5
-5.6738900135734746e-5
-6.822189422027829e-5
-7.555323568656187e-5
-8.617856617821462e-5
-1.0155047569341379e-4
-1.1204324970441478e-4
-1.2461478818411975e-4
-1.4922444647635978e-4
-1.736536110695685e-4
-1.97450238883676e-4
-2.3849876212188399e-4
-2.845300654643294e-4
-3.177233466827442e-4
-3.622066862893108e-4
-4.2422866840110233e-4
-4.661768191030991e-4
-4.957879513699792e-4
-5.600560148382687e-4
-6.510827509918478e-4
-7.430299380536561e-4
-8.535615723836482e-4
-9.842463642550706e-4
-0.0011178902625739297
-0.0012761141938098072
-0.0014562103355771825
-0.001609594021798472
-0.0017564030145532851
-0.0019504370624180585
-0.0021647593874221287
-0.002398333076036106
-0.0027208766331375317
-0.003074136033167766
-0.0033275272152503603
-0.0035686475545579966
-0.003979173075877387
-0.00449775081099566
-0.004934211104911446
-0.005263027580724003
-0.005589244425129035
-0.005990461659799998
-0.006467906127620114
-0.006972908438282112
-0.007509993308666899
-0.008122104695044131
-0.008719781246276518
-0.009203649782779431
-0.009712192572469488
-0.010333385027835212
-0.010836947831835166
-0.011164646655487998
-0.011665088249017545
-0.012433072889884935
-0.013127603380838997
-0.013656730151574759
-0.014257572859306181
-0.014951658019444541
-0.015612727482612873
-0.016253356878805806
-0.01681136471225964
-0.01719352805013153
-0.017628048394561495
-0.018337884568763882
-0.019112805816812878
-0.019773850976014
-0.020498892299823514
-0.02130629685006109
-0.022002447026076625
-0.022746698053674765
-0.02375904146130258
-0.02465956105475728
-0.025024588725007305
-0.025188707883825733
-0.025736803247161738
-0.026727089775245707
-0.027774368768383205
-0.028364372774860088
-0.02837918889923684
-0.028770274176676564
-0.030576993804769453
-0.032976295424981275
-0.034289470494792355
-0.03492043496522561
-0.03657527076537952
-0.03896328227036
-0.04043431811008777
-0.04113874867943191
-0.04244406659503852
-0.044201191111757736
-0.04517783447729361
-0.045287811050596136
-0.04570343779888365
-0.047252464349255896
-0.049423193894216504
-0.051180416912449615
-0.052584775700868384
-0.05433779137511216
-0.055987966377105916
-0.05697406557261497
-0.05850220647057106
-0.0613018821516016
-0.06362104789085714
-0.06435351074380966
-0.06462553012546511
-0.06462454596530343
-0.06387925198277214
-0.06446126286914859
-0.06794709358852419
-0.07147863011007653
-0.07260232304138078
-0.07367651969563742
-0.07671493756575795
-0.07959051065298989
-0.08068937469140436
-0.08153484527810498
-0.08322479153954164
-0.08504302423061781
-0.08659363558543429
-0.08808166572933512
-0.08925683953033728
-0.08974780221630539
-0.08995218151308448
-0.09107297788337076
-0.09373558490701749
-0.09678174745649155
-0.09911219970601072
-0.10164896499006679
-0.1049284130311642
-0.10743890599275789
-0.10887108302541447
-0.11060717589860342
-0.11197089748199955
-0.112034015350836
-0.11356554221103186
-0.11811306410362775
-0.12157763422112203
-0.12142340579641735
-0.1212545931868852
-0.12319292499114891
-0.12463434989836947
-0.12513446003840395
-0.12717218002378897
-0.13029043791155256
-0.13239421137271165
-0.1337931358977106
-0.13466998884101625
-0.13390566199599727
-0.1327651272847991
-0.13356590822702827
-0.13529204149392796
-0.1360114514136548
-0.13646668184650473
-0.13741070563982763
-0.13798816998787095
-0.13831757008944498
-0.13890422506207384
-0.1384964396932238
-0.13662219141645024
-0.13518689846171159
-0.13470846892514665
-0.13319109623478478
-0.13011868757026931
-0.1271490879816629
-0.12474423059719927
-0.12194642125022576
-0.11875528998219298
-0.11582629914668822
-0.11277215061684807
-0.1087093572715623
-0.10384658910954044
-0.09931475418561424
-0.09555435540643399
-0.09183157499111917
-0.0876806161721335
-0.08363825945341913
-0.07991231282030686
-0.07585822819386841
-0.07134624640471825
-0.06692715758471816
-0.06263611467627359
-0.058341699663732406
-0.054497576177714044
-0.05112684927088231
-0.04752651659470041
-0.043771760253685205
-0.04062474765121408
-0.037933500703106096
-0.03504157929884354
-0.03212722852893228
-0.029628996829715523
-0.027440199056344407
-0.025458887379261098
-0.023710737875788118
-0.021925375146259713
-0.020024648826938586
-0.018398274766714552
-0.017090610570909024
-0.015709893323384926
-0.014261928213734643
-0.013047869950228962
-0.012022116804486244
-0.01103119468221562
-0.010157904118978026
-0.009416642916836951
-0.008677906464423638
-0.007952457304385402
-0.007308952973237311
-0.006699512069198148
-0.0061074542313848635
-0.0055907769620913384
-0.005132557809745481
-0.004680588746144767
-0.00425563992729172
-0.0038959820571868044
-0.003602607333418515
-0.003351719029704366
-0.003097158230892824
-0.002816678257203879
-0.0025512160443754554
-0.002336146563539735
-0.002154601566750919
-0.0019864588175847733
-0.0018275629657324207
-0.0016743827614320449
-0.0015330699987518759
-0.0014046336696092148
-0.0012748853816359805
-0.0011542299537882043
-0.001064741538612454
-9.854409788032782e-4
-8.921352883219801e-4
-8.073084423002806e-4
-7.432743311887482e-4
-6.772555686465666e-4
-6.112935274165514e-4
-5.644253873485759e-4
-5.22803634376374e-4
-4.7201688053162533e-4
-4.2680627110910463e-4
-3.9156317905421627e-4
-3.552826856054692e-4
-3.224363514718989e-4
-2.974733722084288e-4
-2.7112059745737184e-4
-2.449693790519197e-4
-2.2688731235191305e-4
-2.0956711255932923e-4
-1.8806502127966516e-4
-1.7059688541799648e-4
-1.5753369710912917e-4
-1.428706848505158e-4
-1.2965777673113775e-4
-1.1960775136187256e-4
-1.0796691683717259e-4
-9.655320150109568e-5
-8.900918591036321e-5
-8.134732306851365e-5
-7.245258732206947e-5
-6.635183692800417e-5
-6.128006711058328e-5
-5.445294293400952e-5
-4.909706406360843e-5
-4.572500554502318e-5
-4.099379360650405e-5
-3.6288802617062604e-5
-3.364495827782133e-5
-3.0534805336860705e-5
-2.6630743777217636e-5
