0.0750000000	1.0383677698
0.0754013378	1.0279145405
0.0758026756	1.0415577773
0.0762040134	1.0453647076
0.0766053512	1.0370943834
0.0770066890	1.0511131982
0.0774080268	1.0647703860
0.0778093645	1.0588509916
0.0782107023	1.0620543788
0.0786120401	1.0735207436
0.0790133779	1.0775929656
0.0794147157	1.0886443284
0.0798160535	1.0961265580
0.0802173913	1.0994962019
0.0806187291	1.1243104017
0.0810200669	1.1519275125
0.0814214047	1.1541786929
0.0818227425	1.1427703051
0.0822240803	1.1502010045
0.0826254181	1.1524541603
0.0830267559	1.1448602184
0.0834280936	1.1524865947
0.0838294314	1.1452678541
0.0842307692	1.1221456292
0.0846321070	1.1145199902
0.0850334448	1.1155456345
0.0854347826	1.1160651410
0.0858361204	1.1212054997
0.0862374582	1.1207170490
0.0866387960	1.1103289266
0.0870401338	1.1060867050
0.0874414716	1.1046874705
0.0878428094	1.0957019139
0.0882441472	1.0921547816
0.0886454849	1.0947493799
0.0890468227	1.0879014566
0.0894481605	1.0803422990
0.0898494983	1.0801163060
0.0902508361	1.0778698215
0.0906521739	1.0791369482
0.0910535117	1.0908688343
0.0914548495	1.0991634319
0.0918561873	1.0971666241
0.0922575251	1.0961965479
0.0926588629	1.1001659875
0.0930602007	1.1123890952
0.0934615385	1.1375947640
0.0938628763	1.1639086020
0.0942642140	1.1763549355
0.0946655518	1.1647030414
0.0950668896	1.1337815878
0.0954682274	1.1019097864
0.0958695652	1.0854429270
0.0962709030	1.0837772171
0.0966722408	1.0873812495
0.0970735786	1.0954574687
0.0974749164	1.0967897069
0.0978762542	1.0839405112
0.0982775920	1.0739748034
0.0986789298	1.0749008807
0.0990802676	1.0887556688
0.0994816054	1.0775159820
0.0998829431	1.0912206942
0.1002842809	1.1093051720
0.1006856187	1.1210124968
0.1010869565	1.1306934165
0.1014882943	1.1304522998
0.1018896321	1.1177165334
0.1022909699	1.1157485746
0.1026923077	1.1234122576
0.1030936455	1.1264643002
0.1034949833	1.1829731172
0.1038963211	1.1471216468
0.1042976589	1.3827938442
0.1046989967	1.0978962916
0.1051003344	1.0825457476
0.1055016722	1.0883382228
0.1059030100	1.0898759090
0.1063043478	1.0822493188
0.1067056856	1.0762876772
0.1071070234	1.0853530145
0.1075083612	1.0713128570
0.1079096990	1.0679344222
0.1083110368	1.0656239482
0.1087123746	1.0653895396
0.1091137124	1.0561838293
0.1095150502	1.0713719714
0.1099163880	1.0693181790
0.1103177258	1.0680983998
0.1107190635	1.0694350224
0.1111204013	1.0697627213
0.1115217391	1.0674057825
0.1119230769	1.0609553509
0.1123244147	1.0522111755
0.1127257525	1.0498010109
0.1131270903	1.0630190276
0.1135284281	1.0891107813
0.1139297659	1.1102979734
0.1143311037	1.1205128800
0.1147324415	1.1261975036
0.1151337793	1.1279019929
0.1155351171	1.1247816071
0.1159364548	1.1198764349
0.1163377926	1.1158846057
0.1167391304	1.1132432070
0.1171404682	1.1085351075
0.1175418060	1.1188300001
0.1179431438	1.1279482582
0.1183444816	1.1263264740
0.1187458194	1.1258701905
0.1191471572	1.1258766240
0.1195484950	1.1158586598
0.1199498328	1.1070231775
0.1203511706	1.1064461058
0.1207525084	1.1080858301
0.1211538462	1.1090609107
0.1215551839	1.1087448761
0.1219565217	1.1083585410
0.1223578595	1.1102411291
0.1227591973	1.1175999414
0.1231605351	1.1305540199
0.1235618729	1.1446016373
0.1239632107	1.1547754859
0.1243645485	1.1657503358
0.1247658863	1.1821723152
0.1251672241	1.1812749341
0.1255685619	1.1701768078
0.1259698997	1.1615996278
0.1263712375	1.1695772312
0.1267725753	1.1901183698
0.1271739130	1.1794097292
0.1275752508	1.1651953209
0.1279765886	1.1490690093
0.1283779264	1.1415188306
0.1287792642	1.1400574768
0.1291806020	1.1450838808
0.1295819398	1.1464390354
0.1299832776	1.1507778163
0.1303846154	1.1540966414
0.1307859532	1.1542814789
0.1311872910	1.1544831546
0.1315886288	1.1534347745
0.1319899666	1.1560897160
0.1323913043	1.1667373104
0.1327926421	1.1861952367
0.1331939799	1.1992553044
0.1335953177	1.1962929141
0.1339966555	1.1932495355
0.1343979933	1.1961399308
0.1347993311	1.2067896729
0.1352006689	1.2237236572
0.1356020067	1.2373963325
0.1360033445	1.2424951324
0.1364046823	1.2336079354
0.1368060201	1.2226572049
0.1372073579	1.2109327413
0.1376086957	1.2019140322
0.1380100334	1.2016249636
0.1384113712	1.2107146900
0.1388127090	1.2140141386
0.1392140468	1.2023099105
0.1396153846	1.1918665441
0.1400167224	1.1865101035
0.1404180602	1.1820161629
0.1408193980	1.1728819017
0.1412207358	1.1599080199
0.1416220736	1.1514021966
0.1420234114	1.1480518775
0.1424247492	1.1480523422
0.1428260870	1.1521996105
0.1432274247	1.1605516625
0.1436287625	1.1752630908
0.1440301003	1.1920712408
0.1444314381	1.2014758284
0.1448327759	1.2134827818
0.1452341137	1.2155354160
0.1456354515	1.2073267978
0.1460367893	1.1956269147
0.1464381271	1.1856912527
0.1468394649	1.1795422000
0.1472408027	1.1733448196
0.1476421405	1.1682056442
0.1480434783	1.1679850049
0.1484448161	1.1744553410
0.1488461538	1.1874228390
0.1492474916	1.2039385113
0.1496488294	1.2195672538
0.1500501672	1.2225803548
0.1504515050	1.2090649425
0.1508528428	1.1952989375
0.1512541806	1.1871374272
0.1516555184	1.1826588631
0.1520568562	1.1808443517
0.1524581940	1.1801909837
0.1528595318	1.1810994189
0.1532608696	1.1853962733
0.1536622074	1.1951053107
0.1540635452	1.2074836844
0.1544648829	1.2140773706
0.1548662207	1.2143992830
0.1552675585	1.2122441963
0.1556688963	1.2073396209
0.1560702341	1.1976255225
0.1564715719	1.1874284271
0.1568729097	1.1804919310
0.1572742475	1.1781864976
0.1576755853	1.1824176819
0.1580769231	1.1953129710
0.1584782609	1.2079751105
0.1588795987	1.2063620807
0.1592809365	1.1994870669
0.1596822742	1.1949452588
0.1600836120	1.1906684196
0.1604849498	1.1857670185
0.1608862876	1.1799251749
0.1612876254	1.1744535511
0.1616889632	1.1693060369
0.1620903010	1.1634746198
0.1624916388	1.1594778883
0.1628929766	1.1581179987
0.1632943144	1.1588511612
0.1636956522	1.1615607418
0.1640969900	1.1638159210
0.1644983278	1.1644107907
0.1648996656	1.1644818801
0.1653010033	1.1642302037
0.1657023411	1.1639895561
0.1661036789	1.1649343564
0.1665050167	1.1674663854
0.1669063545	1.1706840107
0.1673076923	1.1723665622
0.1677090301	1.1723997461
0.1681103679	1.1726673969
0.1685117057	1.1722369189
0.1689130435	1.1724200874
0.1693143813	1.1725496304
0.1697157191	1.1700621193
0.1701170569	1.1670008662
0.1705183946	1.1667999139
0.1709197324	1.1692925660
0.1713210702	1.1736073563
0.1717224080	1.1786018894
0.1721237458	1.1833109531
0.1725250836	1.1896485732
0.1729264214	1.1986766381
0.1733277592	1.2078426216
0.1737290970	1.2137086261
0.1741304348	1.2152334320
0.1745317726	1.2135308504
0.1749331104	1.2124633052
0.1753344482	1.2135873772
0.1757357860	1.2164749923
0.1761371237	1.2201408660
0.1765384615	1.2247329472
0.1769397993	1.2282751595
0.1773411371	1.2301786240
0.1777424749	1.2319903848
0.1781438127	1.2335691454
0.1785451505	1.2343393674
0.1789464883	1.2352103600
0.1793478261	1.2360318758
0.1797491639	1.2351339197
0.1801505017	1.2330544196
0.1805518395	1.2310103797
0.1809531773	1.2288790753
0.1813545151	1.2257822249
0.1817558528	1.2222339213
0.1821571906	1.2186449385
0.1825585284	1.2145785742
0.1829598662	1.2106770733
0.1833612040	1.2089956715
0.1837625418	1.2098802028
0.1841638796	1.2117388690
0.1845652174	1.2152636440
0.1849665552	1.2191598208
0.1853678930	1.2180502281
0.1857692308	1.2100839028
0.1861705686	1.2003557666
0.1865719064	1.1943296519
0.1869732441	1.1923692629
0.1873745819	1.1908823264
0.1877759197	1.1884665332
0.1881772575	1.1875378248
0.1885785953	1.1873993962
0.1889799331	1.1876853628
0.1893812709	1.1902830407
0.1897826087	1.1972233324
0.1901839465	1.2012947297
0.1905852843	1.1964645758
0.1909866221	1.1874444204
0.1913879599	1.1761535493
0.1917892977	1.1681660593
0.1921906355	1.1657660869
0.1925919732	1.1661295411
0.1929933110	1.1637057968
0.1933946488	1.1602500766
0.1937959866	1.1592617868
0.1941973244	1.1584168549
0.1945986622	1.1595249736
