-8.430559158640768e-6
-9.694659804710805e-6
-1.0995553543227118e-5
-1.2389301449388703e-5
-1.4396099178768614e-5
-1.7480033475138164e-5
-2.1038786198264166e-5
-2.4301044849427113e-5
-2.7651567003686722e-5
-3.169938359288196e-5
-3.6487983538308385e-5
-4.173088666305007e-5
-4.643484055199268e-5
-5.0719601065893435e-5
-5.671488760664279e-5
-6.571511504790964e-5
-7.570035012417607e-5
-8.532802122513605e-5
-9.507304185769247e-5
-1.0694674651501845e-4
-1.2211638099739918e-4
-1.4150388273984107e-4
-1.6137510667084377e-4
-1.792045868451304e-4
-1.9626509559335739e-4
-2.140205534387799e-4
-2.356073296331925e-4
-2.608588818159926e-4
-2.901253734216845e-4
-3.301899887812152e-4
-3.8725732718635023e-4
-4.6079985255131423e-4
-5.41319197301953e-4
-6.211775273922265e-4
-7.012216560545854e-4
-7.843577993614007e-4
-8.721271670256527e-4
-9.640434043348365e-4
-0.001060922148130651
-0.001167085553226611
-0.0012821708201897113
-0.0014029670992944305
-0.0015280678362702255
-0.0016719636888807795
-0.0018938013320626331
-0.0022259922304453893
-0.002629529013315719
-0.003026972588917677
-0.0033547852988175504
-0.0036350823623980456
-0.0039018530362422213
-0.004196107973598368
-0.004629286532062961
-0.005286990951647795
-0.005964152488133133
-0.006540640654558139
-0.0070793964179613695
-0.007618791318734736
-0.008180894552449637
-0.008839419326750354
-0.009636523424387077
-0.010358369607995795
-0.010838399291030393
-0.011743016258275242
-0.012764321520459636
-0.014145852049105987
-0.015833705352824235
-0.017605702650817876
-0.01920565740059429
-0.020689029323799357
-0.022383335050500275
-0.024519174270167175
-0.026406308267324343
-0.027272568674276017
-0.02993547458843358
-0.03245216445898374
-0.03490445467258256
-0.03728079446274641
-0.03967204833081937
-0.04204930240073912
-0.044820917771583986
-0.04066425209803574
-0.047471429111788505
-0.05641579114970155
-0.061661692160637716
-0.06518094472767713
-0.06758533037276414
-0.07115970221368176
-0.07464050159579798
-0.07870215807987833
-0.08485107691236041
-0.0929551110579777
-0.10295208198790472
-0.11276241485381766
-0.1212084714577242
-0.1290691925870639
-0.136474622389152
-0.14368725388518672
-0.15205104791736332
-0.1619234395886295
-0.17190114994807196
-0.1816313768889142
-0.1910417997823194
-0.20151334623805112
-0.21386621865731023
-0.22004858919866432
-0.23942740324610462
-0.2529457298635099
-0.26293569777569575
-0.2790067993079261
-0.29346921433746137
-0.3045108610528114
-0.31664434393273344
-0.33125323581459953
-0.34855930302756033
-0.366886613934832
-0.38503857914212675
-0.4031356597219591
-0.42151815887551847
-0.4396379801741792
-0.45796144829371954
-0.4804496422001924
-0.509238339317752
-0.5383178768124808
-0.5618950914249653
-0.5815273699126475
-0.5763745963252935
-0.5811805902662864
-0.5916893177806388
-0.5940057843153386
-0.6208934339196142
-0.6540246250843366
-0.684082089534658
-0.7082565748043049
-0.7115326074688904
-0.7185282681804444
-0.7282237644828709
-0.7355039792152294
-0.7563435909934932
-0.7873564911872322
-0.8165363812969882
-0.8418329629264502
-0.8558849492554274
-0.873938916500954
-0.8944569132057081
-0.9183509419611801
-0.9497104978532205
-0.977929906517822
-0.9928918947203164
-0.9980038118595006
-1.0031523218859932
-1.0162274426865143
-1.0289386075175502
-1.0310590254340721
-1.0306153302378995
-1.0420531164167746
-1.054070345869355
-1.0646503319207379
-1.0788762042673052
-1.095198839100162
-1.1125701050515577
-1.122881277576572
-1.1204240779863817
-1.1106076415541069
-1.1034788373058793
-1.1023704826949452
-1.1023614724580575
-1.1009361853560182
-1.0972407561704163
-1.0897317387182812
-1.0779645055449747
-1.0595269549916029
-1.0302230197326097
-0.9967329318405144
-0.9698944181649083
-0.9475192395914083
-0.9349115047107782
-0.9237060801194318
-0.9034217218407898
-0.8770813998115541
-0.8457443071745597
-0.8144692689728025
-0.7893369110879803
-0.7746260610615584
-0.7701818518823128
-0.7635190154351275
-0.7444703074523322
-0.7137409151714051
-0.6854504692989107
-0.6637928824379752
-0.6392232021110957
-0.6091631266205925
-0.5840416074004959
-0.5696518577917239
-0.5570109970537382
-0.5395064021881291
-0.5157634812354407
-0.49200448924173656
-0.4714117365064634
-0.4533770511518365
-0.4313752689864945
-0.4084754440906749
-0.3894257032486715
-0.37288268847710176
-0.3560601888974581
-0.33691778463879246
-0.3163628819188672
-0.2977104142227099
-0.28315622690144043
-0.2721574290813572
-0.2623508019236047
-0.25202925434867296
-0.239320912774986
-0.2244472534918877
-0.209202604161775
-0.1956534867914596
-0.1842066379684262
-0.17406402546951835
-0.16377723634587515
-0.15274401962713796
-0.14222621393825322
-0.13373818456586453
-0.12673045819038298
-0.1193166691104782
-0.11102484168118068
-0.10294343499111573
-0.09535489553978398
-0.08802068962060731
-0.08102880780913478
-0.07426911476857931
-0.06820824935325366
-0.06335106258305336
-0.059140309041086477
-0.05552599171891657
-0.052234649236561584
-0.048860439071354726
-0.045474217670441866
-0.04209458829334523
-0.03877872582606984
-0.035667972818820864
-0.0328019621014454
-0.030203736632607888
-0.02776491110032108
-0.025260327359006463
-0.022912986433810074
-0.021035265610836674
-0.01941176434880514
-0.017785783047815553
-0.016250847354847747
-0.014967850667014197
-0.013871205276654542
-0.012831725366752724
-0.011798866603234964
-0.01075016224397431
-0.009711217836753413
-0.008763048701361307
-0.007923758054820342
-0.007183090496929973
-0.006520245893435469
-0.005915664971047735
-0.005334791107375875
-0.004782824824172068
-0.004301611347133621
-0.0038980709462075477
-0.003536178551355765
-0.0031902448373691142
-0.0028738865286901056
-0.002597520891446481
-0.0023387681205505775
-0.002090780479073946
-0.0018705152679493232
-0.0016836266809049432
-0.0015155016220114404
-0.0013587886362760055
-0.0012129988608233359
-0.0010751746567837512
-9.431607852306026e-4
-8.266230339387188e-4
-7.345093309547561e-4
-6.599321815519647e-4
-5.969458600039896e-4
-5.438442778010008e-4
-4.854808326970018e-4
-4.3123392024957657e-4
-3.8262179789287903e-4
-3.3969438699783675e-4
-3.014213581811243e-4
-2.6655872346923604e-4
-2.363586506828499e-4
-2.123622512864631e-4
-1.9178704481546475e-4
-1.7213814445666694e-4
-1.5406513902210968e-4
-1.3645879713028168e-4
-1.1987526809013633e-4
-1.0518229377215056e-4
-9.247141484921831e-5
-8.105463711973911e-5
-7.053583270926133e-5
-6.0986227108775825e-5
