-1.1140961036636525e-5
-1.2001838014635306e-5
-1.3131343169390221e-5
-1.4891865257689037e-5
-1.7538445706358746e-5
-2.0596157809759374e-5
-2.3857466176755908e-5
-2.760502482707508e-5
-3.1983832463285556e-5
-3.7518070283820995e-5
-4.464457604135014e-5
-5.237054183876477e-5
-5.8370162951171645e-5
-6.310278372288643e-5
-6.812900171737473e-5
-7.408240810307015e-5
-8.129479953130825e-5
-9.054034566342557e-5
-1.0338907317011802e-4
-1.2033316665736976e-4
-1.4214478432132048e-4
-1.6857527784378576e-4
-1.9641217818318148e-4
-2.2951844625879514e-4
-2.740065750052412e-4
-3.307521659793144e-4
-3.9413076703997393e-4
-4.6044479640878393e-4
-5.286343754169418e-4
-5.933430541840375e-4
-6.502968099073724e-4
-7.094701998942496e-4
-7.880115952466096e-4
-8.842427892998652e-4
-9.869213095312045e-4
-0.001095713930629571
-0.0012120508551191264
-0.0013291679401380666
-0.0014439096313654276
-0.001562945099046983
-0.001693404139776117
-0.00183839623984768
-0.0020017720952704545
-0.0021890683262216423
-0.002404325600116913
-0.002646399226758454
-0.002902557746696956
-0.003162402892074288
-0.0034431969297369167
-0.003775090440595293
-0.004171717839472038
-0.0046482582146046
-0.005242710751877509
-0.0059892729056089476
-0.006914341930585125
-0.00806065453999986
-0.009333196552422885
-0.010364638291445625
-0.011103900898556623
-0.011829876999195198
-0.012684133841490912
-0.013867738601200946
-0.014636627629288811
-0.015788754989707398
-0.016973995044208167
-0.018028766668898744
-0.019238229523858483
-0.020767077119573225
-0.022347734656797635
-0.023839934643042467
-0.025325462207605298
-0.027091898489460704
-0.030904663215154803
-0.031066214897846122
-0.037147922702855295
-0.03769075402100253
-0.04156802813802369
-0.046066683127668824
-0.05009486424815966
-0.053678245714294505
-0.056959723951652066
-0.06023627783099087
-0.06444179040991196
-0.07133050390295384
-0.07785317265097413
-0.08718731851147846
-0.09274020056616251
-0.10046832803425217
-0.10584369773588079
-0.11714582922616423
-0.12669293695877681
-0.13567078199866617
-0.14419707095395437
-0.15394111521933027
-0.1641825658248108
-0.17419695705916835
-0.18420892660998514
-0.19341513146371078
-0.20170853997630975
-0.20984165935874824
-0.21836856409958735
-0.2282544875683094
-0.24179350687397086
-0.2609221701038953
-0.28401092614701373
-0.30708337635894295
-0.327932969061675
-0.3437217959682588
-0.3661307922280776
-0.3902625461486268
-0.40658588842555404
-0.4144875604371135
-0.42067717069425986
-0.43267733874380804
-0.4525158767494122
-0.4755436312341216
-0.498918158243416
-0.5206565832145149
-0.5388538568934579
-0.5534866190963313
-0.5674936989376604
-0.5843787639204185
-0.60528614356674
-0.6347700748547963
-0.6708524839693837
-0.7030945097229178
-0.7357277040555266
-0.7618498474679528
-0.7712251964862054
-0.7751861355768724
-0.7896803190477745
-0.808033821721182
-0.8301714704727031
-0.8522253052316073
-0.8738886951814849
-0.8965244360784582
-0.9222901632217531
-0.9610172386371592
-1.001977158398795
-1.0239938679383624
-1.019376569624666
-1.0198487989338625
-1.0420882590078362
-1.0661791770570346
-1.0829043259397346
-1.0974661664282879
-1.1082742108326107
-1.1157655500755574
-1.1286742438346595
-1.1477932546319491
-1.1656869088205597
-1.1741295767397246
-1.1831969810408405
-1.1954175828868787
-1.2101371822664273
-1.2265722583457046
-1.2364559819781167
-1.237132854317734
-1.2348457348592585
-1.235333103359385
-1.2412505038464352
-1.2510361697975616
-1.2587871060995004
-1.2591273052222842
-1.2528511167921168
-1.2453100481604529
-1.2413301565190131
-1.2385473849119306
-1.2334334649598004
-1.2233227189092473
-1.2071276289304258
-1.1834158000753705
-1.1603866579280542
-1.1388912964344726
-1.1168128998864242
-1.0959931712011644
-1.0778708000740962
-1.0638964362156893
-1.0545116720504004
-1.0459804859981885
-1.034553830633258
-1.0195487271707289
-1.0028506012870277
-0.98646556449146
-0.9711092268878132
-0.9559752496883696
-0.9349714297135259
-0.9038912820325121
-0.8705733958288585
-0.8393949528961341
-0.8079660502268456
-0.7783099315153034
-0.7514551675654955
-0.7262340855009813
-0.7030030636623551
-0.6828775726598051
-0.6646880878388155
-0.6451418744344366
-0.6215459759655547
-0.5931512369204472
-0.5611254661481873
-0.5318507784568908
-0.5070714580116821
-0.48458808932875047
-0.46185439231579006
-0.4384717748097538
-0.4155123388202865
-0.3934705753928821
-0.37186833076094966
-0.35090348308075764
-0.3321370517600081
-0.3155377922149118
-0.29933929973618245
-0.28390406249072836
-0.2689844748604094
-0.25449727261990845
-0.24056669973413058
-0.22694409164730064
-0.2136515517469597
-0.20110930161020835
-0.18963644094169677
-0.1789395123291469
-0.16829167624566155
-0.15723397157264601
-0.14576664428123884
-0.13460011782324888
-0.12438436063356738
-0.11514253564828553
-0.10682879858546816
-0.09903262289015441
-0.09148863245557778
-0.08481110262059342
-0.0790241251411548
-0.07354337069024991
-0.06826656201471902
-0.06331649100573684
-0.05885865376463965
-0.05466875955334023
-0.05069660363348761
-0.047070414994480954
-0.04377913924467629
-0.04068802225756887
-0.03775781336392596
-0.03498228603562017
-0.032337253376824485
-0.029796874372070133
-0.02734185293406616
-0.025071228308456667
-0.023020532532496765
-0.0211268509326166
-0.019339908035491286
-0.01766194324442621
-0.016115601124809163
-0.01467569262273541
-0.013325132440570457
-0.01209756478670169
-0.011020056612904465
-0.010066707318155512
-0.009189150850766263
-0.008373087405005726
-0.00761021780102137
-0.006891269824731179
-0.006214561230838007
-0.005612342605497662
-0.005091212348368653
-0.004630340546392768
-0.004194440995398982
-0.0037818394345707183
-0.0033943276050469747
-0.0030277238859817324
-0.0027024024749084255
-0.002434107551543451
-0.0022154561850169278
-0.0020251516563324595
-0.0018412435190362888
-0.0016599622600305412
-0.0014858574551011054
-0.0013206875182288017
-0.0011675478830336418
-0.0010347476328017233
-9.2548855161921e-4
-8.314585216154742e-4
-7.401786030618397e-4
-6.556869109861793e-4
-5.804265574906622e-4
-5.142159275670278e-4
-4.553636212999354e-4
-4.0278072102653675e-4
-3.565847366035814e-4
-3.1603246542549366e-4
-2.785675279321028e-4
-2.463927366269663e-4
-2.171505493680247e-4
-1.9061390432191134e-4
-1.666906828802997e-4
-1.4550129407843017e-4
-1.2740743165791645e-4
-1.1200530211214931e-4
-9.860815120079647e-5
-8.697769691268428e-5
