-8.00506175945929e-7
-3.089952031750272e-7
-8.281403777608518e-8
-3.5981619178556726e-7
-6.159463877341195e-7
-3.431050572196293e-7
-9.410976364992906e-9
-5.220401390538128e-7
-1.7691340315605527e-6
-1.9458701230449224e-6
-2.190357821093018e-6
-2.0687759392351207e-6
-1.9847580107714246e-6
-2.12643867034962e-6
-2.487432467132905e-6
-2.991049339362909e-6
-4.164752692690798e-6
-5.7003506249693844e-6
-6.964715115153121e-6
-9.347248248929014e-6
-9.333755384554981e-6
-1.037688433577117e-5
-1.3585950690814042e-5
-1.9181476541921966e-5
-2.1170854830751028e-5
-2.137863020088528e-5
-2.6207151669918742e-5
-3.014964496017048e-5
-3.3118839583460376e-5
-4.714824814549329e-5
-6.152901763244275e-5
-4.072829168200718e-5
-4.9372133023158895e-5
-6.0777104438667496e-5
-7.680456645915827e-5
-8.38201902588495e-5
-1.1581160378774665e-4
-1.326823763508936e-4
-1.4076011004032603e-4
-1.575092679259853e-4
-1.7281300823450055e-4
-1.9599736098910468e-4
-2.1915417999178024e-4
-2.3470919015942897e-4
-2.612501242122127e-4
-2.8710628947953e-4
-3.2563983713502267e-4
-3.681818766742516e-4
-4.2684629527907375e-4
-4.860755706287794e-4
-5.67985154510097e-4
-6.881001832296031e-4
-7.479212730420414e-4
-7.602732366574923e-4
-8.665381202895786e-4
-9.698608315202986e-4
-0.0011055184204875879
-0.001281383665157696
-0.0014434719980651182
-0.0016707653147988565
-0.0018485840879363805
-0.002092244574793711
-0.0024039183194484656
-0.0026363348115429805
-0.0028948957298475858
-0.003206608312758775
-0.0035045612545329743
-0.0038772708711315193
-0.004261286989553839
-0.0046332621657506476
-0.00528188835895438
-0.005804358712467529
-0.006316583102567319
-0.006924564511586005
-0.007727197415854864
-0.008319854774626585
-0.008975624187404023
-0.009677675327816543
-0.010310577651794793
-0.011034493706683425
-0.012038931242641271
-0.012878296438811712
-0.01362434541735863
-0.014568421189624222
-0.01556746937976619
-0.016289126337168086
-0.016754974591339088
-0.017853790684362495
-0.018914986867478157
-0.01995067970303648
-0.021165899520754455
-0.022205371549269902
-0.0234718935601705
-0.024965452544095528
-0.02614757089153598
-0.027090252947085877
-0.02820461658193909
-0.029148687926373984
-0.029985739259429028
-0.03200712772698034
-0.03386144243480212
-0.03514362198458018
-0.03603072498710024
-0.036752161329671
-0.03844403233102453
-0.04036894758959202
-0.04179763641476942
-0.0421681253735482
-0.04338652491716672
-0.0460794871618712
-0.049360667510602904
-0.051261118365359376
-0.052807366093804646
-0.05283076217846877
-0.053423435493718446
-0.056087034327044566
-0.05970201281715709
-0.06275649480562467
-0.0640759408717083
-0.06733264213079954
-0.07066223314140528
-0.07361413928755174
-0.07656960800975385
-0.07842468745486408
-0.08022797039403293
-0.0812518161326684
-0.0834752050617877
-0.08431029911801607
-0.08479660340277916
-0.08748104549246703
-0.09008102890506056
-0.09180542215489908
-0.09310440311668847
-0.09746623827496566
-0.1021717495124164
-0.10726127006290277
-0.11057368151215508
-0.10979511575168902
-0.11134479631364105
-0.11305721662655653
-0.11424176630294935
-0.11535103355617635
-0.1192012931727012
-0.12300782569892972
-0.1270048148131451
-0.1291356027854821
-0.13040808505879525
-0.13067171329233948
-0.13229028170632778
-0.13536281392296892
-0.14068967643364905
-0.1443837719229407
-0.1409574723678774
-0.13957035312377641
-0.13678961957304225
-0.13453465682933677
-0.13611800741851557
-0.1395150331360478
-0.13989915116056403
-0.1405384149560951
-0.1424330944816329
-0.14392558731800442
-0.1425111224648497
-0.1407788055835942
-0.13863092925879253
-0.14063898301993022
-0.144715224908675
-0.14585270863573507
-0.14660724410609566
-0.14725294901486763
-0.1490305710434526
-0.14702706372877067
-0.1464415312924712
-0.14851788829517285
-0.1501012477440592
-0.14822574980052358
-0.1456689150913789
-0.14633470219492706
-0.14500009336485897
-0.14433486129261985
-0.143855641579789
-0.14260585346798563
-0.1403235273736658
-0.13947974639690333
-0.139808486944098
-0.13980576425403546
-0.1396690509545162
-0.13898486048931236
-0.1368383405385697
-0.13568235157843395
-0.1337613280114323
-0.13247659999602412
-0.12895454876858872
-0.1262237979650321
-0.12423699367484549
-0.12258404436287423
-0.12069904010376566
-0.11820011110065068
-0.11539418096951601
-0.11121575547585992
-0.10666738659941435
-0.10307642181414377
-0.09990480106994147
-0.09645199674086613
-0.09313801518358555
-0.08924168646663615
-0.08556869486130364
-0.0825126046557454
-0.07873241999595763
-0.07506079466822962
-0.07157537399992744
-0.06783314610002124
-0.06367220606301803
-0.060047384912359766
-0.057108400198338495
-0.05396185703192248
-0.050803731686907876
-0.04724112928620175
-0.044159314719936615
-0.041488703445939995
-0.03886007920060945
-0.03639313279972096
-0.03398564281679756
-0.031539875883011825
-0.029295370536069367
-0.027235367039169553
-0.025396278464466033
-0.023465899608751766
-0.02166287986741836
-0.02007714436407934
-0.018716461143947347
-0.01734103934944778
-0.016034402939080823
-0.014868859844786069
-0.01381529222498214
-0.012817981633119677
-0.011848221308664779
-0.010986201499572834
-0.010180127906243078
-0.009390091543419741
-0.008683346345438901
-0.008042459001830062
-0.007421618111609828
-0.006793265614140519
-0.006241188718516453
-0.005740507180106329
-0.005271937311663465
-0.004844262442362068
-0.004473922237845871
-0.004110265766186527
-0.00373398128360207
-0.0034150837896898332
-0.003105042992152805
-0.0028622399355558745
-0.0026210777217734534
-0.00238659245614071
-0.002179975676085038
-0.001975786554484215
-0.0018146107003327474
-0.001663291472786755
-0.0015241671582241002
-0.0014007494348459862
-0.0012709269697434467
-0.0011461221629747128
-0.0010329810902354618
-9.422919225167223e-4
-8.694751359949087e-4
-7.942291032764454e-4
-7.190872297774413e-4
-6.506415767613005e-4
-5.886679758835148e-4
-5.324487673287851e-4
-4.835680598538659e-4
-4.379212889786541e-4
-3.9601388666963e-4
-3.591680083645226e-4
-3.2600569330584224e-4
-2.941379336964607e-4
-2.659289529544964e-4
-2.391716322087393e-4
-2.1697580516171196e-4
-1.9687361920969374e-4
-1.7724759486149769e-4
-1.594818927161528e-4
-1.4420153443573e-4
-1.3049669017665857e-4
-1.1767799022386813e-4
-1.0593491691178582e-4
-9.507383136478434e-5
-8.590072245131768e-5
-7.761489212491776e-5
-6.975841161331818e-5
-6.281829350098184e-5
-5.6372428635467637e-5
-5.059346051721845e-5
-4.550456713055024e-5
-4.075097643479357e-5
-3.642376868405919e-5
-3.2522603468654684e-5
-2.892424896408918e-5
