2.7009464225511035e-7
2.6955764370521413e-7
1.6576571592317488e-7
-4.450301058697253e-7
-1.0007274267852099e-6
-8.990838332982404e-7
-7.069245009049357e-7
-1.3376951285531037e-6
-2.53607294004607e-6
-2.988942167977211e-6
-3.2405642854554745e-6
-3.131273701317261e-6
-3.1267736869667135e-6
-3.269783152389786e-6
-3.653561607502367e-6
-4.080493514596942e-6
-5.2308870326617315e-6
-6.7340011381656245e-6
-7.614928979725151e-6
-9.254187065990722e-6
-9.504775974558649e-6
-9.913619569325765e-6
-1.2023012299930292e-5
-1.6760398281906772e-5
-1.8861595649220968e-5
-1.8844951410078576e-5
-2.138976172071458e-5
-2.5827548513276858e-5
-2.8941817778979845e-5
-3.367507840274473e-5
-3.253851619460498e-5
-3.940309125791032e-5
-4.600842968625119e-5
-5.334050955672972e-5
-6.216212546574865e-5
-5.995751109445075e-5
-7.252910657261015e-5
-9.903217241654069e-5
-1.1504580889833493e-4
-1.2934745058116158e-4
-1.4704418524530096e-4
-1.6642970616614276e-4
-1.8609429753769976e-4
-2.007226728502893e-4
-2.152628854750844e-4
-2.508249898026353e-4
-2.87547725473754e-4
-3.210562215670849e-4
-3.6556192365150216e-4
-4.069500823535206e-4
-4.4643341907475644e-4
-4.950120974392639e-4
-5.246545088336853e-4
-5.438320315257235e-4
-6.618417787827904e-4
-7.372952260645388e-4
-8.829409877159201e-4
-0.001023226763161895
-0.0011157409274355713
-0.001289203165209288
-0.0014741111630591848
-0.0016471060170396463
-0.0017840331920880644
-0.0018572576530397383
-0.0021634132909527644
-0.002556954601150945
-0.0027869990608686266
-0.003005354273723179
-0.003125077672385087
-0.003319239860696492
-0.003993344069320049
-0.004437621858107051
-0.0047546502097997245
-0.005365915795764782
-0.006184785826366335
-0.006533241149815945
-0.0070264809376965
-0.007541540393934661
-0.007822397132455673
-0.008462325175607825
-0.009296972281679024
-0.009898994024791125
-0.010443481309989644
-0.011224515379987211
-0.012016583751686601
-0.012257223265143898
-0.01208697511232846
-0.01245683776438139
-0.01325101778185218
-0.014244578403798376
-0.015388768261078899
-0.015817580782814863
-0.01668401949409185
-0.01815750101020313
-0.019296351752782735
-0.019924731684815938
-0.02032222707024464
-0.020670110883521414
-0.021112474529023224
-0.022572188687699585
-0.024029913449588176
-0.024943490971800993
-0.025601491676319813
-0.02541468300241076
-0.02598448452657673
-0.027014914003034456
-0.027156610227888005
-0.026783383784917493
-0.027451435277017724
-0.028985166421526848
-0.03001826358363869
-0.031045225910999223
-0.033063563637394454
-0.03404868096416038
-0.03429703976344093
-0.03613548670298779
-0.03791955847936218
-0.03934874502111293
-0.04013632674690252
-0.0417381375368715
-0.04311089418464627
-0.044466014341577695
-0.04720009325854484
-0.04802764725545221
-0.047146392548495855
-0.048174502354938226
-0.050391010450300665
-0.052740566325388864
-0.05351493214957612
-0.05575229973186233
-0.05845324838040898
-0.06016080959136907
-0.06189130564578347
-0.06538070954957732
-0.0679412037818448
-0.06864562045338513
-0.06897903641022994
-0.06994790951105755
-0.07197225372159079
-0.0725914008994728
-0.07317722523009289
-0.07474009409011444
-0.07842675147173989
-0.07967329490699371
-0.0811729821302016
-0.0819586927765825
-0.08307185409864477
-0.08092638313691951
-0.08042087038568609
-0.08099019609955516
-0.08498038885967359
-0.08775359321962951
-0.08693534519936107
-0.08654613203775983
-0.08489592283023988
-0.08493907048237592
-0.08712321924894872
-0.08764264247883595
-0.08732956447237729
-0.0874141626415735
-0.08870569082697889
-0.08802818614803072
-0.0866536365621757
-0.08807782035045729
-0.09102920473056278
-0.09592863029950255
-0.09937215231701299
-0.09837751388378697
-0.09705149443922954
-0.0978754118529057
-0.09899429486490745
-0.09833381248916288
-0.09875667895409886
-0.10180698844561514
-0.10423658114474973
-0.10344326096775516
-0.10177594694991654
-0.10350706026425253
-0.1038304732929997
-0.10366333843230897
-0.10287154205096691
-0.10324397889049322
-0.10302690447827556
-0.10262851888797284
-0.10318327199779195
-0.10369850119513085
-0.10419005928776323
-0.10523940801408042
-0.10498072083892292
-0.1039071935780077
-0.10150858143762341
-0.1016765374530108
-0.099440243832925
-0.09741655442714248
-0.0960844160332472
-0.09548854444803533
-0.09476866173801447
-0.094738334084583
-0.09287818428802394
-0.08927886357436471
-0.08511900887231814
-0.0816193290693027
-0.07923773118142317
-0.0775139115449434
-0.07529331924139034
-0.07202797473320896
-0.0690029735976619
-0.06608027594409144
-0.06318911888074408
-0.06056348443269575
-0.057535392370313305
-0.054295273206113395
-0.05108856413582241
-0.048535443426145304
-0.04661764051341667
-0.04371580040363927
-0.0405941000879918
-0.037200643511846515
-0.03434685762213431
-0.03205697784740208
-0.029979141109008196
-0.028319938477484576
-0.0259209580894392
-0.02366191880483996
-0.022104694461532806
-0.02034775445181331
-0.018988336863960332
-0.017666299190969376
-0.01609562746640932
-0.014788426038193494
-0.013987652967205347
-0.013080338460535799
-0.011908954079519989
-0.010981933421660501
-0.010140701912664356
-0.00943699249414249
-0.008742684962499516
-0.00813235248575017
-0.007480053396747658
-0.006860612842272751
-0.006420370102404772
-0.0060059954368613016
-0.005587501860554934
-0.005094466074502029
-0.004581081383918622
-0.004178200166769662
-0.003918665299726761
-0.003651686981530461
-0.0033583857700860073
-0.0030359744952688002
-0.002752068155059271
-0.0025215016841042474
-0.0022525934259218757
-0.002073127069325033
-0.0018955596757101077
-0.0017457059182485284
-0.001614588968569468
-0.0014562366140932542
-0.001346621470617286
-0.0012510206352443136
-0.0011561512194779942
-0.0010464651231255249
-9.398454099845312e-4
-8.433401061787126e-4
-7.671184191238878e-4
-7.031804687140469e-4
-6.513215325890023e-4
-5.880781468056714e-4
-5.375377036697322e-4
-4.847628621768681e-4
-4.356704514528249e-4
-4.000553990447824e-4
-3.652856324054488e-4
-3.2720143918114674e-4
-2.95320782411761e-4
-2.686795802013909e-4
-2.4938906854648384e-4
-2.2603980654365877e-4
-2.055974234321058e-4
-1.8516263401754376e-4
-1.6830686266839325e-4
-1.5183231303341578e-4
-1.362722731819964e-4
-1.227932468157682e-4
-1.1027019843567741e-4
-1.0071344431233364e-4
-9.182981526415637e-5
-8.319723745108495e-5
-7.524954689154965e-5
-6.888115441457312e-5
-6.275306384649089e-5
-5.6584704265432734e-5
-5.088574574862564e-5
-4.532779614228036e-5
-4.093159740032482e-5
-3.6637667503670544e-5
-3.282981393509435e-5
-2.9837029475925907e-5
-2.6840873244977106e-5
-2.3850157215714677e-5
