1.0091643395849054e-6
1.1809680887098994e-6
1.3798889567188496e-6
1.60983838503236e-6
1.875229290952886e-6
2.181030044641557e-6
2.5328221092462966e-6
2.9368621993435273e-6
3.400145960831969e-6
3.930477994912154e-6
4.536543057714493e-6
5.227978446444905e-6
6.015450621075734e-6
6.91072978934883e-6
7.926763760122958e-6
9.077748501323913e-6
1.0379195976533484e-5
1.1847990745125195e-5
1.3502432904752529e-5
1.5362275912596155e-5
1.7448732216881226e-5
1.978446372286064e-5
2.239352592470468e-5
2.5301295930903244e-5
2.8534324725662492e-5
3.2120156080990333e-5
3.6087057781744343e-5
4.0463685561328066e-5
4.527864313553901e-5
5.055994265819245e-5
5.633432217736506e-5
6.262645475412206e-5
6.9457969113822e-5
7.684630470114693e-5
8.480339096195752e-5
9.333411447022343e-5
1.0243459099395747e-4
1.1209020080440237e-4
1.222734547440395e-4
1.3294166430554067e-4
1.4403442878749365e-4
1.554710675362068e-4
1.6714803174249068e-4
1.7893635349417776e-4
1.9067938795545077e-4
2.0219095518654543e-4
2.1325406972011305e-4
2.2362073500100104e-4
2.3301280512241847e-4
2.411247258230811e-4
2.476280407554623e-4
2.521786339281365e-4
2.544267231117317e-4
2.540303149127039e-4
2.506720923683093e-4
2.4408039139076413e-4
2.3405390802726275e-4
2.2048988791722177e-4
2.0341549227903506e-4
1.8302145268245007e-4
1.5969640068106097e-4
1.34060840765387e-4
1.0699860287314047e-4
7.968434157173536e-5
5.3604113299304147e-5
3.056864419666841e-5
1.2717074709093364e-5
2.5103901697777642e-6
2.7148706180280596e-6
1.6375674151878966e-5
4.6782113149864695e-5
9.742619845645765e-5
1.7195717960664746e-4
2.7413379189919647e-4
4.0777721372337906e-4
5.767267869045335e-4
7.84800334514391e-4
0.0010357589357804383
0.0013332797468217092
0.0016809338379031452
0.002082170881300924
0.002540309245005879
0.003058530193968285
0.0036398755291605417
0.004287250645486862
0.005003423124162535
0.005791028416118357
0.006652571327455402
0.0075904279036140155
0.008606846911634596
0.009703949332423738
0.010883724258128887
0.012148026887024784
0.013498572086860778
0.014936925190223629
0.016464495397905385
0.01808252461351714
0.01979207184043814
0.021594007165593326
0.023488989754383106
0.02547746312693098
0.02755962974585923
0.029735441178930594
0.032004584021740654
0.03436646627832393
0.036820189239246966
0.03936455117285049
0.0419980203430648
0.04471872896028077
0.04752445676256895
0.05041261715345961
0.05338026071331577
0.05642404444379839
0.059540247302016375
0.06272475363532985
0.06597303824292422
0.06928019079434998
0.0726408916173543
0.07604942170041112
0.07949967379831492
0.08298514254638666
0.08649895012303767
0.09003383390181466
0.09358218873032195
0.0971360469224267
0.10068713756479783
0.10422684164816168
0.10774629379566203
0.11123633364873271
0.11468757011460853
0.11809039766900786
0.1214350299184008
0.12471152468891103
0.12790981112063013
0.13101973634041558
0.13403108399597924
0.13693363817634974
0.13971719580268266
0.14237160207523128
0.14488681883194515
0.1472529267710404
0.14946019542998684
0.15149910969520752
0.15336041111536197
0.15503513750356293
0.15651468911549077
0.15779081185013089
0.15885568688455387
0.15970195406421805
0.16032274826360465
0.16071173418647713
0.16086315867307382
0.16077185396131743
0.16043332191306403
0.15984371185198934
0.1589999173966086
0.1578995549002058
0.15654101285945166
0.15492350325182724
0.15304708262965427
0.15091266460636593
0.14852210396680213
0.14587819146005626
0.14298467121787584
0.13984633502986316
0.13646902969033575
0.1328596902317699
0.12902640324331485
0.12497842609600707
0.1207262777697262
0.11628173725613243
0.11165791107050539
0.1068693185387189
0.10193189961124105
0.09686306728556963
0.09168174971579422
0.08640845381870549
0.08106522599714469
0.07567568625284771
0.07026500149203918
0.06485981862969782
0.059488174461525975
0.0541793305552545
0.04896360858361751
0.043872080879681793
0.03893626893414521
0.034187715258689994
0.029657485565927844
0.025375614585765996
0.021370469884566274
0.017668059077068407
0.01429133258980941
0.01125944971581768
0.008587115688851673
0.006283966275190319
0.004354083487092419
0.002795659525873133
0.0016008626667155124
7.559065284799126e-4
2.413550422001993e-4
3.264791620772457e-5
1.0082920140082327e-4
4.134420558724964e-4
9.355425394567738e-4
0.0016307743934076994
0.00246244774321231
0.003394560587178588
0.004392719827547631
0.005424923934965345
0.006462168520426485
0.007478887299928789
0.008453213750445183
0.009367072665899942
0.01020613418703989
0.010959649567789467
0.01162019782380474
0.012183355406207517
0.012647348206286824
0.013012663392249246
0.01328167445633001
0.013458282034632058
0.013547573461483064
0.0135555108765923
0.01348866515475649
0.013353977702218712
0.013158565100099951
0.012909542809219708
0.012613899659015694
0.012278392145090706
0.01190945961936382
0.011513171624910744
0.011095179129023842
0.010660702125692416
0.010214509312175851
0.009760919193273664
0.009303807071587324
0.008846621256183664
0.008392396147425554
0.007943777592742224
0.0075030451886403116
0.007072138435324708
0.0066526802473685955
0.006246006968108866
0.005853190578570909
0.005475065128199005
0.005112250935057232
0.004765176780597484
0.00443410252588159
0.00411913815831578
0.0038202633168293977
0.003537345547562811
0.003270154848488117
0.0030183795369301022
0.002781639182061724
0.0025594970619117045
0.002351471036211682
0.002157043042373673
0.0019756687970302724
0.0018067844003284003
0.0016498140404966684
0.0015041759523146455
0.0013692872062444099
0.001244568589513518
0.001129448600999746
0.0010233662006721418
9.25774010160481e-4
8.361405296865645e-4
7.53951513418468e-4
6.787118449195677e-4
6.099464514796587e-4
5.472010966697363e-4
4.900425872792435e-4
4.3805950014416597e-4
3.908619083492432e-4
3.4808125655815024e-4
3.0937022924837576e-4
2.7440221589811675e-4
2.4287092237845813e-4
2.144896078453399e-4
1.889905754768733e-4
1.6612429675889033e-4
1.4565880217752504e-4
1.2737877026580078e-4
1.1108478295897425e-4
9.659245949848132e-5
8.373168602657344e-5
7.234575824931944e-5
6.229059246488531e-5
5.3433952493115056e-5
4.565466960477738e-5
3.884190831022985e-5
3.289443043920559e-5
2.771994736911002e-5
2.3234434673572436e-5
1.9361512891153505e-5
1.60318657516765e-5
1.3182684936003673e-5
1.075713592806604e-5
8.70386913936688e-6
6.9765783373645375e-6
