-4.102209539725786e-7
-4.819765069011104e-7
-5.65969137088342e-7
-6.642370361607932e-7
-7.791505005040118e-7
-9.134649358524014e-7
-1.0703821513001473e-6
-1.253621211079033e-6
-1.4675003011900622e-6
-1.7170312835646092e-6
-2.0080288563843236e-6
-2.3472365193056876e-6
-2.7424718608825092e-6
-3.202794046904272e-6
-3.7386967976328543e-6
-4.362330604037021e-6
-5.0877584534144615e-6
-5.931249918537861e-6
-6.911619116617345e-6
-8.050612769686168e-6
-9.373355399874037e-6
-1.0908859573728334e-5
-1.2690610068995435e-5
-1.4757231871739577e-5
-1.7153253013369075e-5
-1.9929974411836082e-5
-2.3146460066439503e-5
-2.6870662138137612e-5
-3.118069657891683e-5
-3.616628598932068e-5
-4.19303871939191e-5
-4.859102151361675e-5
-5.628332572889774e-5
-6.516184107800043e-5
-7.540305607478881e-5
-8.720821616601206e-5
-1.0080640891683144e-4
-1.164579270904188e-4
-1.344579031808819e-4
-1.5514019711964657e-4
-1.7888150341196157e-4
-2.0610562427165514e-4
-2.3728783085169493e-4
-2.72959204979822e-4
-3.137108186859101e-4
-3.60197568426475e-4
-4.1314143598348473e-4
-4.7333390004428654e-4
-5.416371739621179e-4
-6.189838999157784e-4
-7.063748928275539e-4
-8.048745056761379e-4
-9.156031893441457e-4
-0.0010397268540083414
-0.0011784427145431135
-0.0013329614277784744
-0.0015044855101256248
-0.0016941842607642293
-0.0019031657018145577
-0.002132446367499671
-0.0023829201040742095
-0.002655327346865676
-0.002950226578954914
-0.0032679698047909183
-0.003608683853308621
-0.0039722591334203795
-0.004358347094742433
-0.0047663671174424955
-0.005195522911932426
-0.0056448278179021955
-0.006113137730558143
-0.0065991898274880174
-0.007101644886098599
-0.007619130808966347
-0.008150285022287016
-0.00869379366092254
-0.009248425857296717
-0.009813061951233345
-0.010386714969956783
-0.01096854523376712
-0.011557868379044592
-0.0121541574277787
-0.012757039760466597
-0.013366289970669399
-0.013981819607687435
-0.014603664768983688
-0.015231972407512838
-0.01586698609192603
-0.016509031817202428
-0.017158504323638742
-0.017815854252593886
-0.01848157635423035
-0.019156198867965175
-0.01984027412120904
-0.02053437033529006
-0.021239064586507553
-0.021954936843254204
-0.022682564984060485
-0.023422520693649532
-0.024175366133105752
-0.02494165128335556
-0.025721911867338878
-0.0265166677643908
-0.0273264218391871
-0.028151659116707865
-0.02899284624373995
-0.0298504311857038
-0.030724843115503598
-0.0316164924579245
-0.03252577105933997
-0.03345305245776638
-0.03439869223313986
-0.035363028421153506
-0.03634638197772352
-0.037349057283598316
-0.03837134268085038
-0.03941351103461342
-0.04047582031520217
-0.04155851419608396
-0.04266182266441312
-0.04378596264116598
-0.04493113860784
-0.046097543236846936
-0.04728535802271069
-0.048494753910387364
-0.04972589191675282
-0.05097892374038354
-0.052253992354156224
-0.05355123257384335
-0.054870771594775825
-0.05621272948742296
-0.057577219640885594
-0.05896434914183839
-0.06037421907425327
-0.061806924723031856
-0.06326255566238063
-0.06474119570679958
-0.06624292269915948
-0.06776780810759675
-0.06931591639804735
-0.07088730414554334
-0.07248201884199433
-0.07410009735284562
-0.0757415639685664
-0.07740642799005684
-0.07909468077913138
-0.08080629219662532
-0.08254120634114862
-0.0842993364902099
-0.0860805591346622
-0.08788470698322126
-0.08971156080122145
-0.09156083993113195
-0.0934321913270231
-0.0953251769179764
-0.09723925909687567
-0.09917378411330342
-0.10112796313119915
-0.10310085069438332
-0.10509132032734618
-0.10709803698685727
-0.10911942607176062
-0.11115363869732484
-0.11319851294994689
-0.11525153085882095
-0.11730977086164868
-0.11936985560178023
-0.12142789498620322
-0.12347942455921819
-0.1255193394188268
-0.12754182412795162
-0.1295402793621251
-0.1315072464001607
-0.1334343310127437
-0.13531212884546256
-0.13713015503298098
-0.13887678151506694
-0.1405391863470247
-0.14210332018222974
-0.14355389601365257
-0.14487440913360278
-0.14604719502067462
-0.14705353337696525
-0.1478738066700374
-0.14848772112009434
-0.1488745969264736
-0.14901373247333555
-0.14888484414012954
-0.14846857909027747
-0.14774709304615913
-0.14670467876361948
-0.14532842406468588
-0.14360887145160678
-0.1415406452739745
-0.1391230080537687
-0.13636030580008332
-0.13326226376549355
-0.1298440995892488
-0.1261264301786554
-0.12213496147583741
-0.11789996534801092
-0.11345556367601557
-0.10883885449300779
-0.10408892697492524
-0.09924581978111585
-0.09434947983881792
-0.08943877603273759
-0.08455061498348597
-0.07971919533085411
-0.0749754241744766
-0.07034650612984945
-0.06585570322767262
-0.06152225367056445
-0.0573614298851349
-0.0533847115688528
-0.04960004737250284
-0.046012179071116564
-0.04262300401625119
-0.03943195475279928
-0.03643637838859282
-0.03363190218189606
-0.031012775526290778
-0.028572181844604253
-0.026302516730042594
-0.024195630949795266
-0.0222430386671138
-0.020436092491320806
-0.018766127800466693
-0.01722457927545921
-0.01580307281172642
-0.014493496003130053
-0.013288050281766547
-0.012179287593693374
-0.011160134232591391
-0.010223904169492967
-0.009364303926942995
-0.008575430765434187
-0.007851765686740496
-0.007188162519100497
-0.006579834134873959
-0.006022336663257997
-0.00551155239774128
-0.005043671958904059
-0.004615176155429605
-0.00422281788784047
-0.003863604357830436
-0.0035347797790885177
-0.003233808731022922
-0.002958360252844203
-0.0027062927404342555
-0.0024756396807803747
-0.0022645962372149003
-0.002071506682188585
-0.0018948526618631158
-0.0017332422676707903
-0.001585399883498159
-0.001450156772779808
-0.0013264423670442066
-0.0012132762160309046
-0.0011097605590731923
-0.001015073477736437
-9.284625906083664e-4
-8.492392524025616e-4
-7.767732211197685e-4
-7.104877587571197e-4
-6.498551329260734e-4
-5.943924886548962e-4
-5.436580615722018e-4
-4.972477055750146e-4
-4.547917099216572e-4
-4.1595188248029334e-4
-3.804188775585864e-4
-3.479097483566993e-4
-3.181657056075132e-4
-2.909500654014667e-4
-2.660463705267452e-4
-2.432566709091676e-4
-2.2239994989182188e-4
-2.033106841735452e-4
-1.8583752621827333e-4
-1.698420988693195e-4
-1.5519789274872064e-4
-1.417892577999446e-4
-1.2951048105008087e-4
-1.1826494332178866e-4
-1.0796434822388511e-4
-9.852801729668004e-5
-8.988224568379112e-5
-8.19597131507481e-5
-7.469894567797016e-5
-6.80438232173313e-5
-6.19431295297218e-5
-5.635014030938405e-5
-5.1222246061960824e-5
-4.652060643325653e-5
-4.220983289721565e-5
-3.825769690478224e-5
-3.463486078295477e-5
-3.131462886033851e-5
-2.8272716494819777e-5
