0.0750000000	1.0820060351
0.0754013378	1.0708255754
0.0758026756	1.0652349715
0.0762040134	1.0586298583
0.0766053512	1.0637898782
0.0770066890	1.0747551739
0.0774080268	1.0833201892
0.0778093645	1.1007591176
0.0782107023	1.1226412618
0.0786120401	1.1312323583
0.0790133779	1.1335320047
0.0794147157	1.1378578988
0.0798160535	1.1503108899
0.0802173913	1.1707700751
0.0806187291	1.1910549250
0.0810200669	1.1978459121
0.0814214047	1.1803018724
0.0818227425	1.1553403303
0.0822240803	1.1451510242
0.0826254181	1.1364344877
0.0830267559	1.1279163408
0.0834280936	1.1215501287
0.0838294314	1.1143765401
0.0842307692	1.1060560041
0.0846321070	1.0977323019
0.0850334448	1.0915469194
0.0854347826	1.0913996425
0.0858361204	1.0935317950
0.0862374582	1.0957453428
0.0866387960	1.1026604917
0.0870401338	1.1141851654
0.0874414716	1.1276179460
0.0878428094	1.1379185074
0.0882441472	1.1362490544
0.0886454849	1.1315221222
0.0890468227	1.1307036719
0.0894481605	1.1279056475
0.0898494983	1.1206309413
0.0902508361	1.1144044408
0.0906521739	1.1115493813
0.0910535117	1.1090174667
0.0914548495	1.1075396039
0.0918561873	1.1114769968
0.0922575251	1.1204062651
0.0926588629	1.1271704526
0.0930602007	1.1215985158
0.0934615385	1.1100701452
0.0938628763	1.1050557732
0.0942642140	1.1052998072
0.0946655518	1.1019257372
0.0950668896	1.0947639003
0.0954682274	1.0890525733
0.0958695652	1.0867538652
0.0962709030	1.0873541429
0.0966722408	1.0907305493
0.0970735786	1.0934139981
0.0974749164	1.0943399712
0.0978762542	1.0982727707
0.0982775920	1.1045542198
0.0986789298	1.1131124390
0.0990802676	1.1427102892
0.0994816054	1.1479230008
0.0998829431	1.1497756066
0.1002842809	1.1522104394
0.1006856187	1.1442900261
0.1010869565	1.1317737214
0.1014882943	1.1217287433
0.1018896321	1.1196593315
0.1022909699	1.1199365559
0.1026923077	1.1147922449
0.1030936455	1.1117431447
0.1034949833	1.1018542373
0.1038963211	0.9521313608
0.1042976589	1.0918082190
0.1046989967	1.1065823998
0.1051003344	1.1037157942
0.1055016722	1.1004262131
0.1059030100	1.0967586638
0.1063043478	1.0951715838
0.1067056856	1.0948064924
0.1071070234	1.0936871867
0.1075083612	1.1051227542
0.1079096990	1.1126700070
0.1083110368	1.1189849542
0.1087123746	1.1510361364
0.1091137124	1.1381815667
0.1095150502	1.1342357777
0.1099163880	1.1266783351
0.1103177258	1.1189254806
0.1107190635	1.1077424351
0.1111204013	1.0957179756
0.1115217391	1.0905523574
0.1119230769	1.0885711388
0.1123244147	1.0824884771
0.1127257525	1.0687420591
0.1131270903	1.0539058722
0.1135284281	1.0446099244
0.1139297659	1.0450020537
0.1143311037	1.0493550627
0.1147324415	1.0572443440
0.1151337793	1.0667581196
0.1155351171	1.0725328597
0.1159364548	1.0781587112
0.1163377926	1.0896661333
0.1167391304	1.1258598748
0.1171404682	1.1237549315
0.1175418060	1.1352739584
0.1179431438	1.1452293304
0.1183444816	1.1324685736
0.1187458194	1.1302877184
0.1191471572	1.1309662513
0.1195484950	1.1358295773
0.1199498328	1.1365127159
0.1203511706	1.1282792791
0.1207525084	1.1184941297
0.1211538462	1.1141167086
0.1215551839	1.1142970066
0.1219565217	1.1163615497
0.1223578595	1.1185025815
0.1227591973	1.1204884448
0.1231605351	1.1239621378
0.1235618729	1.1306375545
0.1239632107	1.1376517333
0.1243645485	1.1362905081
0.1247658863	1.1345962249
0.1251672241	1.1398501199
0.1255685619	1.1435258320
0.1259698997	1.1376799823
0.1263712375	1.1386430322
0.1267725753	1.1240870133
0.1271739130	1.1076602407
0.1275752508	1.1027308270
0.1279765886	1.1024245160
0.1283779264	1.1072667180
0.1287792642	1.1111504951
0.1291806020	1.1210948548
0.1295819398	1.1321291935
0.1299832776	1.1398676714
0.1303846154	1.1509221568
0.1307859532	1.1661227394
0.1311872910	1.1906795285
0.1315886288	1.2223918911
0.1319899666	1.2251478512
0.1323913043	1.2081636395
0.1327926421	1.1945879069
0.1331939799	1.1765636795
0.1335953177	1.1590870816
0.1339966555	1.1554848787
0.1343979933	1.1638979102
0.1347993311	1.1737141401
0.1352006689	1.1798932435
0.1356020067	1.1814547523
0.1360033445	1.1821701210
0.1364046823	1.1869877465
0.1368060201	1.1923232142
0.1372073579	1.1870934220
0.1376086957	1.1764637269
0.1380100334	1.1731395679
0.1384113712	1.1772438976
0.1388127090	1.1784000753
0.1392140468	1.1713164759
0.1396153846	1.1633984535
0.1400167224	1.1585800442
0.1404180602	1.1549486781
0.1408193980	1.1506197766
0.1412207358	1.1466198488
0.1416220736	1.1431020679
0.1420234114	1.1397577157
0.1424247492	1.1368607388
0.1428260870	1.1357390979
0.1432274247	1.1375378932
0.1436287625	1.1406623586
0.1440301003	1.1439675563
0.1444314381	1.1479937195
0.1448327759	1.1545638998
0.1452341137	1.1626431957
0.1456354515	1.1675795958
0.1460367893	1.1719217051
0.1464381271	1.1798365887
0.1468394649	1.1896808314
0.1472408027	1.1960440069
0.1476421405	1.1965056652
0.1480434783	1.1983494614
0.1484448161	1.1993804898
0.1488461538	1.1938055599
0.1492474916	1.1843925053
0.1496488294	1.1771892081
0.1500501672	1.1753833867
0.1504515050	1.1768885717
0.1508528428	1.1794753814
0.1512541806	1.1811376529
0.1516555184	1.1819943213
0.1520568562	1.1788824656
0.1524581940	1.1698583110
0.1528595318	1.1608123131
0.1532608696	1.1564764547
0.1536622074	1.1555799447
0.1540635452	1.1543855774
0.1544648829	1.1522742573
0.1548662207	1.1520471750
0.1552675585	1.1554663698
0.1556688963	1.1614744710
0.1560702341	1.1678169715
0.1564715719	1.1723374740
0.1568729097	1.1744213271
0.1572742475	1.1754538769
0.1576755853	1.1771876880
0.1580769231	1.1795943689
0.1584782609	1.1830307263
0.1588795987	1.1868943076
0.1592809365	1.1888750999
0.1596822742	1.1883859430
0.1600836120	1.1862814031
0.1604849498	1.1818759161
0.1608862876	1.1757479744
0.1612876254	1.1701564862
0.1616889632	1.1663810459
0.1620903010	1.1643635812
0.1624916388	1.1629233565
0.1628929766	1.1604283198
0.1632943144	1.1568104427
0.1636956522	1.1543069023
0.1640969900	1.1552244695
0.1644983278	1.1608305568
0.1648996656	1.1706228250
0.1653010033	1.1837760519
0.1657023411	1.1990374984
0.1661036789	1.2128338478
0.1665050167	1.2162191736
0.1669063545	1.2086392540
0.1673076923	1.1966223100
0.1677090301	1.1845156849
0.1681103679	1.1751179498
0.1685117057	1.1710766529
0.1689130435	1.1687022049
0.1693143813	1.1670957005
0.1697157191	1.1659754147
0.1701170569	1.1644508415
0.1705183946	1.1627917624
0.1709197324	1.1612611192
0.1713210702	1.1603552275
0.1717224080	1.1616113525
0.1721237458	1.1648298674
0.1725250836	1.1685702822
0.1729264214	1.1733572959
0.1733277592	1.1794859575
0.1737290970	1.1849787672
0.1741304348	1.1874513021
0.1745317726	1.1884695180
0.1749331104	1.1884974805
0.1753344482	1.1888236208
0.1757357860	1.1914674492
0.1761371237	1.1942743525
0.1765384615	1.1953447401
0.1769397993	1.1945864205
0.1773411371	1.1934575500
0.1777424749	1.1920815694
0.1781438127	1.1933586993
0.1785451505	1.1973798849
0.1789464883	1.1989349346
0.1793478261	1.1970919093
0.1797491639	1.1946641155
0.1801505017	1.1924644102
0.1805518395	1.1886069432
0.1809531773	1.1857791788
0.1813545151	1.1855150251
0.1817558528	1.1864149951
0.1821571906	1.1888935863
0.1825585284	1.1921905374
0.1829598662	1.1963734300
0.1833612040	1.2009322825
0.1837625418	1.2054499272
0.1841638796	1.2113520228
0.1845652174	1.2141490363
0.1849665552	1.2095377956
0.1853678930	1.2023934868
0.1857692308	1.1969599953
0.1861705686	1.1921868597
0.1865719064	1.1877452819
0.1869732441	1.1853531289
0.1873745819	1.1814974635
0.1877759197	1.1729353039
0.1881772575	1.1709422671
0.1885785953	1.1727483732
0.1889799331	1.1767827451
0.1893812709	1.1825517900
0.1897826087	1.1886132675
0.1901839465	1.1924782510
0.1905852843	1.1928786725
0.1909866221	1.1904894972
0.1913879599	1.1839753997
0.1917892977	1.1796501789
0.1921906355	1.1769746945
0.1925919732	1.1747077104
0.1929933110	1.1743721967
0.1933946488	1.1739007191
0.1937959866	1.1717869853
0.1941973244	1.1704896487
0.1945986622	1.1699486316
