-8.40994143033117e-6
-9.42094790273231e-6
-1.0501186850981878e-5
-1.1796124967675519e-5
-1.3457379032349855e-5
-1.5700147978997154e-5
-1.828790624351359e-5
-2.0991800674517928e-5
-2.3934274962547466e-5
-2.696372023448601e-5
-3.0046663473554766e-5
-3.308283365697342e-5
-3.609882132165038e-5
-3.925876560294155e-5
-4.241804798778736e-5
-4.555294465069013e-5
-4.8847229154077944e-5
-5.20265528077014e-5
-5.688554138156147e-5
-6.753744886987795e-5
-8.273754654536724e-5
-9.639495610196661e-5
-1.1346417301949668e-4
-1.3853837444618457e-4
-1.637268974254424e-4
-1.8604705003322952e-4
-2.1034264771186675e-4
-2.3955394417603482e-4
-2.7580189708994627e-4
-3.2240157285898057e-4
-3.761103991778453e-4
-4.209070380777156e-4
-4.4889171940592316e-4
-4.735986869102689e-4
-5.191003742288187e-4
-6.04884358669839e-4
-7.346225677169355e-4
-8.972732257273804e-4
-0.0010772669312915598
-0.0012654875754822853
-0.0014473048354633014
-0.001605262578025365
-0.0017333940324365388
-0.001843487292015615
-0.001956494922907554
-0.002092916133885595
-0.0023063357071836806
-0.0026225899372658394
-0.0029400571589785467
-0.0031251506531404243
-0.003208056054592491
-0.0032841217126099408
-0.003453839899172947
-0.003847642241809184
-0.004583047745808845
-0.005632825450916475
-0.006818887335981773
-0.007926230406320038
-0.00888329236788573
-0.009791271227101066
-0.01075729392914133
-0.01164438477633952
-0.012801831392975107
-0.013825794208181674
-0.01466003516665324
-0.015574651891091704
-0.016888733143516257
-0.018960425452673416
-0.0216163908163073
-0.024210628451688407
-0.02633372876603517
-0.02822027218170966
-0.030186483660898197
-0.03177661912336791
-0.032070183459298664
-0.033898176568003396
-0.03623345194568539
-0.03865486656535644
-0.04168300834269261
-0.04561566392413913
-0.050304323485259594
-0.05511552503391243
-0.05921625735014896
-0.06286224309614545
-0.06652157969576401
-0.06807607398247147
-0.07239778341489843
-0.07709921891054246
-0.08120084547928805
-0.08573536926081245
-0.09150772871665636
-0.09848921574709855
-0.10556429560649133
-0.1125388139065815
-0.1208538947372957
-0.13034644020586852
-0.13934004744955958
-0.1474111927779815
-0.15461872563580745
-0.16129010002924718
-0.16908168731275242
-0.17864464516314743
-0.1891601835874182
-0.20092622365325957
-0.21456910636128756
-0.22765168563254795
-0.22927188809395313
-0.23932020994053516
-0.24303241264268138
-0.24141571715999066
-0.2544625316625305
-0.27562151279526376
-0.30402985826039425
-0.3361717673132874
-0.36721733537369233
-0.39397650919434984
-0.41518292212506513
-0.4318311992083688
-0.4455229606947809
-0.45859292571137333
-0.47437711350921213
-0.49381923774843167
-0.5126080603560108
-0.5254545243201417
-0.5410033018202366
-0.5521530127589419
-0.5561348464641827
-0.5859929497282117
-0.6175960633885662
-0.6392346656120702
-0.6589147901759246
-0.6865180843798686
-0.7111996639227142
-0.7354149565889218
-0.7590116376533136
-0.7811265587220766
-0.7999627054604346
-0.8181221721947807
-0.839596915752828
-0.8660789395429165
-0.8916036737933535
-0.9041888157242659
-0.903846422090991
-0.9144998318616888
-0.9318413130047234
-0.9370749262228951
-0.9391621991732483
-0.9509560098176404
-0.9737173553964514
-1.001174109739231
-1.0308105511263468
-1.0595824381492784
-1.0872457240512396
-1.1125157399167651
-1.1296534149085318
-1.1332808867199713
-1.1308011599648817
-1.1298494130988397
-1.1308718539595017
-1.1279150388147476
-1.120283900217965
-1.121250607860466
-1.1289243006631744
-1.1368105822471164
-1.1422232681116915
-1.1439546920932333
-1.1395324033414822
-1.1260769021389656
-1.1042137947569568
-1.0764559138930703
-1.0455354445202607
-1.0120141333234614
-0.9781185006262442
-0.9462935482161992
-0.9130692957370095
-0.880888444454207
-0.8559152014618941
-0.8373510061744885
-0.8206907353843026
-0.8098117056897713
-0.8037514057752996
-0.7988856807242076
-0.7956700784799241
-0.7825665194556276
-0.7561964697228688
-0.7291381095532804
-0.7097620019158482
-0.6975148134047612
-0.6840461502717433
-0.6652827433166475
-0.6462559538907582
-0.625950835024364
-0.6027335900685311
-0.5762217021162338
-0.548607663008612
-0.5234239752126766
-0.5011967982623743
-0.4835638032190115
-0.4655195763275206
-0.4447405975969463
-0.42238868920116773
-0.40048209769207843
-0.38113325856495983
-0.36352869488873507
-0.34901745893953023
-0.3388188637264252
-0.3301483992382317
-0.31978497109153925
-0.3070266808810274
-0.2921108551689886
-0.2761063568959126
-0.2603730491122774
-0.24532872815841822
-0.23089109349124445
-0.21738367049833487
-0.2050869120527728
-0.1931132676057623
-0.18097701552124684
-0.16909436810025044
-0.15806204997834356
-0.14824249574623286
-0.13939792415812516
-0.13105286430119714
-0.12285137422232859
-0.11462411698070615
-0.10676491374368112
-0.09957724953944688
-0.0928014057140755
-0.08627344628274422
-0.08024207400627005
-0.07482519981262352
-0.07007542457837135
-0.0657388749676221
-0.06116139699058722
-0.05651169523031756
-0.05196586535340169
-0.04759584377852758
-0.04341188595023068
-0.039540486648471186
-0.036153169064695706
-0.03324268268279935
-0.030630031308086475
-0.028177233513149817
-0.02584604725886989
-0.02364381834067023
-0.021602864984567764
-0.01977240407645271
-0.018118585661073175
-0.016567363093452983
-0.015096386989273467
-0.013748346082222144
-0.012602367419449388
-0.011611503910356296
-0.010684849646202345
-0.009823506164129733
-0.009007417138447125
-0.008199469624351939
-0.0074288119491641115
-0.006730070106207963
-0.00607597776852825
-0.0054545656444569286
-0.004861564945743989
-0.004302541418820336
-0.003802111034029192
-0.003372964019005699
-0.0030220827494519464
-0.0027347925286496473
-0.0024848760673347203
-0.002255359389517127
-0.002036364721477485
-0.0018301508808899148
-0.0016497263562603357
-0.0014971274796702794
-0.001356382513238664
-0.0012158073891448027
-0.001079115565407229
-9.548309364648165e-4
-8.5012770307163e-4
-7.666739228691275e-4
-6.968410240681715e-4
-6.303055507533109e-4
-5.695777585059263e-4
-5.088053597178223e-4
-4.502876546710025e-4
-3.9931829981806703e-4
-3.549923434455774e-4
-3.139026666048926e-4
-2.762539056812225e-4
-2.4224006099579764e-4
-2.133544650033839e-4
-1.90949178535851e-4
-1.6919948896285366e-4
-1.500201706401086e-4
-1.330921640660132e-4
-1.1850517664024748e-4
-1.053869676354658e-4
-9.314773337732532e-5
-8.206125856408526e-5
-7.213869625027894e-5
-6.320020194017718e-5
