-9.364347680812314e-6
-1.0754131847766297e-5
-1.241034064797899e-5
-1.4132582011759011e-5
-1.688577415104825e-5
-2.025561007782738e-5
-2.262633368057401e-5
-2.530107702416066e-5
-2.8795405963655387e-5
-3.17548136755195e-5
-3.5146253532274966e-5
-3.946000090351247e-5
-4.32727597972518e-5
-4.759879383349996e-5
-5.369263587950284e-5
-6.0336405233499635e-5
-6.715203588155201e-5
-7.758541958383326e-5
-9.301016433713988e-5
-1.1598094592052332e-4
-1.4292432570654274e-4
-1.6763108911181359e-4
-1.9654207796542377e-4
-2.3187560782135608e-4
-2.630186024720911e-4
-2.9131363676954884e-4
-3.2955991373926155e-4
-3.8052780623433935e-4
-4.4145397368729276e-4
-5.165615621945138e-4
-5.933970114704389e-4
-6.454755654527843e-4
-6.870770720676225e-4
-7.473253081717181e-4
-8.379805141372082e-4
-9.695292795999867e-4
-0.001144965662866863
-0.0013424615288889353
-0.001550109539975352
-0.0017654224580704804
-0.0019573520159752444
-0.0021143446789008646
-0.0022615375049090582
-0.002420698429859939
-0.0026229713282191237
-0.002910295077252759
-0.0033016668006579323
-0.0037595933899350915
-0.004164608492986715
-0.004421287128081957
-0.0046317070809678935
-0.004959412392636041
-0.005519621030360804
-0.0064008561230252375
-0.007693624766490659
-0.00925849683233558
-0.010698168368154005
-0.011802196179388422
-0.012719014458309872
-0.013621991101885129
-0.014625087520037347
-0.015732287706660443
-0.01713653113779019
-0.017659354619523785
-0.01951223599266599
-0.02129374366271658
-0.02361102342448021
-0.026633205565415683
-0.029611550138814367
-0.031651481191528344
-0.033110750458749144
-0.034413410052859764
-0.03479524665554663
-0.030831531499998944
-0.027587266303324174
-0.04233995169484329
-0.0479534770389533
-0.05157626715330288
-0.056634261605025264
-0.06213291969959263
-0.06733061467592259
-0.0725457470622381
-0.07790821512356415
-0.0814077202491444
-0.08820867021880446
-0.09014766906644836
-0.08924090837172977
-0.09306372707712293
-0.09801267663859103
-0.10384319977254082
-0.11079006466623566
-0.11815002947834703
-0.1240519597427048
-0.12857449237145716
-0.13336311932508074
-0.13933110878952448
-0.1465065945328245
-0.15550023677575137
-0.16731153945939417
-0.18034362429147086
-0.19312918514023625
-0.20649562856947298
-0.221750277610869
-0.23976972739533856
-0.26035253662846064
-0.28233228715583425
-0.3011323682402749
-0.31954805266034353
-0.32194225158773426
-0.3240405587485722
-0.3351307239056119
-0.35762784551578664
-0.38463245732229523
-0.41634957801573813
-0.4499551145541266
-0.48097486322334604
-0.5075812063266991
-0.5306875730540785
-0.5526496101395875
-0.5750208482922946
-0.5989021860391904
-0.6261216299467702
-0.6561268878627645
-0.6877886019680626
-0.7157954275007513
-0.7338290235794863
-0.7404714437731621
-0.7641779491473095
-0.7920979715799273
-0.8147656773740984
-0.8351495786356834
-0.8641802428745415
-0.8927834737743074
-0.9141013957539317
-0.9304332072391398
-0.9509882483237259
-0.9734406905055596
-0.9969729036015653
-1.0229555783849609
-1.0530012121376457
-1.084860722389557
-1.1100097596574854
-1.127288996889359
-1.1382801116125372
-1.148037072621246
-1.1545559844335143
-1.1616772375297602
-1.1732600165032379
-1.193277135998349
-1.2188544699134474
-1.2456459660877968
-1.268801417496973
-1.2919088363273148
-1.3153952129232531
-1.334930702557203
-1.3471336678080215
-1.3551047176814568
-1.365458305551349
-1.371954417821217
-1.3655060216371795
-1.3452127194239094
-1.328774730114889
-1.3239212988491904
-1.3252572994935992
-1.329151572208581
-1.3339048922020225
-1.335725733616832
-1.3285753720913234
-1.3128418437428562
-1.293784983354449
-1.2735372113040178
-1.250948712060195
-1.2252357422237383
-1.1982594674185976
-1.1692985289745692
-1.1394210641580151
-1.1122497989685654
-1.0889566708221208
-1.0680099829187346
-1.0526682927300997
-1.044202988061201
-1.0368477394155682
-1.0275383428206468
-1.010736508635545
-0.9826470683970276
-0.9489319703464536
-0.9183366965043973
-0.8942323310830763
-0.8703870930525991
-0.8454385371659111
-0.8221180604254807
-0.798854924431215
-0.7738687395712636
-0.7464197242929157
-0.7180097769054778
-0.6913634152007375
-0.6655179870221948
-0.6393254568448722
-0.6120529065139014
-0.5830881100471648
-0.5523148105077532
-0.5219770319869977
-0.4949089564637878
-0.47097859855971413
-0.4500198756595957
-0.43175919637618737
-0.41438539235250177
-0.39647190353633777
-0.3778994647936475
-0.35869370799310596
-0.3390842845404307
-0.32030771769894256
-0.3036662325884199
-0.2884518953421284
-0.2738432377451499
-0.2593392086622287
-0.24462156387182352
-0.22968647245928736
-0.21501083411007024
-0.20122164216523536
-0.18852046129823008
-0.17675082519199603
-0.1655728954441907
-0.1546461968596319
-0.1439930009656688
-0.13422391094202846
-0.12580371405692337
-0.11822087712586644
-0.1106432246985655
-0.10322426398499217
-0.09642035754537459
-0.09028988433849025
-0.08442029549256999
-0.07868863787180287
-0.07323469202066575
-0.06799146564257325
-0.06293787332845989
-0.05815189228437629
-0.053685325193260434
-0.049464799391884647
-0.04538556863104616
-0.04143345074853193
-0.037744580797060286
-0.03448270052457797
-0.03165243011518352
-0.02916397469976417
-0.026948817674817167
-0.02493080233051456
-0.023036729656297685
-0.02123243629930684
-0.01950248264614234
-0.017876938518016503
-0.016372486962190565
-0.014981625904517099
-0.013728141890989278
-0.012594576867431548
-0.011529535288773114
-0.010510330404442172
-0.009536917697499642
-0.008606333389995294
-0.007735258222130997
-0.006930303341858031
-0.006190278036037432
-0.005540659433462003
-0.004978225393159266
-0.004490478658722699
-0.004079013900148121
-0.003713997212549267
-0.003359809322565502
-0.003017248688019241
-0.0027059400906420217
-0.002429663408964472
-0.0021800212260413604
-0.0019457418321832227
-0.0017302543859098196
-0.001542338414989983
-0.001378188074946591
-0.0012339580098688788
-0.0011090871841250092
-9.971492085709714e-4
-8.921339828829809e-4
-7.971846638580455e-4
-7.108529249011238e-4
-6.330862072053421e-4
-5.632447022957691e-4
-5.006709844627926e-4
-4.4327333925712255e-4
-3.9184105237788825e-4
-3.480179943089858e-4
-3.114103899670133e-4
-2.8005246670150257e-4
-2.49915130109182e-4
-2.2344357354201988e-4
-1.993218292908056e-4
-1.7764960458547903e-4
-1.5802471285243663e-4
-1.3942310130123786e-4
-1.2235748254214813e-4
-1.074625917575984e-4
-9.413325287043371e-5
