-9.437377733605784e-6
-1.051895046418916e-5
-1.167864767864091e-5
-1.3144297780717793e-5
-1.5263364156928566e-5
-1.7638546816426696e-5
-1.9943905361019602e-5
-2.310892853910634e-5
-2.7576666255058907e-5
-3.24287397900719e-5
-3.7552746778527995e-5
-4.258139678449527e-5
-4.785147180139638e-5
-5.345290272998518e-5
-5.8625896814760754e-5
-6.514841179687227e-5
-7.467151702781365e-5
-8.808724145470402e-5
-1.0422013500961253e-4
-1.1782328192809564e-4
-1.2935905720522453e-4
-1.4344453811392086e-4
-1.6226762359303635e-4
-1.845516219778711e-4
-2.102287757720389e-4
-2.3747751250477274e-4
-2.636452679092522e-4
-2.892065889089718e-4
-3.164574656587003e-4
-3.4726954281786096e-4
-3.8113813831842756e-4
-4.202061452016605e-4
-4.7547927362593984e-4
-5.525720149833687e-4
-6.392651689812563e-4
-7.298170453605187e-4
-8.316546033388182e-4
-9.308202493632837e-4
-0.0010164542572469056
-0.0010956621862059262
-0.0011668763650575626
-0.0012417966338000544
-0.0013534922453618768
-0.0015264049256646184
-0.0017626428208892847
-0.0020801596553530607
-0.0024411523398106105
-0.0027795278990271496
-0.0031101420457651267
-0.00349502419335914
-0.003932785623123293
-0.004342688006197683
-0.004725519964663351
-0.005171088744649649
-0.005761080574301364
-0.006369208478604365
-0.006870224605891348
-0.0073140817022836506
-0.007755819582500571
-0.008276878511277716
-0.009107532210953125
-0.010293363654515967
-0.011956964311435234
-0.013498140431751652
-0.014819615912327513
-0.01603011226802207
-0.01738152843033193
-0.019133326584383634
-0.021113101763112666
-0.02284950020700417
-0.02439391788722683
-0.02599373148829105
-0.027601271564789674
-0.029242412063455608
-0.031618137303801225
-0.034284543876706895
-0.03719008023119402
-0.039747499962308024
-0.04265249074844201
-0.0463716024969364
-0.050791527111456465
-0.05538610309279553
-0.059473575024237016
-0.06108931383102768
-0.06283341559764019
-0.06850040347899783
-0.07086131994179166
-0.07333953488617918
-0.07905725756255078
-0.08440957257746746
-0.08858236365252589
-0.09237614271110017
-0.09751042908689309
-0.10530375355171474
-0.11441820936025526
-0.1231731276183046
-0.13325921659889442
-0.14624288604265523
-0.15991588053116385
-0.17207321687882665
-0.18271795985669073
-0.19265840787680083
-0.20174435163377707
-0.20939746791424962
-0.2170536659728923
-0.22696244510602467
-0.23586076685490243
-0.2338725681029025
-0.2481273913726362
-0.27003711697196053
-0.29636571694249314
-0.32169660547450957
-0.34820066296693547
-0.3738965266039406
-0.3969594598328975
-0.41758665975408926
-0.4355429732142518
-0.4524309993611057
-0.4719258103729132
-0.49511695316263815
-0.5192930950346063
-0.5413691440340007
-0.5605766396384579
-0.5773777023058182
-0.592322127708142
-0.6038995348975387
-0.6045301843652435
-0.5948821300736628
-0.6157201554327897
-0.6500914068809561
-0.6635814435957678
-0.6627821958556439
-0.6544881776868823
-0.6683721584104183
-0.6856203888799316
-0.7072768321311429
-0.7344859679063601
-0.7566657446937364
-0.7731131991244776
-0.7928280999838876
-0.8114274744655078
-0.8289512607871569
-0.8479862682536253
-0.8633788907348858
-0.8702668407716186
-0.8836098551700138
-0.9107842074671783
-0.9427224652955065
-0.9707438986068725
-0.9922121802521873
-1.0073745016361801
-1.015438984771617
-1.0196087723069471
-1.0266666921435696
-1.0370947457307849
-1.040286215267629
-1.031430490687332
-1.0227717602353912
-1.0260816447660197
-1.0329233030573564
-1.0368133296362763
-1.0370107546078287
-1.042279436615982
-1.0554542687872779
-1.0653053394680363
-1.0646229050753975
-1.0525638676244784
-1.0330972890955612
-1.0108604772034093
-0.9832724446328219
-0.9490774618781335
-0.9172074992130959
-0.901537134265619
-0.9036979538686516
-0.909602243881307
-0.9050045910389516
-0.8844576778050736
-0.8572282782911039
-0.8338696524302968
-0.818915594340235
-0.8130613302599975
-0.8117855123085517
-0.8101597687991166
-0.8034122543385068
-0.789444055526307
-0.7713951769167008
-0.7522746132316643
-0.7294438663436075
-0.6988478998133275
-0.6616021728033666
-0.6265596889424264
-0.5957688219019777
-0.5716693432538786
-0.557723956422023
-0.5449521908773846
-0.5270783963648198
-0.5053578233833806
-0.48436451794129354
-0.46737524482938103
-0.45284742885916723
-0.4354707936570292
-0.4194364738715771
-0.4032652630925682
-0.38463751922582834
-0.36493632224831407
-0.3463460703676501
-0.3286949480423924
-0.3102219625864281
-0.29056346135648276
-0.27195388178485536
-0.25630701422905855
-0.2422730980542328
-0.22990577741672688
-0.21930066274733265
-0.20937186797111387
-0.19907781337898048
-0.18773575711153387
-0.1756533654195556
-0.1638125123201359
-0.1527376469202356
-0.1425370537286736
-0.13344791362775785
-0.12525046998336964
-0.11738263693959393
-0.10945025184374307
-0.10140403364632264
-0.09327663380650912
-0.08535800752306327
-0.07852814177674748
-0.07297756203955819
-0.06831652385471315
-0.06431876630920923
-0.06042849644856833
-0.05634416809241572
-0.05242164478029695
-0.04852101509309938
-0.04478079286149433
-0.0412487173988841
-0.03771110394850448
-0.03423769560660811
-0.031111871915366896
-0.028594273690519145
-0.0266721748683536
-0.025141586081865102
-0.023752300351286927
-0.022326107321701358
-0.020826439581522155
-0.019247944088484698
-0.017617407506135434
-0.01597034502363211
-0.014429182883534553
-0.013124882718863909
-0.012017645305888232
-0.010984768100502362
-0.010006139110347501
-0.009108224986426001
-0.00829409638336968
-0.007537352932049489
-0.006806542003903158
-0.006114517309264296
-0.005481600923668577
-0.004932737927553626
-0.004454031198743799
-0.004010881271699594
-0.0036245590657299127
-0.0032976012188130283
-0.0030054607323013235
-0.0027450772267271703
-0.0025158819771930753
-0.002298826265277306
-0.0020844516808436646
-0.0018722722231259916
-0.0016655227394703968
-0.0014685611314046642
-0.0012894861530640062
-0.0011336842675858097
-9.97573949403549e-4
-8.797439585003704e-4
-7.791275544074991e-4
-6.935517323905093e-4
-6.197472158338881e-4
-5.524721102053999e-4
-4.907281894989751e-4
-4.351017636984047e-4
-3.890230250942885e-4
-3.4993569354736017e-4
-3.1378860306968394e-4
-2.797211743935282e-4
-2.482267739743232e-4
-2.1994407945891397e-4
-1.9650819070331327e-4
-1.761247686023784e-4
-1.5784175752090937e-4
-1.4170116101729684e-4
-1.2684389652146502e-4
-1.1246972445098238e-4
-9.908870909940192e-5
-8.703579777842536e-5
-7.580505928282997e-5
-6.52514779369649e-5
