-1.1212320459735205e-5
-1.2770687121729223e-5
-1.4575777048582094e-5
-1.6638258847752862e-5
-1.9025074573000703e-5
-2.1361824985439718e-5
-2.358280860586582e-5
-2.6269822222097125e-5
-2.916046204676962e-5
-3.239479707194844e-5
-3.643646992080445e-5
-4.0572483689136124e-5
-4.4906073010964435e-5
-5.030074703716612e-5
-5.6982125060848475e-5
-6.5410992708696e-5
-7.559950987656121e-5
-8.746904356004889e-5
-1.018889263748e-4
-1.2229790770828375e-4
-1.462008162251864e-4
-1.6861579709188718e-4
-1.9042252494868965e-4
-2.158168723079197e-4
-2.508359856512439e-4
-3.0256689260506624e-4
-3.581473075409005e-4
-4.0116148754459034e-4
-4.395667085681291e-4
-4.846180081141298e-4
-5.380067611580739e-4
-6.02322100599491e-4
-6.766098471488584e-4
-7.464585470787889e-4
-8.072090705091772e-4
-8.750486828176576e-4
-9.556495410888691e-4
-0.001047584555524363
-0.0011606140734744125
-0.0012980817429759338
-0.0014741713481537166
-0.001699370608953281
-0.00195943677188391
-0.0022037650351172397
-0.002425019700620682
-0.0026513567676405333
-0.0028982234458445827
-0.003175174510699806
-0.0034945189630484178
-0.003856999990445072
-0.004283982157398772
-0.0047978841001941625
-0.005342354539802019
-0.005861307481190536
-0.006392741973524687
-0.007005404170944719
-0.007726753251494816
-0.00851596801728109
-0.009359767300832284
-0.01032317551773298
-0.011635862695720249
-0.012719561030532902
-0.013252182254102922
-0.014750022322439143
-0.01659883712872471
-0.0189510110790388
-0.02203672502084356
-0.025487743766465502
-0.02815460820116097
-0.030034751611496397
-0.03134132112659444
-0.027445648506407322
-0.039927670459889104
-0.03737766024157074
-0.040275590713650236
-0.04319359601824423
-0.04592274283691527
-0.04867746634720606
-0.051492563124974286
-0.05467480567727667
-0.0591722390186855
-0.06347901494621991
-0.06919292090140458
-0.07429374127675449
-0.07881459367633789
-0.09102478055074369
-0.1019821459901734
-0.10969774172942182
-0.11945413763223041
-0.12736583396139958
-0.13286623310646933
-0.1365569040273983
-0.1391245570240185
-0.1415609317052523
-0.1459145931664061
-0.15561991458704433
-0.17189221593205856
-0.19038461594214973
-0.20435935223692903
-0.21379376263077743
-0.22200622267777206
-0.2308721611114053
-0.24134855286485052
-0.25430433602423014
-0.2725677927491394
-0.2968658583711499
-0.31883337579827287
-0.332750507296915
-0.35689904887845697
-0.3685823875701147
-0.37991310502936687
-0.3839660787949343
-0.3963499402594092
-0.4095273898662709
-0.42196675718515914
-0.4355708638432124
-0.4524006130498043
-0.47235931129991615
-0.49465262615916744
-0.520156320052711
-0.5482582500287018
-0.577585310889867
-0.6024588514354815
-0.6139298226214971
-0.6456386039353862
-0.6674489598334218
-0.6916558072200348
-0.7199707606158572
-0.7297598919932325
-0.7387972334307468
-0.7610190913683056
-0.7836387375307111
-0.8064593172132258
-0.8394028792437382
-0.880110871309259
-0.9356525877087323
-0.987154382995096
-1.022541180980438
-1.0488560354623286
-1.0724051310999396
-1.094354516782492
-1.1195985637100103
-1.1472546669485975
-1.1647513455388965
-1.1750917650149308
-1.1875456620935698
-1.2006318058194578
-1.2148044739548545
-1.2375901959752948
-1.267370734164604
-1.2897622200018983
-1.3013851629953839
-1.3106275070438105
-1.316171933737522
-1.311700097658537
-1.3113739411241017
-1.3161962287974125
-1.3235510841033962
-1.3305876698453731
-1.33339085703682
-1.3285282624184498
-1.3195218135783189
-1.3177992122058857
-1.3206313099692388
-1.3158063895811645
-1.2984293975546164
-1.278868074622259
-1.2643496527001579
-1.2492031663682426
-1.2316654270318794
-1.2188411967747432
-1.2108340957682933
-1.2034992676627958
-1.1961645893278896
-1.1902451630097
-1.1836800384935684
-1.173212594741836
-1.1558116718534575
-1.1275987394459968
-1.0968802937761195
-1.0711690180292182
-1.0508325531200868
-1.0313171872648779
-1.010694044715996
-0.9903895651249337
-0.9684861862067948
-0.9423632285029091
-0.9122647477102122
-0.8805081671933721
-0.8502011992080858
-0.8239211501824754
-0.799905131185447
-0.7729926874887079
-0.7428511882168622
-0.7143651765713169
-0.687060214946616
-0.6585700171224025
-0.6308731316159979
-0.6056986148169147
-0.5812784096970467
-0.5536344395401471
-0.52788693490411
-0.504884338910964
-0.483687664772558
-0.46288878343668877
-0.44216620817787217
-0.4213902952769986
-0.40042045104501556
-0.38002598031791046
-0.3606891537369648
-0.3428039682692663
-0.32576285591493237
-0.3084960244152347
-0.2905750642389739
-0.2733386333835741
-0.25771733193908714
-0.24298474250023477
-0.2289438441112626
-0.21602291637725332
-0.20414061616744383
-0.19260751472281568
-0.18111887397228507
-0.16970023355074812
-0.1584859701492794
-0.14769999042306678
-0.13778015464835675
-0.12897734945152167
-0.12071258107257679
-0.11262051483735805
-0.10487717234286262
-0.09762097568641147
-0.09079285604446793
-0.08407077269894118
-0.07819724060980505
-0.07275604820106317
-0.06739258485866564
-0.06208800474015115
-0.056988072127797676
-0.0523248387980613
-0.04820071744523966
-0.04447792032599313
-0.040931817636289856
-0.03758358521333935
-0.03459535648283951
-0.03195343944536285
-0.029440638812352458
-0.02706713341281901
-0.02490024479670663
-0.0228391551638029
-0.020755361276217542
-0.018730918584923244
-0.01691314490947405
-0.01536625385531496
-0.01407496374639621
-0.012976255273899421
-0.01197615067033811
-0.01099820216238254
-0.010028985382090147
-0.009097073417150122
-0.008225964566771401
-0.0074032894532254775
-0.006653670533167475
-0.006001397877730338
-0.005432477496086427
-0.004933226242709917
-0.004473151357048645
-0.0040361603330237444
-0.0036189970030106487
-0.0032441015520491183
-0.0029139615462493882
-0.002620023845089609
-0.002361783943094748
-0.0021363616590906317
-0.0019426910395127955
-0.0017720226537212096
-0.0016096212901093212
-0.0014547426355102917
-0.0013160024606830311
-0.0011806860607980261
-0.0010437104112603767
-9.196137685477216e-4
-8.155387638948055e-4
-7.338196383425217e-4
-6.550493860021271e-4
-5.782410080742442e-4
-5.097557950925329e-4
-4.4991894578123805e-4
-3.954128157788936e-4
-3.4762742483072223e-4
-3.073862102321468e-4
-2.7377105094453696e-4
-2.442584496772133e-4
-2.1792454974859716e-4
-1.9315399748758255e-4
-1.70252071569124e-4
-1.5028209667352626e-4
-1.327789369235378e-4
-1.1739830159022704e-4
-1.0385761116698438e-4
-9.175950856092472e-5
