1.0836018537212381e-6
1.1348695420174099e-6
1.6555295819736416e-6
1.6741423908561703e-6
1.539220364878747e-6
2.1994847449406237e-6
2.585131927731285e-6
2.329201312497912e-6
2.9896141187959745e-6
3.922712201426588e-6
3.7100333546005727e-6
4.091549781988527e-6
5.577150583671491e-6
5.849112381801238e-6
5.952747621469276e-6
7.840689524466952e-6
8.987505904489032e-6
9.100749174165956e-6
1.1476232010156667e-5
1.4022188901118523e-5
1.4262631182568735e-5
1.6603970448611895e-5
2.109976264739277e-5
2.241485893735085e-5
2.3759320659940794e-5
2.8845608348524292e-5
3.188735092212468e-5
3.414470772947069e-5
4.268367361658311e-5
5.001052667926438e-5
5.05280827747774e-5
5.6291018907362655e-5
6.759295331210898e-5
7.158310198328653e-5
7.630373679470206e-5
9.171467139628249e-5
1.03219716635882e-4
1.087127623666627e-4
1.2542272342157244e-4
1.454539471490255e-4
1.5398683624989065e-4
1.6557244798452196e-4
1.8766508005670503e-4
2.0783131117979293e-4
2.3083606540036156e-4
2.607943312859691e-4
2.847102402993697e-4
3.125239887423431e-4
3.572414158395575e-4
3.964160529110229e-4
4.286088068653044e-4
4.7861286398888066e-4
5.228373236153412e-4
5.425284076432001e-4
5.859850061011157e-4
6.584289326548497e-4
7.072826932695448e-4
7.55185039869978e-4
8.419746544189836e-4
9.224885299603795e-4
9.90342605690301e-4
0.0010920142781523895
0.0011804632326814213
0.0012212123885854884
0.0012910558115853269
0.0013716455714429792
0.0013820600746085468
0.0014239278777882075
0.0015623712365681495
0.0016154891052260216
0.0015296017741725679
0.001494073210910014
0.0015675015927587913
0.0017327244992978116
0.0020505617182857133
0.0023387573316341528
0.0023363851030565887
0.002259204866064522
0.00235829703786066
0.0023688136106971747
0.0021845795301685756
0.0021625396972038465
0.002318141219705389
0.002395367029205128
0.0025577808531197363
0.0028594726519111115
0.0028989211778704155
0.002823709439032221
0.0032628514616005115
0.00397017816449682
0.004203845893457025
0.004205547004446207
0.004745451803749545
0.0057671638307878895
0.006577985915003101
0.006795628535022535
0.006666667915825485
0.006804801125942761
0.007485053604256494
0.008245353013685017
0.00864155862860481
0.008931142106010911
0.009499731710716114
0.010316252397793317
0.01132118429861662
0.012689365917164352
0.014528912472549968
0.016659547737022808
0.018746575047059243
0.02068602402605483
0.022585246559264215
0.023976523992870924
0.024001326612385743
0.02328686042862715
0.023977816688744782
0.02660062530122248
0.029225165388586816
0.031075290896357747
0.03371482343721964
0.03728906039458218
0.03981455065809528
0.041529213732114226
0.04485862819863473
0.04911100788948201
0.05115824401703855
0.05165483763704752
0.054064273468320274
0.05825160843304294
0.06140328668595257
0.06328741970627726
0.06542975221387401
0.06824928994308478
0.07170479949982794
0.07492532688497601
0.07592219340339058
0.07528002558163108
0.07615762145306494
0.07898739486966484
0.08230374267302736
0.08647741295701679
0.08994087396961332
0.08905657554085396
0.08675195903344655
0.08952993245975607
0.09520125221022212
0.09789682741130562
0.0996756052013351
0.1029936797579242
0.10366457046916171
0.10199342089832426
0.10428355280380631
0.10921023796615598
0.11073091246468922
0.1101236397921958
0.10932121656134387
0.10497542645821784
0.09993884717189747
0.10266877523502638
0.11135048450068548
0.11721500222986661
0.11959614745605561
0.12196939121073605
0.12293728427897797
0.1214381351419159
0.11966782369932445
0.11829070038398402
0.11770644116373269
0.11902995739925104
0.11935090230061123
0.11556077448100713
0.1113260809425344
0.10996037836575955
0.1080613547584683
0.10455667781964464
0.10426654884973709
0.10757242307421763
0.10888274372951426
0.10611769061360918
0.10180392716263899
0.09759272924803988
0.0939853982675275
0.09146450996399054
0.089646592959895
0.08806796071275426
0.08645392535361753
0.08390642145578267
0.08093064463029584
0.07970750979396173
0.07956809217234724
0.07720045071112153
0.07247826410728181
0.06799947240679942
0.06401021000168479
0.059514548175304195
0.055335424645442985
0.05200564435441493
0.04871308024408513
0.04597013922597821
0.04498201747249149
0.04472666436203153
0.04327762202199974
0.04053162862988883
0.0375105282732823
0.03491670372982216
0.033111790843302374
0.03190029534459815
0.03053509975285289
0.028651770207616407
0.026476363708496105
0.024285009079606967
0.022414078408270057
0.021084249082951444
0.019833298432203914
0.01803408744877102
0.01588399411735967
0.01409628549085433
0.013026690631511734
0.012565429187553056
0.012382450832844531
0.012123381074634022
0.01166733636501351
0.01109822688566046
0.010473256355376525
0.009886486438629197
0.009467066274625005
0.009103813267671979
0.008598984687967517
0.008081943481991007
0.007775105100033269
0.0075619730406294655
0.007230536657387647
0.006818404651082475
0.00641927527965662
0.005998100814215187
0.00553821456123102
0.005097451245511063
0.004713520193427375
0.004398569800454695
0.004143787141541368
0.003900166757495176
0.003650352243794569
0.0034415902066389182
0.0032876420096055237
0.003137047480479968
0.002951618668800911
0.0027331773562889582
0.002505459154370417
0.0023096727422287884
0.0021630061920403696
0.0020292590513738802
0.0018776072681864488
0.001724762747882176
0.001594128818022179
0.0014887100673747595
0.0014030830788297228
0.0013252356170667552
0.0012469469404598952
0.0011734972925350707
0.0010984563987702883
0.0010053823829196953
9.090916260401478e-4
8.369295820864431e-4
7.788480047913707e-4
7.164746726733253e-4
6.621892667914771e-4
6.211076256552492e-4
5.727756374291423e-4
5.147874972367428e-4
4.6417728396792217e-4
4.2088395431594413e-4
3.7863079659626733e-4
3.437485088691864e-4
3.1555394535978844e-4
2.8540410122247615e-4
2.571162971354721e-4
2.345341085489987e-4
2.0893505626817704e-4
1.8066836720923683e-4
1.617182559210152e-4
1.5076536171004998e-4
1.3741089056020693e-4
1.226208581403512e-4
1.1097465274456682e-4
9.952152153985828e-5
8.698325726829322e-5
7.64592638619727e-5
6.755601399121655e-5
5.874204693571702e-5
5.1547165006304376e-5
4.624473906683089e-5
4.126681396494985e-5
3.671156832618409e-5
3.2711920262119166e-5
2.8430019156661084e-5
2.4454847300321464e-5
2.1503614187592285e-5
1.8699438644915527e-5
1.6013878093972945e-5
1.4392830506908208e-5
1.3224709695405944e-5
