-1.2052159464902745e-6
-1.492823415981421e-6
-1.4324573573342924e-6
-1.562150837946321e-6
-2.029053855284441e-6
-2.0856686777390815e-6
-2.1071447333027076e-6
-2.715663721739689e-6
-3.0309073654629903e-6
-2.954306233256902e-6
-3.5821944415676093e-6
-4.309115500392045e-6
-4.4384617867189455e-6
-5.197818576571807e-6
-6.335521676746467e-6
-6.57751710307047e-6
-7.435389392374512e-6
-9.462178152307343e-6
-1.0241155688100848e-5
-1.0684741396203512e-5
-1.3167349225748921e-5
-1.5119021030956348e-5
-1.548391970360989e-5
-1.7821680786971102e-5
-2.0988008844396796e-5
-2.2395104081865978e-5
-2.6133532487085463e-5
-3.2242980303391326e-5
-3.440625064272321e-5
-3.5718948907978844e-5
-4.232138922430465e-5
-4.885839041210136e-5
-5.321244675899971e-5
-6.236698816557108e-5
-7.341658848682176e-5
-8.050518220859065e-5
-9.053019744096333e-5
-1.0566458618552241e-4
-1.1880368607417826e-4
-1.3271806514971184e-4
-1.508449390491151e-4
-1.6980141882006868e-4
-1.9600686386105683e-4
-2.2938205064544179e-4
-2.538225881437242e-4
-2.791648698200381e-4
-3.246151146257118e-4
-3.651901199962518e-4
-3.9070942966281524e-4
-4.436397279449262e-4
-5.153258796286714e-4
-5.562199921727568e-4
-6.062294810529764e-4
-7.132773026720187e-4
-8.129764938304861e-4
-8.784115000412543e-4
-9.82410976260857e-4
-0.0011094527530618506
-0.00118808395802955
-0.0012713019207537242
-0.001421015511102223
-0.0015989476413070611
-0.0018033747063234907
-0.0020361402298429776
-0.002216478951225498
-0.002389829737859803
-0.002720102498870442
-0.0031460736700089638
-0.003478000117811311
-0.0037674991807747156
-0.0041775949850751445
-0.004688080676710593
-0.005125785455226897
-0.005350638743574269
-0.005552233068965832
-0.006180209436231485
-0.007158468182198502
-0.007894861164635947
-0.008481897109190279
-0.009490341790619972
-0.010584219686678917
-0.011268170161980643
-0.012137005969319414
-0.013374461684042502
-0.01406446071234564
-0.01447257526640175
-0.015808275314251715
-0.017413335727191472
-0.018089201110705597
-0.018876686799404248
-0.02064651165223792
-0.02193541703049803
-0.02215372145498749
-0.02283276571114464
-0.02441995764429378
-0.026130534615272916
-0.028119223220104208
-0.03028820846384116
-0.03161967915249782
-0.032535972251403526
-0.03431810569914487
-0.03652821076213971
-0.038468179584840397
-0.04082519824513557
-0.04345297346391777
-0.044963068890377905
-0.045281557846241875
-0.04535619048699936
-0.04533781523217557
-0.04530793882005333
-0.04598300771799912
-0.0480392009803816
-0.051924476389596005
-0.05697488754712171
-0.06088560827309324
-0.06269618734027732
-0.06440931191781006
-0.06705996207640215
-0.06883175494731006
-0.06885215174555755
-0.06854333185014827
-0.06875502390264646
-0.06906156754728568
-0.06908113061690434
-0.06897813420395128
-0.06995899867570202
-0.07313470591299481
-0.07699746476567379
-0.07920332427449457
-0.08023619309062531
-0.08133105647581794
-0.08156883310766447
-0.08061506395596812
-0.08018805621804133
-0.08131186977571304
-0.08433494750522438
-0.08963578039139324
-0.09457661246194196
-0.09484098645260901
-0.0914315105627316
-0.09007633393800195
-0.09289540532226717
-0.09649367818715766
-0.09777628356454843
-0.09760893132976646
-0.09892137076749159
-0.10213875353334087
-0.103928130090094
-0.10261228894222316
-0.10114627490212662
-0.10123858898629502
-0.10087403316660462
-0.10047689981471081
-0.10303716511302653
-0.10754074059141885
-0.11081971772394128
-0.11261922942019817
-0.11208089153861325
-0.10685070139605887
-0.0996946642520509
-0.09599098965762648
-0.0949552311370742
-0.09369630217449906
-0.09440481537477968
-0.09763327721551159
-0.09763507683675368
-0.09247808266393082
-0.0884358560902335
-0.08943740190172199
-0.09208446537267533
-0.09295177179916307
-0.09260223633811637
-0.09232487708012792
-0.09200938993654165
-0.09049875124944926
-0.0867691097543376
-0.08225763708195996
-0.08040509851016486
-0.08193402849234667
-0.08359461060791876
-0.08326054487763995
-0.0823928327337723
-0.08198556460205127
-0.08046553076649485
-0.07738281978331064
-0.07490521144849768
-0.0738150288320096
-0.07215393591907848
-0.06934582338427396
-0.06742721835104618
-0.06718264268509677
-0.06722548817413676
-0.06707225114562174
-0.06730240806986401
-0.06742961434107891
-0.06660152637386908
-0.06492335436823779
-0.06261341974519603
-0.05998414884212444
-0.058142447841922934
-0.05737697041157276
-0.056290311917524566
-0.05434729585369216
-0.05274636104398979
-0.051706170452543686
-0.04997940427083667
-0.047452910904974534
-0.045373241504813165
-0.04414151321789135
-0.04297795711538184
-0.04131822201216669
-0.03938393407710148
-0.0378087234755716
-0.03698685047026212
-0.03654453736952076
-0.03572625893432247
-0.03429532412576731
-0.03256455022246852
-0.03073488112229069
-0.028728847349445176
-0.026584462577760228
-0.024649721104066026
-0.02320894664210652
-0.022058570226830273
-0.020829877094128594
-0.01957824683870837
-0.018510398064873857
-0.01745987899282202
-0.016239170075233022
-0.015007619161463764
-0.013870662458094157
-0.012771248291102887
-0.011855498849256572
-0.011235689900648122
-0.010654888387144417
-0.009947661023782726
-0.00928869381820933
-0.008709197426274335
-0.00804908801260163
-0.007364867348006102
-0.006784874013349605
-0.006241025816961915
-0.005704823764645917
-0.005264268252910311
-0.004889065391797059
-0.004516402822616821
-0.004192836188975573
-0.003895434051007362
-0.003543382688575343
-0.003207021421997703
-0.002960500809517304
-0.0027096049834643182
-0.0024130936576704475
-0.0021695281999045144
-0.0019906681644754182
-0.0018052685413212865
-0.0016273643122394438
-0.0014841140952949838
-0.0013397122801488753
-0.0012002976689749261
-0.001103738052521684
-0.0010197677177413837
-9.111902884291744e-4
-8.007858485413716e-4
-7.072423655465653e-4
-6.282171989375442e-4
-5.735672862430956e-4
-5.326906975152945e-4
-4.775543200041717e-4
-4.206067461706242e-4
-3.8520377238757076e-4
-3.550899053853425e-4
-3.1730907910456426e-4
-2.843483367422608e-4
-2.532707985976954e-4
-2.1782713330946132e-4
-1.9586702607546735e-4
-1.9021770865003645e-4
-1.7690562310193083e-4
-1.5295044858341307e-4
-1.34655742226623e-4
-1.2022836609853194e-4
-1.0279114392598779e-4
-8.945080260094007e-5
-8.240703055699708e-5
-7.509803070146324e-5
-6.776061180872307e-5
-6.203187693623054e-5
-5.495474436925514e-5
-4.803991816774462e-5
-4.4091585207396975e-5
-3.990263274547236e-5
-3.445310008413052e-5
-3.101229575750494e-5
-2.8585189014281394e-5
-2.5077145146186212e-5
-2.254507655909358e-5
-2.105973884176288e-5
-1.82820210797691e-5
-1.5601696699403974e-5
