9.852108840023274e-7
1.157291126528922e-6
1.3508684693659207e-6
1.5686094102958141e-6
1.8205850205346242e-6
2.133456216850784e-6
2.490531982128346e-6
2.891196836559741e-6
3.332250030808905e-6
3.806595637915071e-6
4.4140291927707225e-6
5.117483199861292e-6
5.868027575447637e-6
6.739560741129194e-6
7.77161909221329e-6
8.91634583669702e-6
1.0214896866250738e-5
1.1655466455974325e-5
1.3247313309630095e-5
1.504156260417194e-5
1.703260827084564e-5
1.9367988767541123e-5
2.1919354419823823e-5
2.459519086750714e-5
2.7874792992035282e-5
3.155593829675648e-5
3.547997431498755e-5
3.96871026088955e-5
4.458147143249977e-5
4.981773734489351e-5
5.5199004675424345e-5
6.194032219635292e-5
6.869342801347717e-5
7.521495861482718e-5
8.325655324890389e-5
9.225883270889219e-5
1.0139190284651262e-4
1.102162858244248e-4
1.2082174945746729e-4
1.3216207199576228e-4
1.4355029266170557e-4
1.5468563855872643e-4
1.664395181407502e-4
1.775999260163728e-4
1.8840593423486297e-4
2.0150732743036745e-4
2.113227182258958e-4
2.2385037448481034e-4
2.3447662471940108e-4
2.4397038984906542e-4
2.498760830198546e-4
2.5634812119513747e-4
2.6097404098280555e-4
2.610417059937369e-4
2.5430060346711336e-4
2.459809175272518e-4
2.3475359994037966e-4
2.228730271293816e-4
2.1962670038221582e-4
2.015119973563313e-4
1.7727558195429168e-4
1.6628099812762188e-4
1.3418700017806906e-4
1.0343596457954837e-4
7.313500155360303e-5
4.496415229974948e-5
2.8246252321732187e-5
2.5589593710266976e-5
4.326450783465339e-5
5.680807206353272e-5
6.522635013560649e-5
1.0851789433465294e-4
1.70287152489389e-4
2.6854550662608345e-4
4.2264316249880255e-4
5.961760967574032e-4
7.868881621649975e-4
9.869486583365253e-4
0.0013026392162130366
0.0016016099719445207
0.002011927334896742
0.0024903132584059616
0.002950920365974612
0.0035335912012992928
0.004077747727569809
0.004775465890714489
0.005474069639842492
0.006342754937644481
0.007347791285796371
0.008378098098527725
0.009571613946361537
0.010597474985671956
0.011898819891192867
0.01301968874248589
0.014067078146586918
0.015827461473570073
0.01752632352374709
0.019259623496457733
0.020981795814185737
0.022716191144785937
0.02458125462694158
0.026644703000125412
0.02880853705674107
0.031221071482423503
0.03335754070912722
0.03604604375629243
0.038232796347870024
0.040695458204407335
0.04313188777164491
0.0460958122243677
0.04875659520116398
0.05205087166052014
0.055549300326689574
0.05847229583024473
0.061422499246486933
0.06366336920058757
0.06619467075984581
0.06994073206958556
0.07365496123670909
0.07772325145707559
0.08185159756826425
0.08522854514508625
0.08841034992400329
0.09192863420552957
0.09345277370505878
0.09664052221123709
0.10055911456561334
0.10469289487001797
0.10940076972199624
0.11328774981331578
0.11691917218202694
0.11963141999478649
0.12285345771617076
0.1244610159506905
0.12617861523493173
0.1295269474093092
0.1333438310178232
0.13693405589844243
0.1410324481190967
0.14392865215276884
0.14592829409965008
0.14787123257478324
0.14750671426230724
0.14906152399200084
0.14995827459964184
0.1511419914269353
0.15383857326719946
0.15553263693543284
0.15751444067405695
0.1584588802577442
0.158200424042915
0.15741669224582666
0.1566642183447493
0.1570111813156719
0.15774472176640153
0.1569725015048943
0.1551244521151254
0.15376524985482976
0.1528191350494861
0.15024869453996642
0.14850368586415458
0.14551343548609835
0.14396511650910263
0.14228470055698783
0.1384785865103659
0.13543979691959765
0.13042888054659985
0.1261566079557811
0.12355130242149943
0.11889465091594434
0.11341993948729617
0.11043774579529914
0.1067600496112502
0.10221854212993454
0.096678757734339
0.09127847385053794
0.08578279617086267
0.0809448701584264
0.07544412226758102
0.06922543284011329
0.06399505332865504
0.059693854165633976
0.054432938419993575
0.048721742782041444
0.044147894000577864
0.038914661998853184
0.03444701803485886
0.03028318004900342
0.02590649546890249
0.022236758807906345
0.0187419455422766
0.015588982571357057
0.01217427882119085
0.009429896522988663
0.0071225489175464314
0.005091499576326389
0.003482898213452718
0.0023094018815294397
0.0014933805162233383
0.0011006360990226324
7.362882519357548e-4
7.844975549772442e-4
0.001010637772388054
0.0015073068458434677
0.0019294180990856954
0.002474726374860558
0.0033914257235650633
0.004459139679265128
0.005509123780999382
0.00652845660515915
0.007521474240988757
0.008495096121044765
0.00935070995326763
0.010115050102744298
0.010743972651771554
0.011366639583273334
0.011851046961562427
0.012297111335927055
0.012693177607959715
0.01299748214303474
0.013305698934929599
0.01328280717420451
0.013306233326269727
0.013202372151746251
0.012928141683414563
0.012757163297673813
0.012553170334721619
0.012274677767818098
0.011946882320298346
0.011603733649400604
0.011200647763717559
0.010732612929701358
0.010314854435870255
0.009929106387698816
0.009516163848373765
0.009055558208472998
0.008587965454791596
0.008151236757922745
0.007747763609570583
0.0073215538420553835
0.0069146836781190674
0.0065026551918025925
0.006087389051835299
0.005701608010911723
0.0053265394170012755
0.004991769367307143
0.004668206903285854
0.0043477493128081385
0.004031943993269193
0.00373157906886697
0.0034407703986804473
0.0031842852708874993
0.00296006697028241
0.002745470962815783
0.0025301883781187985
0.002311343896277778
0.0021234644791133525
0.0019220020780578804
0.0017519187947570946
0.0016100919934548125
0.0014809112947796474
0.0013466160561245734
0.0012236191478502698
0.00110856713993463
0.001002358419201906
9.025476454622636e-4
8.146204186610151e-4
7.397474679441171e-4
6.676161449678947e-4
5.9885050916089e-4
5.366863012736466e-4
4.812514655738653e-4
4.307706938661589e-4
3.836624125503561e-4
3.419292600738338e-4
3.053799079169925e-4
2.7179306261330386e-4
2.4039190546543148e-4
2.1139919751419543e-4
1.8555222391672713e-4
1.6352530143306894e-4
1.4247449914616618e-4
1.244633353875914e-4
1.0885685923681099e-4
9.55624940030009e-5
8.292200351285558e-5
7.108973504161322e-5
6.121625722628833e-5
5.269808986192437e-5
4.5103464862506546e-5
3.853517347841032e-5
3.272802518004863e-5
2.7616864714633503e-5
2.309828710957046e-5
1.915106720506256e-5
1.5816152200706532e-5
1.3044961249579027e-5
1.0698963469717212e-5
8.686128206120946e-6
6.969038717191037e-6
