-4.235312562645283e-7
-4.936047336764928e-7
-5.787428708600859e-7
-6.726038618260054e-7
-8.12823998672273e-7
-9.491779979163081e-7
-1.099665573661632e-6
-1.2721492493711414e-6
-1.4720843026137784e-6
-1.7477097029358963e-6
-2.0713235487113224e-6
-2.4119571932254475e-6
-2.7961014308183123e-6
-3.3064516523342095e-6
-3.854212054639416e-6
-4.461197575771309e-6
-5.185626146521695e-6
-5.998972381732458e-6
-6.982617699945981e-6
-8.11947160373879e-6
-9.51902075099503e-6
-1.1107482970578633e-5
-1.2775909015999646e-5
-1.4940139897625601e-5
-1.752886828791128e-5
-2.0288031732671442e-5
-2.3361270143276078e-5
-2.7196279861302378e-5
-3.1537761323722055e-5
-3.64984945027242e-5
-4.196550926616463e-5
-4.857509636731371e-5
-5.596209026614207e-5
-6.511901265963645e-5
-7.58948089743656e-5
-8.757677797443368e-5
-1.003779668965499e-4
-1.1677012794969292e-4
-1.3496334299166633e-4
-1.5407874752863847e-4
-1.7783677115200066e-4
-2.0474952258590446e-4
-2.353197225358732e-4
-2.698212482172268e-4
-3.1256902195669054e-4
-3.568139233865482e-4
-4.09141958903708e-4
-4.606773781037495e-4
-5.345195874602463e-4
-6.121043316234711e-4
-6.97735064192831e-4
-7.864076728164699e-4
-9.021493501056155e-4
-0.0010226058676283567
-0.001159946054250883
-0.001317171977871966
-0.0014836890483923197
-0.0016650706988027798
-0.0018354256311384238
-0.002092823800179254
-0.002309722331048994
-0.002598566709835229
-0.0029032083420253508
-0.003216613048832229
-0.003542538063462393
-0.0038936605216144376
-0.004244720254250114
-0.004653366346615315
-0.005031474953401436
-0.00552643645619816
-0.006040681216308033
-0.006500431027741597
-0.007031473049277648
-0.007516969311136352
-0.00793672276127974
-0.008435833103506294
-0.008965212059017753
-0.009676108290455312
-0.01013037281653043
-0.010879932469140438
-0.011398761788447787
-0.011923226502325997
-0.012538762012406165
-0.013090883782183838
-0.013731749156075248
-0.014331496516239405
-0.015086015696692247
-0.015835347246006083
-0.016332123899445272
-0.016917898801937514
-0.017413375337526363
-0.018086694089640212
-0.01866875370309086
-0.01942903439961068
-0.020447099760401703
-0.02104965889911102
-0.021212617548746197
-0.022084124340157944
-0.023045939277663362
-0.02397467508891641
-0.024979109307558894
-0.025749284470773046
-0.026439052062425417
-0.02692866207457641
-0.02743140136930796
-0.028210962150150887
-0.028615585213176205
-0.029967114759421154
-0.03156089927853932
-0.032338999526536134
-0.03367553603104624
-0.033980028467823484
-0.03469346122682488
-0.03539049560716581
-0.036491821528657806
-0.03769805645327991
-0.03920854164058658
-0.040340210721627405
-0.041348481621961364
-0.042367090379931735
-0.04303482324491413
-0.04387829855307534
-0.04494701008503876
-0.04618842084455985
-0.04830142719676126
-0.05035892470345291
-0.051056509221981135
-0.05171325124184063
-0.05250332454954834
-0.05367705862749669
-0.05495486185994383
-0.05656316218207382
-0.05818651431449796
-0.06007627806274999
-0.061950029837580585
-0.06325004910484601
-0.06418464607549967
-0.0645494864479309
-0.06589582344672844
-0.06766555865886521
-0.06949116367127944
-0.07105947546961407
-0.07296671387223061
-0.07487544124038459
-0.0770538722488068
-0.078404199038209
-0.07934599603409348
-0.0805640379170212
-0.0821997532223937
-0.08417121060394045
-0.08557730107950703
-0.08805336009404022
-0.0898394801994446
-0.09238088508564471
-0.09361784432073139
-0.09545023783213916
-0.09747044769937475
-0.09889502838388184
-0.10077993704161997
-0.1031093584579635
-0.10518361705324496
-0.10736208360565848
-0.10909928768935237
-0.11069268232597551
-0.11262578318497449
-0.11452523913536115
-0.11624203611050406
-0.11845115527428364
-0.12022190952308091
-0.12139858593848935
-0.12397662494020566
-0.1263587260971914
-0.12836785825925914
-0.13009108986243084
-0.1318834692552906
-0.1342989278858649
-0.13558946935520907
-0.13645789691416207
-0.13761406607124183
-0.13953295656389506
-0.14121258796236696
-0.14184422904771815
-0.14326007001866378
-0.14444970592025508
-0.14472708986151744
-0.14465510993549813
-0.14462878836234655
-0.14400089752864742
-0.14410804754230802
-0.1437963469408286
-0.1428807768087003
-0.1415574396946589
-0.14014827591829626
-0.13769529749865872
-0.13546829018773443
-0.13260981717058412
-0.12925280143475282
-0.12634685386993966
-0.12313408057560406
-0.11940415227366707
-0.11535992996226455
-0.11093520179113667
-0.10651463603045341
-0.10166279042883689
-0.09678647402255272
-0.0916874305340449
-0.08724912486411071
-0.08282633804806347
-0.07830013825050951
-0.0736985142330342
-0.0690982416814483
-0.06464516166694392
-0.06027734935139151
-0.0560473739973992
-0.05192678966783167
-0.04845423310881941
-0.04518772639396417
-0.04194917463202998
-0.038845515115201824
-0.03585765162445388
-0.03282466767807468
-0.030404074426229
-0.027793144983182718
-0.025542869736383263
-0.023683933326968748
-0.02183273460721702
-0.020257644344517784
-0.018718479786053486
-0.017202088741594103
-0.01568809876530955
-0.014270900052880953
-0.01299991693933035
-0.01188735063925275
-0.011028066502112802
-0.010139892249417304
-0.009318268425721955
-0.008582272349990988
-0.007828622283747921
-0.007123323530502828
-0.006475007046868787
-0.005867465207224862
-0.005377494983978267
-0.004989708612558255
-0.00457744764929899
-0.004193711954727847
-0.0038467581796258294
-0.0035152904297989897
-0.0032078755133044456
-0.00290483849872337
-0.002630236201168683
-0.002424337767274505
-0.002238878160593989
-0.002049920537441675
-0.0018686206909003732
-0.0017068300797242538
-0.00156234177456435
-0.0014224313373217214
-0.001299730852228988
-0.0011853970238469799
-0.001098188037947229
-0.0010013390338474279
-9.257996455655271e-4
-8.479851350304625e-4
-7.711891464857792e-4
-7.000072052712949e-4
-6.356367741404648e-4
-5.816735355774804e-4
-5.349599905583276e-4
-4.921512094639007e-4
-4.510709879941633e-4
-4.131765839321423e-4
-3.757935185395887e-4
-3.407771815310901e-4
-3.111997813272355e-4
-2.8501057920707855e-4
-2.5935553488136003e-4
-2.3718508143623457e-4
-2.16995286426239e-4
-1.991914991626552e-4
-1.8328827972638183e-4
-1.6668456735613864e-4
-1.5390916669471403e-4
-1.407123498820292e-4
-1.2692142532933393e-4
-1.1524270679881437e-4
-1.0529402649999386e-4
-9.659056105607394e-5
-8.868595765189552e-5
-8.076148909330653e-5
-7.345986800183499e-5
-6.673963719839367e-5
-6.0417693738083494e-5
-5.4793787707018525e-5
-4.98890116939553e-5
-4.561207060119859e-5
-4.163436441789838e-5
-3.77148881469332e-5
-3.41374045427499e-5
-3.0817171041286325e-5
-2.762496774756071e-5
