5.978400337848455e-8
1.3535067379291234e-7
1.4470982891419211e-7
2.215248554017869e-7
2.6884263963173184e-7
2.831808592368979e-7
3.6082727019331757e-7
4.7326939363083787e-7
2.676741207476477e-7
5.947202068063599e-7
6.93244768415589e-7
7.997362517956931e-7
9.056284501999757e-7
1.1171845897716919e-6
1.3434185457594474e-6
1.5380135974459036e-6
1.8216974670195054e-6
2.0828247874734114e-6
2.1496178116879094e-6
2.273048759602844e-6
2.6041016471313735e-6
2.9656595512215666e-6
3.5046274216439235e-6
4.291941650656076e-6
5.091999601811911e-6
6.018202159358027e-6
6.998695625443661e-6
6.443871014785311e-6
8.03031598081251e-6
9.64944103032343e-6
1.1362827859296109e-5
1.3283666490664458e-5
1.5851175368449964e-5
2.043695432667765e-5
2.1159108630202278e-5
2.6691201116949675e-5
2.5983604040752477e-5
2.9264651624879824e-5
3.331458984585395e-5
3.739175451805247e-5
4.118254936743245e-5
4.903478344774783e-5
5.396548263649296e-5
5.9371427965595265e-5
6.682246333358173e-5
7.426487557307226e-5
8.246332054353945e-5
9.129111206512548e-5
1.0120075441567612e-4
1.1155466975562338e-4
1.2175404130224384e-4
1.3397343746271862e-4
1.4725374834820325e-4
1.6037263246379655e-4
1.7183999727195232e-4
2.184288749042391e-4
2.2305746143800673e-4
2.448093612021857e-4
2.6674776307085196e-4
2.9844883265886936e-4
3.552973527298305e-4
2.960049729833684e-4
3.264599870353137e-4
5.073467536778274e-4
6.121975947130625e-4
6.231167544045449e-4
6.297641611523564e-4
6.440419964743513e-4
6.576985045807452e-4
7.184409957579446e-4
8.018568925410701e-4
8.796003517701707e-4
9.2757631910984e-4
9.376497208445825e-4
9.45022637881726e-4
9.648377764786281e-4
0.001062451042413681
0.0011396691103141773
0.0010582165623607247
0.001024126491025751
0.001099332045599981
0.0012468164125435425
0.0011580872062222603
0.0011347438834940454
0.001304728519258914
0.0013759779299348822
0.0014380274633795055
0.0016007707716916397
0.0018194512469939792
0.0021466512173893676
0.0025977975740773436
0.0032014197325216792
0.003926910678307508
0.004965042354045479
0.006635414394293231
0.008728154196302082
0.01043176903896589
0.011618330373587046
0.012298149777392861
0.01411684154272759
0.016086202836641923
0.017873709815507535
0.019381093804027433
0.020108601799276107
0.01893917235006419
0.016745134642489494
0.01705124245927439
0.018516294033241048
0.019865822476203495
0.02104405687707312
0.022131367160253476
0.02342857445945807
0.025405594244374764
0.029157411376660065
0.03386050496965545
0.03993911132310405
0.0467135197761849
0.052581844093266134
0.05761570149059206
0.062018605420313205
0.06537622310158579
0.06772105107373702
0.06964814297990105
0.07160970564204266
0.07429025791705227
0.07840888202498032
0.08469548133765016
0.09010626420544211
0.0922969508805975
0.09261393386622349
0.09257558842755004
0.09275317265513361
0.09317994901959537
0.09377786268690509
0.09446398939075369
0.09502225025764958
0.09549874925956059
0.09683652295955378
0.10067255579360061
0.1100374903364144
0.12233334306933574
0.13173938321338752
0.13656242798557122
0.13943169869077765
0.14214923949069502
0.14639387463512082
0.15046683095151994
0.15015227524556063
0.13763199783868027
0.10226813531679001
0.08346093942152252
0.07972996087211646
0.07719078683375631
0.07336430974085917
0.06939014544031882
0.06581151827249172
0.06266606152333222
0.05948297814925855
0.056267004393647825
0.05363049743765918
0.05092334688635525
0.04711383781993268
0.04609223726456403
0.06922410242717669
0.07388412915940777
0.07398327607594513
0.0741011018581492
0.07421459506375133
0.07453598102010485
0.07542416022124426
0.07718610721616423
0.07977715768254305
0.08226383254851297
0.08345484153126026
0.08343804702345224
0.08275655678461201
0.08437465683109141
0.08579126816099703
0.08468505021633611
0.0827430108298277
0.07762367681413365
0.07382798956226554
0.07172919443431258
0.07351476731006128
0.07433417952682983
0.07105634390419541
0.06366966651175741
0.0710864360246671
0.078454115484826
0.08229698178633572
0.08432473646072194
0.08513384742156968
0.08523828312043988
0.08345394710972137
0.07857499424129719
0.0712518133600927
0.06367948057722594
0.058246306767343464
0.05601690415194613
0.05569903601984118
0.05641314372781778
0.057539290145107225
0.05956009993814839
0.06126804375639008
0.06204226989564948
0.06215792093263143
0.06140451116612707
0.06000149803869678
0.05812321221995559
0.05541881694832268
0.052006739034733476
0.048272535671039334
0.04386250681377038
0.03858021954681315
0.03292830018992623
0.027829456553534387
0.02459203731610841
0.02184757523737367
0.02028318568982733
0.017057866740130774
0.010952478959394335
0.0058084169394027
0.0046911567978589735
0.006989027167801967
0.010625191203798018
0.010325999146974019
0.008620671552710625
0.008786802778080272
0.00833016381716528
0.007883767096963413
0.007795994127862745
0.007988581299746732
0.008207455488627736
0.008000614067056957
0.0074616375667358355
0.006805371991793487
0.006102139311990553
0.005409188068069252
0.004787180261006856
0.004294633667882143
0.004050613693461551
0.0037957155850645804
0.003398441084996256
0.0030014475965000516
0.0027443140274751284
0.0026045414050888324
0.002511757128361895
0.0024771558889085366
0.0025106981939182174
0.002536159312393902
0.002443201699826441
0.002267508632541949
0.002054973055144846
0.0018141035140162801
0.0016086512419410878
0.0014477103981035935
0.0013461850631900489
0.0012367398588560875
0.0010735442235423169
9.067949542670832e-4
8.088826024609707e-4
7.129290152773398e-4
6.390695759850228e-4
5.737415774987053e-4
5.218972328206787e-4
4.7775334050238646e-4
4.4113685117044013e-4
4.0684633444086713e-4
3.726650401279604e-4
3.383802312693044e-4
3.0038789639833885e-4
2.6862103765384844e-4
2.475178454004438e-4
2.292382138815363e-4
2.141674674854335e-4
1.9842514949106364e-4
1.6811024427427286e-4
1.324668203423623e-4
1.074538852937701e-4
9.35647956538545e-5
8.484640310825342e-5
7.555188003942844e-5
6.619483729274131e-5
5.728353325658247e-5
5.1829496709807e-5
4.769654286254098e-5
4.333563425903529e-5
3.875645044520303e-5
3.431780901446447e-5
3.007346427888712e-5
2.607458410179894e-5
2.242356302084086e-5
1.9114938236751983e-5
1.6268843443068857e-5
1.4465377787867914e-5
1.3250959747075447e-5
1.2040594404436313e-5
1.0435033385312416e-5
8.871723270236073e-6
7.519178027562871e-6
