-1.1651546101737434e-6
-1.5130632489339354e-6
-1.805345215913813e-6
-2.06462867421313e-6
-2.396957983579442e-6
-2.8256122769345414e-6
-3.25848257837842e-6
-3.717545624101437e-6
-4.150923096656416e-6
-4.901902925279547e-6
-5.838099272534125e-6
-6.79137038487777e-6
-7.887440059872528e-6
-9.036197229297896e-6
-1.0364485554122552e-5
-1.1941879114426871e-5
-1.365735929765533e-5
-1.56649854449052e-5
-1.8209525743196775e-5
-2.111071837798082e-5
-2.424804913507395e-5
-2.7826785328126376e-5
-3.1751133952156945e-5
-3.600354482108132e-5
-4.0883291168971734e-5
-4.624576946538466e-5
-5.156084793093629e-5
-6.018533266094762e-5
-6.866491665368685e-5
-7.74974914326456e-5
-8.756060457758017e-5
-9.877168140866102e-5
-1.1074041515294188e-4
-1.2182827501397218e-4
-1.3514900366804727e-4
-1.5475457299367774e-4
-1.79161504673433e-4
-2.0172423086652693e-4
-2.2635877577169652e-4
-2.540518211899551e-4
-2.855996268235378e-4
-3.1724709999523046e-4
-3.5574570712991336e-4
-3.9871924168599876e-4
-4.447886023029933e-4
-4.964500188407073e-4
-5.535731904567981e-4
-6.16829233933931e-4
-6.859425049024271e-4
-7.625139469045075e-4
-8.488615751706699e-4
-9.42563686914314e-4
-0.0010446427984555848
-0.0011574872197497995
-0.0012800088001488237
-0.0013783990148312606
-0.001537433077691588
-0.001693518059371426
-0.001847610715670008
-0.0020069934183763686
-0.0020943327554676133
-0.00243172837572438
-0.0027308063099949023
-0.0028632647513374865
-0.0030985870497953444
-0.003460767982040161
-0.0038458428041686903
-0.004242783399902235
-0.004662554723499876
-0.005063157181620163
-0.005475568356218846
-0.005922848031446314
-0.006452964099386926
-0.007067319585546304
-0.007730453466806576
-0.008416839656422313
-0.009046991917859577
-0.009718222488199056
-0.010651438496249279
-0.011594164423437102
-0.012530170554893569
-0.013369663428783944
-0.01462004034203752
-0.015845489068126595
-0.016814308169212498
-0.018140605754577387
-0.019514446990564253
-0.020832249042635635
-0.02215731256416803
-0.023414472769867446
-0.024597087359353724
-0.025706389208816266
-0.02676313952478055
-0.027533480343824485
-0.027673212083065585
-0.027509904627019632
-0.027776657585255583
-0.02820448685233151
-0.030161971886443987
-0.031169073186891445
-0.0317888337861534
-0.03252686098776903
-0.033311979234806346
-0.03436217273476451
-0.03688859699283996
-0.04177929157753606
-0.04596379369566171
-0.04893321387505885
-0.05153451880205614
-0.05408939151432234
-0.056710310217290213
-0.05901075756216522
-0.06045931508532323
-0.06021350358760369
-0.058805576418262596
-0.05592527495328495
-0.052526784435131924
-0.05064607859531134
-0.04992003331132258
-0.04988878476650348
-0.0509189845050305
-0.05282263953551804
-0.05470349146337576
-0.055920477894546176
-0.055742079243508665
-0.054098838168110785
-0.052159688678440105
-0.054068019900934426
-0.05985891667995123
-0.06671921309692394
-0.07308971030441247
-0.07860914013374845
-0.08336887442320867
-0.08750276430414641
-0.09106132630660069
-0.09411292168369632
-0.09628623108915325
-0.09606672596974852
-0.0916080925682668
-0.08265366839964342
-0.07501773242678195
-0.07238456028253457
-0.07370091866285519
-0.07501995023869613
-0.07411941259839963
-0.06863824156899169
-0.061246807535135055
-0.05418522674931269
-0.052608800214024545
-0.08386995306480571
-0.12340079835223317
-0.1420532586878696
-0.15316395221371543
-0.16254875229648771
-0.1703789164419023
-0.17668493522461448
-0.18151651923140433
-0.18528795529175132
-0.18822822460340521
-0.1899156089620016
-0.1904150499363582
-0.1881341425403951
-0.17099961578449185
-0.15776840258734387
-0.1666166592677176
-0.1699705988533524
-0.17026402505939917
-0.16943788070318133
-0.16751072313958248
-0.1643267397919925
-0.1597421353047108
-0.15417086520521656
-0.14886517315244943
-0.14461113706503825
-0.1406788878622507
-0.13689048816678206
-0.13022757049264277
-0.1267029978236891
-0.12402189302286329
-0.12223890933672493
-0.12338543782364425
-0.12305870209938684
-0.11984063100487667
-0.11317970142344538
-0.1060724176294559
-0.1016146260329842
-0.10103235883228909
-0.09143630805771996
-0.08459086279039887
-0.07888331848586229
-0.07298287797262548
-0.06742511068536503
-0.062052906800257414
-0.058145525366075465
-0.05737962972928343
-0.059644201458011845
-0.06296933304197086
-0.06480831516353458
-0.06332425319862275
-0.059611880937761486
-0.05433907706999157
-0.04770768221329417
-0.04055830030490115
-0.03560763688298149
-0.03116719266677894
-0.02707595266368438
-0.023761873837763778
-0.021282188611759307
-0.01923614448194918
-0.018700466293745145
-0.018875044111171423
-0.019429237087352356
-0.020354273221165568
-0.021786474498337913
-0.023556694387157528
-0.025268866495456004
-0.0261220489261597
-0.02631426888069511
-0.02481159903407023
-0.02456319023662586
-0.029488873560473385
-0.03106539605934695
-0.0294658496449618
-0.024385921530457873
-0.021260999278650924
-0.02118057078665194
-0.022322762257422496
-0.020716133004628944
-0.019584899625142545
-0.01831084681704038
-0.016638145185444105
-0.01463164645430052
-0.012645833979676445
-0.011360370322362461
-0.010703256475433114
-0.010224513537362801
-0.009835969597647898
-0.009549122059591509
-0.00919903303362675
-0.00866645584237992
-0.007987926873725801
-0.007329457173158185
-0.00691870815863504
-0.006672457388585206
-0.006291392030035536
-0.0057804972942516655
-0.005250513965562023
-0.004648790865452224
-0.003982376358562393
-0.00339581301526501
-0.003031770265935811
-0.002788373666089014
-0.00262390650711436
-0.002526783314424363
-0.002419054778575104
-0.0022630758612680528
-0.002044644599290526
-0.0018719136903080893
-0.0017738098995627421
-0.001698120378147855
-0.00158476507496316
-0.0014726629656168222
-0.0013574697036188438
-0.0012474463016956083
-0.001135887827515865
-0.0010328063193654883
-9.361625948051249e-4
-8.440171471550077e-4
-7.544680236442642e-4
-6.725885307825123e-4
-6.033364498503785e-4
-5.45812720884131e-4
-4.983220596307299e-4
-4.415593451373449e-4
-3.7644541549057174e-4
-3.141158857337676e-4
-2.9494111071476977e-4
-2.961198019874093e-4
-2.868415055436785e-4
-2.6439324310796944e-4
-2.3770285852096746e-4
-2.1555585275733036e-4
-1.935789805719071e-4
-1.7373395845042495e-4
-1.5470251572104676e-4
-1.3540401395324957e-4
-1.2254413917009985e-4
-1.1037066395455358e-4
-9.889883745766314e-5
-8.832639298049055e-5
-7.837232601872466e-5
-6.981493871261805e-5
-6.256153080179505e-5
-5.5740447131616575e-5
-4.947539311311882e-5
-4.313186820889305e-5
-3.736760662755599e-5
-3.306769205986086e-5
-2.961892190379102e-5
-2.6483851945715225e-5
