9.816974588488834e-7
1.1592867373063635e-6
1.3471301681218782e-6
1.531030473874713e-6
1.8127259264313012e-6
2.1247484257251915e-6
2.4825172859497597e-6
2.886452339250162e-6
3.3364404587239433e-6
3.843295817510167e-6
4.419663998517607e-6
5.120746567556976e-6
5.861879021378262e-6
6.707430278292856e-6
7.727778290099508e-6
8.866893368714406e-6
1.017439420336189e-5
1.1617274882336745e-5
1.3179245568620941e-5
1.5009640344179846e-5
1.7080470326199813e-5
1.9361372420071324e-5
2.1789851937783185e-5
2.473888268408855e-5
2.8021068754862794e-5
3.145936827654866e-5
3.5355388185430356e-5
3.965078841513185e-5
4.432187667829734e-5
4.9717922464139246e-5
5.501764471698374e-5
6.190748526529858e-5
6.842718117401283e-5
7.560036967846493e-5
8.378896069882684e-5
9.227810455610379e-5
1.0084918287146486e-4
1.1051441225831666e-4
1.2093752985376241e-4
1.3225538792726842e-4
1.435638862792705e-4
1.543766259909687e-4
1.663913627791438e-4
1.778054783975261e-4
1.9047599871842272e-4
2.0208035557544608e-4
2.1178298204683403e-4
2.2323783872492942e-4
2.338535316246556e-4
2.4407293359254807e-4
2.505295974972843e-4
2.534180333903835e-4
2.6028000672406005e-4
2.5883152768882704e-4
2.5745863644141076e-4
2.512895264447743e-4
2.3715440450598863e-4
2.2710450274035783e-4
2.149063188889421e-4
2.0076039762892086e-4
1.7456432686218716e-4
1.5831395404239336e-4
1.306087269832627e-4
1.0202906096220976e-4
7.671249486451568e-5
4.658034599508388e-5
2.3404271632718686e-5
2.3630743408016016e-5
2.1867042015524983e-5
4.026226122718156e-5
6.878259735842273e-5
1.0588074413754329e-4
1.7413849485127325e-4
2.6806792606212583e-4
4.0460696587410423e-4
5.750512443696684e-4
7.461945154144279e-4
9.85215214523918e-4
0.0012850302985585355
0.0016604513683950032
0.002023374024428301
0.0024880722921294513
0.002908931737850648
0.00352318720238246
0.004090483074713469
0.004860347293412854
0.005530353545234694
0.006360116292137478
0.007301715426766872
0.008337885572475633
0.009518927338871079
0.010541234158971215
0.011605354026714847
0.012978372447602192
0.0143840078545289
0.01587675039027768
0.01758941663535938
0.019138728090840426
0.02104021131461669
0.022650782561114753
0.02477642119436022
0.026331526709930074
0.028745691406275913
0.031108716985625007
0.03346793019214623
0.035909394274738604
0.038163653211240496
0.04076624349745081
0.04354555773415564
0.04612917106008525
0.04877220931841865
0.05200916726834711
0.055168135771044145
0.05832853256126403
0.061052892151197795
0.06370263777483463
0.06707820116942051
0.0706890039717907
0.0742633001412058
0.07746343955316368
0.08105738944563234
0.08482062875378062
0.0884737336008854
0.09131178703260222
0.09386295197549757
0.09812177886424524
0.10179013278509971
0.10491108401811622
0.10871881153381985
0.11255964886680642
0.11645786523209467
0.1188563483188827
0.12241538620896542
0.12522124583291244
0.12781849802959147
0.12961429816916467
0.13324038114970552
0.13726458915150075
0.14024361666835833
0.14283201115091126
0.1453681975867127
0.1477344244854611
0.14834278548384958
0.14946340578610162
0.15058141817944948
0.151752683675487
0.15381067722874586
0.1558094745042214
0.1570979065295776
0.15869664583777768
0.158656168251006
0.15744249753082312
0.15757351455774754
0.15779715514590928
0.1562663735453288
0.15584993341449804
0.15517862129561674
0.1536837882364131
0.15300754392009247
0.15074031464387055
0.14919031472551209
0.14699792615437712
0.1436038192236565
0.14105795584206873
0.13826094209090295
0.1346556143010773
0.13001279244761954
0.12625924633958546
0.12284418196936189
0.11932307590546959
0.11456268654340568
0.11020696744567762
0.10677718404651602
0.10172216294300256
0.09620836149205053
0.09115504623203216
0.0859111072878251
0.08002692950388293
0.07554069647212466
0.06900828893759334
0.06409756523226476
0.05982610801629562
0.05463023561751109
0.0487346326081836
0.04430772926628593
0.03907513127054453
0.034253445399101384
0.030024682138909152
0.025930463456755933
0.022050218466920103
0.018349172312352974
0.015113273053004025
0.011966851366596275
0.009309233778293626
0.007154112587243248
0.0050719379778770245
0.003535650037221811
0.002250373974025333
0.0011814543293950065
8.251039455448194e-4
5.873780711661409e-4
6.749389196429503e-4
8.082123830220698e-4
0.0013820527959801875
0.0019042554345928913
0.002543049432831298
0.0033568685320491194
0.004328824324604455
0.0053634130365470475
0.006423537840406928
0.00740066908094833
0.008345502519963625
0.009188722956553357
0.009907696511048825
0.010593993845039684
0.011319467823045992
0.011917575914735556
0.012255067629838457
0.0125891869143065
0.012883575793251544
0.01319254396136513
0.013191293372701755
0.013195289647123007
0.01304811204340788
0.01301230569796843
0.012771810310139348
0.012561143815199185
0.012226584345832405
0.011929434302643822
0.011600287948564585
0.011224510138174874
0.010758126274003011
0.010345544806949186
0.009933002950574015
0.009494111953774515
0.009024673597678091
0.008592240879617276
0.008158686062867687
0.007764684305145608
0.007328573887764583
0.006933477414982906
0.006483265494860842
0.006061434422687452
0.00569816085336189
0.0053154050693359454
0.004985260215419062
0.0046611397063390705
0.0043511334690539485
0.004044050991663564
0.003735942704923391
0.0034446862467896735
0.003177186009397899
0.002940289726708071
0.0027290781186606644
0.0025214858175559678
0.0023120651540636016
0.002122117592873
0.0019326149647775196
0.0017602801895852823
0.0016044371307632266
0.0014764069304620234
0.0013416202961734703
0.0012160392859620391
0.0011033964794239254
0.0010029795269259321
9.054940863160856e-4
8.16335949605295e-4
7.36463779081758e-4
6.651243516127454e-4
5.969839247984718e-4
5.363696460004921e-4
4.80040503279752e-4
4.30344927089157e-4
3.8274526728096476e-4
3.4272542403950945e-4
3.047174086568288e-4
2.706072047532221e-4
2.399863234327997e-4
2.1161512584922203e-4
1.8542750254390094e-4
1.632008540487343e-4
1.4323614763648657e-4
1.2460900114594702e-4
1.0873143212340009e-4
9.524269722262422e-5
8.267538765853291e-5
7.136120404664577e-5
6.135086923784265e-5
5.274331831499794e-5
4.5045244445567845e-5
3.8474937599184474e-5
3.271888223616804e-5
2.751771075323538e-5
2.3034951866977976e-5
1.923136673095886e-5
1.5941662138973685e-5
1.3081794009326572e-5
1.0737883352165838e-5
8.69428334790999e-6
6.9610886148981155e-6
