-4.2271114560222605e-7
-4.8803260395893e-7
-5.577536813889714e-7
-6.91372388969489e-7
-8.231543369364288e-7
-9.571586685126982e-7
-1.1082466991770893e-6
-1.283617822406121e-6
-1.4838661514104703e-6
-1.7468707447503957e-6
-2.0460872817189155e-6
-2.394259328302135e-6
-2.7825889720800506e-6
-3.2686789165140833e-6
-3.8665470451052324e-6
-4.477078955335366e-6
-5.205111729262712e-6
-6.030967745429233e-6
-7.026420101399237e-6
-8.185498094567423e-6
-9.566149782057592e-6
-1.1098037941683948e-5
-1.2831925582596271e-5
-1.5077170156674966e-5
-1.7409982286603147e-5
-2.0221949233232464e-5
-2.3326873100120322e-5
-2.7157614393609926e-5
-3.168841053891195e-5
-3.66844599041783e-5
-4.23791766349836e-5
-4.8651669624660604e-5
-5.632835845400197e-5
-6.555350732225678e-5
-7.583899163947129e-5
-8.727843892907467e-5
-1.0053659526593518e-4
-1.1706017470721073e-4
-1.3511136045335525e-4
-1.5429984776441354e-4
-1.780906763487854e-4
-2.0517389493807038e-4
-2.3577126120060175e-4
-2.7194329896158267e-4
-3.12166964630552e-4
-3.5652057665349897e-4
-4.096257163059062e-4
-4.6697265205926673e-4
-5.366723830825995e-4
-6.139694694288567e-4
-6.980633224227547e-4
-7.923484204303047e-4
-9.035117364249704e-4
-0.0010275241438461769
-0.001164788543320127
-0.0013126692127313534
-0.0014866084156429328
-0.0016787399509117212
-0.001866197604239872
-0.0021029827749149475
-0.002349657566593479
-0.00261372165350956
-0.002911902125252815
-0.003226692659260834
-0.003558807718762268
-0.003902035238765209
-0.004290028709430404
-0.004694059166973441
-0.005100722006583456
-0.0055700404983913265
-0.0060628072280853144
-0.006551145715994084
-0.007053096501243912
-0.007534036789943986
-0.007949505811081814
-0.00845217224402443
-0.009094230694995145
-0.009712022196731507
-0.010226761673548926
-0.010883329202750735
-0.011446487507379907
-0.011952344501874079
-0.012626181580641457
-0.013127872834174954
-0.013761577367905058
-0.014313769152692312
-0.015155007717480677
-0.015784647389445294
-0.016347835504331255
-0.016960782209354895
-0.017405747359848345
-0.01810327113943456
-0.01891397459226392
-0.019700733802159368
-0.020478325571644876
-0.021181742564184626
-0.021616204047345173
-0.022272265540089056
-0.022939059516800246
-0.024060149034623696
-0.024509528716194124
-0.02565165480680134
-0.02660187628304937
-0.02727247943806242
-0.027808097591106636
-0.028478373110748093
-0.02939027040308479
-0.03000711576531578
-0.031338040886392804
-0.03241052532531358
-0.03339223919909642
-0.034056079283846796
-0.034953283657402426
-0.03577012696843006
-0.03649859673105635
-0.03781903043538014
-0.03957245222349598
-0.04023742459178988
-0.04141068398876281
-0.04244140349416621
-0.04357380439675127
-0.0444546510166643
-0.044894816797177675
-0.04618316314029605
-0.04849961963351229
-0.0494851383855581
-0.05040528334978044
-0.05196910655083864
-0.053231071464740716
-0.05413618508739354
-0.055206547066805695
-0.05695747061264718
-0.05837340136911009
-0.05958466613383286
-0.060728976757552594
-0.062525295938184
-0.06435224607589342
-0.06501799652673632
-0.06630939744215641
-0.0680971852926498
-0.06944842374179225
-0.07102753264654468
-0.07255538639562925
-0.07447967253392777
-0.07592314898931567
-0.07771224569757165
-0.07957888335141526
-0.08094218052655525
-0.08233916141253114
-0.08409873290820544
-0.08537775312214863
-0.08778027271342138
-0.0897583187173901
-0.0914761710610462
-0.09397239472746649
-0.09591055265954446
-0.09695768572819827
-0.09881174014450103
-0.1004969030638858
-0.10255739082883547
-0.10487164615668207
-0.10674544526142202
-0.10874585698170729
-0.11107673440684623
-0.11239964571488628
-0.11429974522350975
-0.11638318734012254
-0.11870417195108143
-0.12076841823438131
-0.12115595543546358
-0.12303847935614376
-0.1262104188247237
-0.12820342797394974
-0.1300166345877116
-0.13161455886085172
-0.1343761125034738
-0.13588528592645632
-0.13706718922190042
-0.1374871227013767
-0.13960699298662227
-0.1408322775698636
-0.141210093741788
-0.14245505523428667
-0.14365866112153297
-0.14454273836878412
-0.1443040971931277
-0.14492191524683556
-0.1441505145516569
-0.14463772163694028
-0.14379281353214643
-0.14266716855171752
-0.14145866540480595
-0.1397349356630178
-0.13760064107995104
-0.13457083820791205
-0.1322037006065862
-0.12965337152156958
-0.1267817221812421
-0.12304638893509132
-0.11908364600714139
-0.11506555325544623
-0.11045897334637156
-0.10600322044953175
-0.1012542332986306
-0.0966820305389864
-0.0919323852451219
-0.08730468642546402
-0.08251362089260551
-0.07806971011539159
-0.07341554699760368
-0.06879078680153695
-0.06443504497910807
-0.06016934164614059
-0.056129910818874786
-0.052095800205071874
-0.04847352372156366
-0.04493657421267744
-0.041800497825548164
-0.03880595175682162
-0.035770805454491635
-0.032724575773462994
-0.0303016478084084
-0.027879443343768878
-0.02567168006936121
-0.023645881097537236
-0.02175512177102293
-0.020057198656309855
-0.01857721535951977
-0.01711222441304116
-0.015585042493471785
-0.014216918692103777
-0.013023976976179557
-0.011876036501747934
-0.010937714371050117
-0.01003205790954681
-0.009214141340810581
-0.008522557511202684
-0.007777925579178315
-0.0070854584834568884
-0.0064658596280183014
-0.005902381635203613
-0.005379998184105181
-0.004959008112628437
-0.004540176749884715
-0.0041738246796214915
-0.0038325397574436597
-0.003476124678934979
-0.003183776527337618
-0.002896738683239245
-0.0026424499191827484
-0.0024163108276942895
-0.0022191849456765
-0.002041801154409914
-0.0018673187941043163
-0.0016997881029172336
-0.0015589725912790642
-0.0014237950520477214
-0.0013020706839094419
-0.0011855434690939849
-0.001090787288730975
-9.994350785442743e-4
-9.199101739350878e-4
-8.448722281177436e-4
-7.677482862706397e-4
-7.00005596477553e-4
-6.343705202204364e-4
-5.845025982762311e-4
-5.345457119370921e-4
-4.881327125734615e-4
-4.4955493042271816e-4
-4.105635688667231e-4
-3.740178841701848e-4
-3.402461528379244e-4
-3.111939608332892e-4
-2.8436130806047693e-4
-2.59830398807e-4
-2.3783329189800196e-4
-2.176926127296001e-4
-1.9906346077708552e-4
-1.8287095209299485e-4
-1.6642011686833792e-4
-1.5321133232165462e-4
-1.397029211983027e-4
-1.2714077024178434e-4
-1.1538460504865847e-4
-1.0535610150197978e-4
-9.644708783861879e-5
-8.811850596700885e-5
-8.049427707774331e-5
-7.313531514942289e-5
-6.649621341522495e-5
-6.0403339961091814e-5
-5.492581293674056e-5
-5.0026231736623446e-5
-4.542110789911237e-5
-4.1376728359336065e-5
-3.752497514880835e-5
-3.398654091229852e-5
-3.072638710933099e-5
-2.7643206635985516e-5
