9.288644371164202e-7
1.0502509199217775e-6
1.2641261147169795e-6
1.5231392396392518e-6
1.815235174371343e-6
2.0935765395238004e-6
2.3072843368373825e-6
2.60609927509405e-6
3.012949614583669e-6
3.5445520145809144e-6
4.191160307340512e-6
4.8168126190047175e-6
5.48581182125635e-6
6.326688822460249e-6
7.304676068647345e-6
8.401484814728476e-6
9.795672490444086e-6
1.0968125302643387e-5
1.2419623174864714e-5
1.4104897804992669e-5
1.6018922151242944e-5
1.8350385240389545e-5
2.1036783946440915e-5
2.3315558621230903e-5
2.6168251291903326e-5
2.937266278789607e-5
3.3242187702721006e-5
3.7138754664980066e-5
4.141558842296039e-5
4.619358410025384e-5
5.178813075070167e-5
5.800544027861586e-5
6.425290543439428e-5
7.173554734891729e-5
7.857429069705617e-5
8.614156109954564e-5
9.447013174891943e-5
1.0395789363959168e-4
1.1347782667355226e-4
1.2358292240508188e-4
1.3517292306018563e-4
1.4385702830713612e-4
1.5531933498370268e-4
1.664557337976872e-4
1.7840246556172096e-4
1.9006446141616107e-4
2.0097633008833943e-4
2.1090784459206673e-4
2.2158694179347523e-4
2.305722503333166e-4
2.3564102662033495e-4
2.4083399146672456e-4
2.4746570936362555e-4
2.5153955555125247e-4
2.4211409118894873e-4
2.3631184175541123e-4
2.2851705427344129e-4
2.159584810132553e-4
1.9977131110621686e-4
1.8629919087448835e-4
1.627630123694807e-4
1.4560016785944614e-4
1.2667328022242702e-4
1.0601464741528778e-4
7.203427759395427e-5
5.354197441474145e-5
4.546141778966286e-5
3.505173613147966e-5
2.0120117210011022e-5
2.857174114741061e-5
6.499217966257634e-5
1.0824072672640724e-4
1.7156063676650792e-4
2.835701928684382e-4
3.9642130834548385e-4
5.678149890584644e-4
7.090724184250789e-4
9.419424427333603e-4
0.0012303352335519156
0.0015340912235235165
0.0019249656347905166
0.002388596918086787
0.002813440867297933
0.003308526887978586
0.003907541507718667
0.004682654628112706
0.005350708079388285
0.006059582825684406
0.0070060895694261365
0.00790109427339885
0.008946458063674518
0.010091184176413588
0.011245359025119353
0.012566831125230686
0.013671607565218914
0.01510070510477592
0.016728675054344853
0.01808574342399783
0.019760366593296802
0.0215039692546852
0.023396968199180974
0.025382427208245573
0.027453897165115284
0.029506024582220895
0.03181541461570442
0.03383282826343055
0.036600285160961074
0.03916980209193575
0.04135992207632574
0.0437913097203622
0.04648839044397282
0.04898512108496304
0.05191514306064831
0.054663386471058936
0.05729900571778119
0.06016609035758988
0.06380590305272271
0.0668260560734932
0.06963983987392364
0.07307136726160528
0.07667296484239988
0.07997396307366851
0.08267944893142298
0.08675748991791751
0.08942964264899958
0.09231943076491284
0.0959083724071754
0.09886707134900484
0.10186863854151107
0.1057202172091721
0.10830792378468718
0.11175720699842547
0.11546132917796906
0.11800603017606665
0.12092209704144904
0.12417767510418996
0.12697568446046292
0.12907382672411327
0.1319121040275858
0.1336063214755261
0.13551245620614455
0.13773539092045578
0.13941447629903747
0.14182290859354918
0.14339072365124403
0.1444088574995661
0.14608284971813298
0.14674627587520447
0.14738482876059622
0.14847513942501783
0.14974968571336245
0.15017550131145546
0.14937994629855939
0.14943412071378956
0.14860268645995092
0.14698178862134764
0.14583347077992215
0.14462110165556025
0.14361418468244289
0.14335939690082003
0.14136775003779706
0.13805429462837637
0.13510058218362897
0.13237067380923973
0.1295870879612691
0.1263825941974273
0.12395144202133453
0.12015336708319146
0.11608584186520624
0.11273276005411462
0.1094365617662184
0.10594098159924406
0.10075349853482975
0.09539816730383595
0.09061220137562248
0.0868621502443671
0.08135590710632881
0.07609482057254024
0.07099544682706266
0.06621188156649556
0.061018405369368055
0.056330455834695585
0.0512676726103707
0.04693248428843548
0.04215517114333965
0.03708868449303966
0.032475298727052855
0.028859020261314948
0.025412286810925125
0.021062451165601896
0.017503856579289517
0.014520001978538527
0.011309687224421905
0.00900033408139413
0.006704533068752147
0.004783418759280114
0.0034595245978678753
0.002250656957168243
0.001442346490983314
9.98701190063895e-4
5.319973790839107e-4
5.068861656050019e-4
8.071335338456951e-4
0.0012019807640897447
0.001944341795021271
0.0025843679614135436
0.0033366392310062707
0.0042332353923915066
0.005181470956029823
0.006045729743241055
0.0069514354182735015
0.007834860955937939
0.008627799394851192
0.0093562632076842
0.010079855219137268
0.010672881062137853
0.01117362939320014
0.011623082173439834
0.011931129596042613
0.01214728833682634
0.012412393838713568
0.012384923932335536
0.012456129112327628
0.012341846418823882
0.012247105132278224
0.01212528644113306
0.011888644922257986
0.011625150684928427
0.011261735165180602
0.010915000018504446
0.010583708318116827
0.010193419556845712
0.00981049190495846
0.009405154431621592
0.00900527127450047
0.008595216850760054
0.008139342650000866
0.007717092728109468
0.007322546489107537
0.006892344215041241
0.006529694920920352
0.006145523147811568
0.005758932460171985
0.005420126314035274
0.005069497392958118
0.004711727537343311
0.004394004938913389
0.004097776627707932
0.0037914690209920475
0.0035247552970085715
0.0032639126712301764
0.0030205685844709933
0.002787809441084959
0.002577521432369388
0.0023774230907799713
0.0021753450871392884
0.0019960649947923835
0.001827745453903149
0.0016672103040296737
0.0015220443833865458
0.0013903340995336994
0.0012710922201400092
0.001153911529694053
0.0010436857500756547
9.478515311820786e-4
8.559548685902278e-4
7.741088583560673e-4
7.010763305315616e-4
6.305695938609112e-4
5.651462277129565e-4
5.072817158492872e-4
4.5298611049378865e-4
4.0522780832578204e-4
3.6194416763643176e-4
3.223362478148126e-4
2.8713714113380205e-4
2.550009805421883e-4
2.2523735189380206e-4
1.9868605454691573e-4
1.7587361570770433e-4
1.5449437510714183e-4
1.3517846608175353e-4
1.186666439970642e-4
1.0347725361506936e-4
8.976033623860287e-5
7.786010606735942e-5
6.754630331450031e-5
5.815577203067732e-5
4.990009997573298e-5
4.265769725331211e-5
3.629352180340424e-5
3.070085848486516e-5
2.6038393216871594e-5
2.1811165155766035e-5
1.8164847693947603e-5
1.5026381778158744e-5
1.240498071103639e-5
1.011561271648287e-5
8.19089238709517e-6
6.63916214957156e-6
