-3.976423513948211e-7
-5.408931855891355e-7
-6.21975547423311e-7
-6.686550095962986e-7
-7.266596311494248e-7
-8.611694664601468e-7
-1.1618388710623866e-6
-1.4549131953520692e-6
-1.7249385565041723e-6
-1.973996635086015e-6
-2.1255841732985314e-6
-2.4962905613848927e-6
-3.104626245143353e-6
-3.566682561836783e-6
-3.97467447036749e-6
-4.615130923548832e-6
-5.054405821139078e-6
-6.35477228613021e-6
-7.444843737744399e-6
-8.732990142901287e-6
-1.012253790622477e-5
-1.1257800368725056e-5
-1.3000276876470133e-5
-1.6118174008668837e-5
-1.8888036510324948e-5
-2.1857189422037467e-5
-2.438949110146518e-5
-2.880861398468094e-5
-3.424007517807673e-5
-3.943069732845379e-5
-4.3960486796568813e-5
-5.007013343929452e-5
-5.7535525406570536e-5
-6.732114489153325e-5
-8.009891820477604e-5
-9.2974502735068e-5
-1.0556961747596233e-4
-1.2141232995244863e-4
-1.4174676625256554e-4
-1.6264839416300556e-4
-1.8416431393493196e-4
-2.127949083615735e-4
-2.444235790824514e-4
-2.800045379307731e-4
-3.221652067996655e-4
-3.675137742281386e-4
-4.2136988650832605e-4
-4.798610443182013e-4
-5.424656795419158e-4
-6.230631991482577e-4
-7.145441994837618e-4
-8.079405097648421e-4
-9.164871201871793e-4
-0.0010333585012696149
-0.0011819241170720738
-0.0013359550569130637
-0.00150780717696599
-0.0016940959283089413
-0.0018893659596158604
-0.002105566630984035
-0.0023697632854148515
-0.002631775817456529
-0.002910701837071368
-0.003217747816899763
-0.003577065036087784
-0.003934947131236492
-0.0043082270368465635
-0.004707198127309149
-0.00514762846519316
-0.005600372519845867
-0.006070335181777771
-0.006540914412625272
-0.0070741964974891935
-0.007557079991126036
-0.008088899201800236
-0.008604149230911743
-0.009198982634497997
-0.009824839383305856
-0.010322494906254209
-0.010975400768535995
-0.01153547138513427
-0.01211873014818151
-0.012835054629630287
-0.013497341269794913
-0.01410134891007539
-0.014565524069070215
-0.015167321295594158
-0.016088885114658138
-0.016794502300921728
-0.01753043170106916
-0.018207650810105596
-0.018871398886575894
-0.01966914332159566
-0.020311213978767693
-0.020854811718891544
-0.021828564024370663
-0.02262488980772593
-0.023315000811313737
-0.02411059909567608
-0.02488500899999537
-0.02597955011462109
-0.026753851172400266
-0.027543710702640885
-0.028460019926535764
-0.029159540701241108
-0.030252400554279794
-0.03140143684448159
-0.032379797958739874
-0.033343459155098926
-0.03440549308209306
-0.0358013576160423
-0.03666253183537051
-0.03718704586192241
-0.038261082875539386
-0.039500904982470345
-0.04141417742538894
-0.04261273254972307
-0.04381492248726959
-0.04476385176919438
-0.04655469486968667
-0.04759532756422785
-0.048889959106947434
-0.04953557150332995
-0.050835611217472064
-0.05276607559467052
-0.05449302365699968
-0.05622254367763514
-0.05743535531552829
-0.0579241447588683
-0.060489300728054016
-0.062067902765373724
-0.06227960834390099
-0.06377732584003959
-0.06594535870072481
-0.06791530735613352
-0.06945731161979099
-0.07052429858685627
-0.0708435282172903
-0.07327700303532887
-0.07574182042234964
-0.0767491503748203
-0.07867878254433255
-0.08034004288919487
-0.0823974712602496
-0.08486495141820447
-0.08571324468832328
-0.08562276764848283
-0.08899546374697617
-0.09222722484251324
-0.09269414662245018
-0.09367876860794694
-0.0956007994453242
-0.09651815319542606
-0.0989767144789116
-0.1014413694024828
-0.10418206193919764
-0.10686378562674878
-0.10820680953025374
-0.10924870207420498
-0.10957795762834657
-0.11186582307371687
-0.11441869363223911
-0.11676852371394414
-0.11873033634505756
-0.12051020267333123
-0.12277533669341956
-0.12337609446301927
-0.12528740116467085
-0.1274511373636975
-0.1292511214235543
-0.12921764454013224
-0.13104561846057503
-0.13390748613430237
-0.13580154939480288
-0.1370764556841761
-0.1372572226446881
-0.13916066125829624
-0.14096976475612144
-0.14222119108554968
-0.14384176685974606
-0.14544983363892786
-0.14540989305646407
-0.14628175916906927
-0.1462405984060246
-0.1468714298807764
-0.1475057195891288
-0.14666604087781815
-0.14604508497173574
-0.14467985772765074
-0.14506656936898057
-0.14406346039584977
-0.14190707038931694
-0.14050529924852398
-0.1380829225815144
-0.13639566172770048
-0.13392498335219638
-0.13035547763039418
-0.12672069809748573
-0.12320569612067668
-0.11883849642685226
-0.1143874415782377
-0.11072875285114818
-0.1064833463458064
-0.10160351978654161
-0.09712961999793682
-0.09242829750450333
-0.08808220808316741
-0.08325181395028636
-0.07849643787786507
-0.07353298492663708
-0.06930199846019043
-0.06498984810640986
-0.06081613022564565
-0.056812023264221634
-0.05309508363167115
-0.04928592976684856
-0.045741383690658007
-0.0426218774937888
-0.03940981695229069
-0.03659171057448568
-0.0336954970235548
-0.031167592259864603
-0.02862298016095645
-0.026420483651089136
-0.02454974731296654
-0.0224395635517186
-0.020741523412791885
-0.018998034141790764
-0.017564964599082092
-0.01620957577961499
-0.014886511016107228
-0.013649407923565822
-0.01261969613024335
-0.011579638142321741
-0.010648815547140242
-0.009722877064528828
-0.00885098453384215
-0.008192232785194393
-0.0074923748799803
-0.006838762184256032
-0.0062622883321476926
-0.005762021063249777
-0.005299518347590612
-0.0048788393484734465
-0.004488273911025374
-0.004088545605217701
-0.003751839225169298
-0.0034391310922320182
-0.003137789305141069
-0.0028619076945300224
-0.002630790130213348
-0.0024172067226511016
-0.0021934011529821597
-0.0020001119375066263
-0.0018518280197197118
-0.0016927624715805704
-0.001542049399298074
-0.00141668527202777
-0.0012938149087656182
-0.0011831494737987766
-0.0010741069504646085
-9.860890368060655e-4
-9.092718296349155e-4
-8.283573271024574e-4
-7.574189131799532e-4
-6.897167532724335e-4
-6.239881107196065e-4
-5.715662232166257e-4
-5.302788208564598e-4
-4.854002313496872e-4
-4.4246684638074894e-4
-4.023995438694124e-4
-3.678945503662824e-4
-3.3576760952831015e-4
-3.0702091955838964e-4
-2.75510468546707e-4
-2.545037454088126e-4
-2.3253826574615914e-4
-2.1223597105082966e-4
-1.9176653704934673e-4
-1.7676530071358707e-4
-1.6100151865054105e-4
-1.4602687836317226e-4
-1.3336521865860528e-4
-1.2137651144944849e-4
-1.1044890004696844e-4
-1.0058051432820923e-4
-9.202452280480838e-5
-8.363106968530412e-5
-7.607889336179802e-5
-6.905687845135938e-5
-6.284639164000038e-5
-5.6833391235458204e-5
-5.168319420847611e-5
-4.6879385505711205e-5
-4.233002443703255e-5
-3.835336552806824e-5
-3.4648505488163775e-5
-3.123011789388084e-5
-2.8064189690531963e-5
