1.245412000461705e-6
1.5918228915639123e-6
1.8935757519742552e-6
1.8359027806618986e-6
2.1049560928091864e-6
2.5635313830463574e-6
2.5321287090452812e-6
2.793227113223611e-6
3.6874692160026508e-6
4.027429844505209e-6
4.221835565314998e-6
5.319020899017151e-6
5.966802192911711e-6
5.94770834012634e-6
7.371511582082145e-6
9.266227262866058e-6
9.731377166024085e-6
1.1148476964295815e-5
1.4198669037898413e-5
1.542833663221468e-5
1.57923123963673e-5
1.8540325986465698e-5
2.1213833264202723e-5
2.2299943849518468e-5
2.5262234381481545e-5
2.9915599814620868e-5
3.393095709166588e-5
3.817650276537003e-5
4.103624055459817e-5
4.226085811171936e-5
4.8958573233406375e-5
6.0210874706221294e-5
6.642181600468763e-5
7.184756879084319e-5
8.378042030866697e-5
9.263990848409885e-5
9.680084236156191e-5
1.0883939701681473e-4
1.22500313899099e-4
1.289821923567373e-4
1.4513289030355673e-4
1.727869333715191e-4
1.8931413016876796e-4
2.0234621256414354e-4
2.31803275262163e-4
2.611747428268078e-4
2.792644446934495e-4
3.009099252398996e-4
3.206130046322963e-4
3.339497342405891e-4
3.6162544178215564e-4
3.9295141445484154e-4
4.080590271413647e-4
4.3742115821901993e-4
4.862776946243275e-4
5.197614532349105e-4
5.67961661841973e-4
6.484656166977794e-4
6.844420628308969e-4
6.961200852569088e-4
7.884250852180947e-4
8.617177361051957e-4
7.760933818128839e-4
6.874017808043918e-4
7.464007417247927e-4
8.351686840547771e-4
9.379506328911543e-4
0.0011668445693492372
0.0013499207862295722
0.0012946024208199394
0.0012072719294812214
0.0012812874894661613
0.0014158650000712
0.001601866783452832
0.001897095179156371
0.002138372431314594
0.0022501692013370544
0.002386432307726869
0.0025391135573843565
0.002629671781754731
0.0028073677717385718
0.0031467481853311116
0.0035517532044211054
0.004069564057740251
0.004645768000805812
0.004947624301248147
0.004987832413035635
0.005208442698186502
0.005765865199043913
0.006535927407915536
0.007508064548497593
0.00853316221594476
0.009370350307545627
0.010248737494936211
0.01154779638658681
0.013031349656970566
0.014156389250134876
0.014917712335646748
0.01589305544721139
0.01750987415065703
0.019525453936265758
0.021456246734356102
0.023193230386271788
0.02477452989392392
0.0263043196928421
0.02837729403424476
0.03128807791076994
0.03416943105628926
0.03632727479286728
0.03785703124883401
0.03823966965799574
0.03752036589706483
0.03808138704525605
0.04098232404361444
0.04365016411858242
0.04513335191347057
0.04759094120985816
0.05052405811927265
0.05209637860527491
0.054594636146738026
0.05885427904019412
0.05991553045340071
0.05749013227131035
0.05901162280468286
0.06538586072984037
0.06918470158125452
0.06987045658789073
0.07378639013816184
0.08047006693219431
0.08436297706265743
0.08508681472206447
0.08560140522671703
0.08761829638551047
0.09253323525899983
0.0989593656810782
0.10230822956777111
0.10266896163491752
0.10457057443339098
0.10708072074973923
0.10626373568285395
0.10495904553098397
0.10739640488708953
0.1104377516544343
0.11067976548265772
0.1111857856517858
0.11428375316809672
0.11743831674125066
0.11906336130419774
0.12002327010720158
0.12021239900205608
0.11950556797160031
0.11923656979662327
0.12013977249164337
0.1219237574848623
0.12415007731953344
0.12530110700864455
0.12393602549938386
0.121450757649721
0.1202115753536544
0.12019838516258481
0.12011891985650083
0.11904685672846643
0.11610769651166665
0.11197896476269907
0.10942405904994565
0.10930073583314875
0.10904180555196372
0.10676021956912962
0.10304950742989237
0.09901274763369142
0.095982783611816
0.09492488000725838
0.09411835155066328
0.09122278954465424
0.08741734688900704
0.08490935459587018
0.08274238903734467
0.07943346537629235
0.07592752676034853
0.0729553724071483
0.06979403549641697
0.06646260898485054
0.06312489024566796
0.058655521335320544
0.052936603427375516
0.04796634024229308
0.04497472544887072
0.04321239901798488
0.041630107060938615
0.0395359872382052
0.03667968288604913
0.03371634944540409
0.031184868587569334
0.028571608566489045
0.025671523241613196
0.023253316537311622
0.021610562479226065
0.020213040688056533
0.018654068544917923
0.016744285873732327
0.014647464194592065
0.013181441728448616
0.01265401694966985
0.012222166872304218
0.011537425713233095
0.01128398435193116
0.011468365856804953
0.011313913963470291
0.01081395951314414
0.010491475230280179
0.010329302003668836
0.010219206478237316
0.01031923697015591
0.01042520963927986
0.010213148918402044
0.009964799156770622
0.010044897859194516
0.010246996105561347
0.010285255285564796
0.01018758096642521
0.00998156738482645
0.009677235972017473
0.00947396013574374
0.00948928614574171
0.009539290753804129
0.009459530732669964
0.009306460879724861
0.009111437294266854
0.00878413540493997
0.008350403636802348
0.007984710953529869
0.007729062488596148
0.007437669542063434
0.007050802578068289
0.006669069334447601
0.006336271337231846
0.006000694705663027
0.005670872615050522
0.005387549301725851
0.005110443486390443
0.004796979296667871
0.0044872285199259315
0.004218049210864416
0.0039671074040990625
0.003712472874340366
0.0034617011722494683
0.0032318904579389297
0.0030351178405314296
0.0028557035809501307
0.0026560694953149506
0.0024308496761796003
0.0022162451423166523
0.0020367554091343105
0.0018841636358635611
0.0017439503682367854
0.0016126022487137365
0.0014923817193252511
0.0013790132852773255
0.0012630456644843024
0.0011483200329770406
0.0010488115287976003
9.637369649855406e-4
8.833548782876356e-4
8.089234444123948e-4
7.402197738353036e-4
6.684171309137413e-4
5.966745474434752e-4
5.361981408835769e-4
4.849603163212336e-4
4.377022398654465e-4
3.9706807732952867e-4
3.6008232696012663e-4
3.207804311661466e-4
2.842708664986282e-4
2.550498096873576e-4
2.2769660483611855e-4
2.0106211653141595e-4
1.7955458087711486e-4
1.614154051531324e-4
1.4365626473960294e-4
1.278421122730392e-4
1.1352204547367684e-4
9.962576808032758e-5
8.855836755711371e-5
7.946878036450661e-5
6.887438003149113e-5
5.899473215308629e-5
5.24593380974347e-5
4.603534957378009e-5
3.8642294723642295e-5
3.3435791531004e-5
2.974746992829109e-5
2.512750228857965e-5
2.1094725090948023e-5
1.86287037342813e-5
1.5888496519963912e-5
1.3010429063189152e-5
1.1258822997224462e-5
9.716964135667838e-6
7.906115302386054e-6
