-1.1641496367731345e-6
-1.2619082208842123e-6
-1.4329183613236662e-6
-1.417658453240042e-6
-1.4794888608997108e-6
-1.8191896377569617e-6
-2.011046115404599e-6
-2.0672370104264236e-6
-2.4199254135543107e-6
-2.750400710315321e-6
-2.818652188775405e-6
-3.209399377978923e-6
-3.902416750596517e-6
-4.413433431521587e-6
-5.0685293500842304e-6
-5.834900698596802e-6
-6.185113505640826e-6
-6.7792801355073e-6
-7.799091037070177e-6
-8.145617404529034e-6
-8.885715106550104e-6
-1.139593105218689e-5
-1.3185552183594388e-5
-1.3581273161962838e-5
-1.630170956103317e-5
-2.0042947520368504e-5
-2.0489293851124324e-5
-2.19071377430776e-5
-2.8699203368240482e-5
-3.48871251331967e-5
-3.8249326615596066e-5
-4.496096807651095e-5
-5.261972253821896e-5
-5.549967087706665e-5
-6.051566841681627e-5
-7.240261039656632e-5
-8.380954107227598e-5
-9.498826090927709e-5
-1.1297991981472469e-4
-1.3320053581278852e-4
-1.507669791737708e-4
-1.7073778028300028e-4
-1.9086569588098952e-4
-2.044323877787995e-4
-2.1969920889369315e-4
-2.493443594803587e-4
-2.931516366780238e-4
-3.431082065384564e-4
-3.9455659423899607e-4
-4.53943746130987e-4
-5.245748665913432e-4
-5.885369076685133e-4
-6.497111306666337e-4
-7.477105518905557e-4
-8.527150303214663e-4
-8.855488534163849e-4
-9.172172337965502e-4
-0.0010837770082006816
-0.0012893872022183607
-0.0013812579248298296
-0.0014927560798132782
-0.0017498872607538364
-0.00196645128100989
-0.002071122785144324
-0.0022850320721540802
-0.0025785802096044263
-0.0026835138666057782
-0.00271495832260518
-0.003018841664263326
-0.003579957103463007
-0.004135771353133011
-0.004475313290756088
-0.004497661207548536
-0.004484503639242753
-0.004898313514129064
-0.005529606093419072
-0.005828024708994329
-0.006074429665292442
-0.006785583912496674
-0.007517013280112188
-0.007857051285083311
-0.008394694698422174
-0.009291968110864158
-0.0097398404082137
-0.009779083261642374
-0.010412814006259543
-0.011606101956116764
-0.012484323616790985
-0.013103950833185279
-0.013939598409146601
-0.01462096696746445
-0.014844005654858196
-0.015219096345732267
-0.016109682280756064
-0.017017486271873213
-0.017684985544643
-0.018452927668834853
-0.0192933568507006
-0.019783634794778692
-0.020154915305788668
-0.021045072666859153
-0.022119518611986074
-0.022524100268851772
-0.022768398829036824
-0.02402731031863478
-0.025579844787960854
-0.025694604227512352
-0.024876835142901663
-0.025165879413775974
-0.026926616252915286
-0.02929556702246236
-0.03208953422872669
-0.034661311432386134
-0.03559033042657677
-0.03541501384608765
-0.03633722285442741
-0.03859420154830544
-0.04065787726982111
-0.042034205768426265
-0.04268472878712888
-0.04236284024289588
-0.04272311220566624
-0.04581533879544157
-0.049658328755466025
-0.05071199235948496
-0.05004346097764951
-0.05115381898687214
-0.05368646765591313
-0.05491310798125873
-0.05486848755198699
-0.05560528575693535
-0.05771730713967911
-0.059905608138769335
-0.060433524495056685
-0.059105391000007196
-0.05826319779409685
-0.059961897569133865
-0.06311632127234364
-0.0658183445945456
-0.06768684962223635
-0.0682400804005419
-0.06758890648061075
-0.0687827276096128
-0.07355182591939023
-0.07803677500197387
-0.0789541527188582
-0.07896227706113827
-0.08033118486642254
-0.08085843579062511
-0.08041310152283469
-0.08239560515652868
-0.08603391009631645
-0.0866192134342607
-0.08408843503462786
-0.08280260381288336
-0.08394701352427161
-0.08531435535435243
-0.0863225591672058
-0.08775852049557974
-0.08908013268797248
-0.08963456484691523
-0.09041984401553735
-0.09265149022087063
-0.09599766024186095
-0.09884468612186771
-0.09957202941045537
-0.09799476398586353
-0.095969611481751
-0.09563353370187089
-0.09682913234643935
-0.09754071835394551
-0.09700636884543769
-0.09676393580206591
-0.0981524241234242
-0.10032232061220622
-0.1015100745610901
-0.1013076361714238
-0.10089230224634496
-0.10132674262751111
-0.10233409994262468
-0.10311378445631716
-0.10362937261612809
-0.10412136566921813
-0.10426062636632598
-0.10409020196991436
-0.10454686830307344
-0.10569816961163049
-0.10598199001374833
-0.1042440014767615
-0.10115054085841343
-0.0983414820678788
-0.09714356009611019
-0.09737757750799671
-0.09709730546806275
-0.09491227477957
-0.09196518200969596
-0.0899145663471
-0.08854431654088475
-0.08701358035276446
-0.08536949561293555
-0.08368249891715801
-0.0816438217844137
-0.07921717052332143
-0.076342400740215
-0.07284976169655757
-0.06927166772309805
-0.06626850974098089
-0.06345188234615705
-0.06027616947220505
-0.05712291430514135
-0.05431761721434282
-0.051469978529660135
-0.04848693981987564
-0.04586841261218434
-0.04376098183865725
-0.041712898776496796
-0.039337050930954916
-0.03670682410732668
-0.03410990461466124
-0.031608462422237533
-0.029172754652079462
-0.027114588526891244
-0.025567520029249852
-0.023858278497232207
-0.021577356888559596
-0.019529314448579634
-0.01832943616899043
-0.017314716434455677
-0.015966384435433745
-0.014752993750171169
-0.013846191478966968
-0.012803411207428436
-0.011708074391490743
-0.010965964341195135
-0.010319124037392756
-0.009387551211175574
-0.00847061470103518
-0.00789767206042117
-0.007427232863328342
-0.006806240283144354
-0.006173343676282676
-0.005692305362216366
-0.0053134063029532975
-0.004940486070332313
-0.004553832246501784
-0.004178487824863537
-0.003823866413921943
-0.0034750584728304446
-0.0031531872793134196
-0.002908228233346337
-0.0027181197718181877
-0.0025055972146672384
-0.0022633253189563475
-0.0020486822899651704
-0.001878691172436871
-0.0017224909397052929
-0.0015662086794760814
-0.001426899192650761
-0.0013152682591260703
-0.0012133156856235473
-0.0011025110431022312
-9.945828611258474e-4
-9.025371272177848e-4
-8.141943772669744e-4
-7.299445184246096e-4
-6.725341166148918e-4
-6.357325975156771e-4
-5.885103845244762e-4
-5.298374758357834e-4
-4.7933485568639375e-4
-4.3818105360460963e-4
-4.0043985538316485e-4
-3.671978674741244e-4
-3.3543478516067347e-4
-3.040184026301386e-4
-2.7897045156488284e-4
-2.572435992449881e-4
-2.3128897423313122e-4
-2.0627150212315214e-4
-1.8750482177676487e-4
-1.693903062813239e-4
-1.505605706226033e-4
-1.3561127644017696e-4
-1.2281437079464348e-4
-1.0987295834357876e-4
-9.958266240614473e-5
-9.115393115396218e-5
-8.183631371951233e-5
-7.390389602909126e-5
-6.820317484474549e-5
-6.177649813305241e-5
-5.531964501512093e-5
-5.075768100177123e-5
-4.62079255926238e-5
-4.11642714442108e-5
-3.742228018759517e-5
-3.404897667494137e-5
-3.010733330485273e-5
-2.713243434594528e-5
-2.4727795705980688e-5
