1.1596428742699348e-6
1.487478666455583e-6
1.9646057646798404e-6
1.755640624161177e-6
1.9100686828735347e-6
2.661224004532033e-6
2.66881826722692e-6
2.6996602759979333e-6
3.787053343702823e-6
4.246323537843938e-6
4.046911827572342e-6
5.154564526878239e-6
6.186833982306403e-6
5.934142145543704e-6
7.014552456163851e-6
9.050222739623934e-6
9.371969516185827e-6
1.0373265682388538e-5
1.320208541244533e-5
1.4096129710783003e-5
1.4926297688375775e-5
1.937052333878409e-5
2.2279156904984056e-5
2.211953711510925e-5
2.6111759309627314e-5
3.215729328414089e-5
3.349602681436936e-5
3.555380221999668e-5
4.158996554855713e-5
4.588045521337605e-5
5.234806232574153e-5
6.454849765752433e-5
7.151983502085737e-5
7.443187541491602e-5
8.725791187561535e-5
1.0219955513446412e-4
1.0733700264311567e-4
1.1538273286255135e-4
1.318666170274592e-4
1.4532321078018434e-4
1.5963088670146097e-4
1.7886913561290641e-4
1.9212890388306701e-4
2.0772228059137297e-4
2.383712133385412e-4
2.650378338169166e-4
2.8155358674373886e-4
3.116507830878623e-4
3.4922549856543394e-4
3.710355457990278e-4
3.862871651236366e-4
4.075196208645753e-4
4.4130058780379435e-4
5.01464333236865e-4
5.599158160095614e-4
5.833759173636348e-4
6.245815714423951e-4
7.105405898948792e-4
7.600576213978872e-4
7.743490241254076e-4
8.500206210824496e-4
9.372808896750203e-4
9.32521980588946e-4
9.113578213083608e-4
9.471049284545543e-4
9.739522107532344e-4
0.0010113562169376871
0.001143325797654662
0.0012892923411267883
0.0013258158886475628
0.0012561088519701638
0.001142239696497188
0.0011005204218802304
0.0012012281339659676
0.0012752394634319563
0.0012043545612175645
0.0012035504500354543
0.0013728725970281609
0.0014937882652222862
0.0015482800998261057
0.0017169064445515748
0.001891820368575509
0.001869336790480452
0.0017451958637156892
0.001766576809379551
0.0020761360443352296
0.0024986118614355383
0.0026631994616534093
0.0027736756747439393
0.003482148046822162
0.004563538085988501
0.005188326207798205
0.005459729001068289
0.005884261834670814
0.0062539039431406904
0.006565529875265713
0.007308709873702515
0.0083642511692042
0.009579813354192411
0.011319667717604067
0.01306391023773719
0.013984520980711904
0.014830745740815566
0.01635819606793509
0.018091371089071766
0.020437054092470996
0.023731429845407926
0.02574160141147064
0.025399992298579283
0.02551171547003526
0.027420078808004476
0.02922202736058673
0.030830036017057565
0.03324278255449903
0.0350491325726565
0.03617855567907633
0.03907459723665432
0.04283790791149238
0.04458762999044776
0.04560470618535514
0.04808064332294733
0.0509183291255813
0.05367182270699096
0.05702474842410194
0.05930290435532287
0.059961302528602455
0.061767501673232424
0.0649986856002208
0.06727025715689744
0.06914235398758672
0.07216867301833473
0.07562705129938649
0.07938017501694601
0.0832578396070674
0.08525178914199225
0.08681582368136062
0.0923558137001475
0.09990469542000897
0.10351528944641698
0.10352495092095806
0.10340907532919676
0.1035705297925959
0.10585198638174548
0.11263622305164585
0.11921751743114138
0.12005870918412966
0.11888402130179651
0.12097572913062248
0.12394045837435165
0.12470341594653704
0.12542826487016973
0.12759081520143395
0.1292017328315689
0.1295468183702791
0.13045327634841294
0.1328806363888468
0.13535081380364009
0.13571744030600041
0.13382510738438386
0.13176727558259546
0.13124073446210877
0.13180908864210472
0.1317241567370886
0.12969363086466099
0.12662391119174932
0.1246701403658841
0.12330674474954574
0.11997305924053286
0.11596529475166337
0.11560992611945298
0.11849831730850463
0.11957649368007893
0.11716961100085475
0.11419533170049634
0.11202008820152594
0.10893001055553866
0.1042310730939296
0.0994162570768523
0.09519219506719508
0.09094759440468693
0.08750972056059117
0.08625861013869544
0.08520614274647635
0.08137933088722725
0.07632211032196447
0.07271568207181363
0.0688845115309809
0.06373627270476159
0.06061762383120326
0.05986211772784514
0.05677233294274925
0.051116023803994375
0.04778470610220741
0.047156498906854145
0.045517136345185685
0.04274297699642086
0.0407692420717152
0.03887452008398019
0.03607641032752987
0.033194840770802626
0.030600404907852628
0.028157806230323882
0.02641370176186925
0.025232692127681183
0.023643089009239594
0.021643839430365613
0.01981040995776977
0.01815430654471187
0.01683340336079944
0.01622397258776886
0.01595637164553881
0.015357080567863932
0.014325441877224912
0.013185185125995215
0.012428589699289262
0.012271146438019971
0.01213153236478766
0.011472912192447782
0.010695998477449925
0.010197536099272719
0.009701256941699354
0.009156990873151274
0.00889704855242433
0.00886917488064999
0.00883832129281784
0.008788340607730875
0.008581819899672978
0.008077272605708376
0.0075151442551373215
0.0070712813483932695
0.006589436355408232
0.00609069352300287
0.005778209807863301
0.005598546699365223
0.005425491260121667
0.005308957387909773
0.005225359419799666
0.005059889023337149
0.004854786437165184
0.004699812556022608
0.0045460144723085795
0.004312020847516141
0.003991267593435989
0.0036473029305929758
0.0033773293109510766
0.0032034253156529914
0.003060487176631254
0.0029277314499897887
0.0028104900161628095
0.0026512120033308946
0.0024305269766922957
0.00222133459148029
0.0020582748436565445
0.0019144628992580786
0.0017770488101399456
0.0016310534516765915
0.0014743162390235853
0.0013548987969406053
0.0012741918699076518
0.0011614844934658298
0.001017460140596637
9.081503533878007e-4
8.289590183977436e-4
7.477025119567611e-4
6.876390874757419e-4
6.522984422740469e-4
6.033242391606545e-4
5.422845593584511e-4
4.912872362552983e-4
4.4163455716938056e-4
3.952069883008416e-4
3.680799422207029e-4
3.4376409343537314e-4
3.0530989508649665e-4
2.6957733365055376e-4
2.4389475997735173e-4
2.1664776746571976e-4
1.918890863775052e-4
1.7501638021585582e-4
1.5666288043795246e-4
1.3780412731853231e-4
1.2607919281491873e-4
1.1420860304127977e-4
9.749955103926551e-5
8.399383442548294e-5
7.427077438679658e-5
6.404693669564767e-5
5.7044091199200994e-5
5.3182215568459527e-5
4.6641207846315764e-5
3.972184576043991e-5
3.591401708327012e-5
3.120116092884376e-5
2.5439024122155785e-5
2.2756078735850908e-5
2.0653879049174066e-5
1.6442055643256505e-5
1.3784337414240449e-5
1.3225593151210267e-5
1.127935915157386e-5
