-1.1771035677824524e-6
-1.375435539345897e-6
-1.4622109165910475e-6
-1.5098420438958397e-6
-1.7272919184029243e-6
-1.948062362537003e-6
-2.0892464842078575e-6
-2.37178214565099e-6
-2.690029192791856e-6
-2.8561556266677487e-6
-3.1284784601205014e-6
-3.5743142046271852e-6
-3.987760567889498e-6
-4.592864577455451e-6
-5.450917207421137e-6
-6.124883785645854e-6
-6.777695800921697e-6
-7.761593702655012e-6
-8.69622929899784e-6
-9.786337055892564e-6
-1.160381568398929e-5
-1.3129772344006391e-5
-1.3921339041936281e-5
-1.593162343714855e-5
-1.9178967816370338e-5
-2.1131734025136742e-5
-2.2643626220608914e-5
-2.6791951959150717e-5
-3.2848336243213605e-5
-3.856561171494652e-5
-4.3722731275269125e-5
-4.81203458688134e-5
-5.2894716370534425e-5
-6.074193774707281e-5
-6.95797038498711e-5
-7.585639029246243e-5
-8.396901672366178e-5
-9.878631619230804e-5
-1.162208138740434e-4
-1.3210330410449536e-4
-1.479730525135515e-4
-1.6708107513154126e-4
-1.944690268129195e-4
-2.2767410284587242e-4
-2.521158235512467e-4
-2.7140821146584587e-4
-3.112846072523996e-4
-3.6712341549006706e-4
-4.1130400567057727e-4
-4.593815914184592e-4
-5.350533965577316e-4
-6.023028747389064e-4
-6.392598377584502e-4
-6.96258364545316e-4
-7.932908235256511e-4
-8.899219952012154e-4
-9.892086687740406e-4
-0.001119995089595652
-0.0012620819749850582
-0.0014097898884071346
-0.0015824388740318454
-0.0017485077311795011
-0.001927693868692181
-0.0022360630495420184
-0.002617328926552881
-0.0028235699207592386
-0.002839349116301851
-0.002932769971726681
-0.0032444830982859283
-0.0037403311311164215
-0.004411158998373373
-0.005148387822405231
-0.005733739912019743
-0.006174359648510447
-0.006685322410086458
-0.007341874603594881
-0.00804915536029083
-0.00868861353872116
-0.009215235204513754
-0.009786933774694865
-0.010524482330523248
-0.011190406405779552
-0.011769842195050836
-0.012832050811839631
-0.014344032294616893
-0.015354023993400297
-0.015879177201296987
-0.017058568018499583
-0.01864738706412005
-0.01919223611953881
-0.019033732284171528
-0.019880977430502145
-0.021709285357452764
-0.023246508009421615
-0.024482553107141366
-0.026014224170586058
-0.027437350466599647
-0.028207068564793304
-0.02858096796295397
-0.029042088820669543
-0.02984770846312793
-0.030861823925595763
-0.03166987305493141
-0.03246540448443263
-0.033589144991039474
-0.033935295712405264
-0.032668452032339146
-0.0319602824958102
-0.03401717330323325
-0.037257784152585634
-0.03971592706023112
-0.0425244110177186
-0.046012504040865765
-0.04762537771585404
-0.04689264818783651
-0.04666429243297861
-0.04811245314548181
-0.05021665057115764
-0.0532173846620937
-0.057208767297692954
-0.05985809535635953
-0.05984269155205258
-0.059218562130050466
-0.059695930933578084
-0.06036895326875591
-0.060655042608367675
-0.06181017416405862
-0.06443610340901224
-0.06734111599180703
-0.06970085057287621
-0.07202451904743497
-0.07422971776557098
-0.07533172812237868
-0.07581146319122277
-0.07679144050985344
-0.07659936427375245
-0.07340658834598822
-0.07062859280136176
-0.07262773875315026
-0.077000844620176
-0.07891362574356883
-0.07886426263394818
-0.0787306623184485
-0.07707206956271898
-0.0744842887479615
-0.07474087954652754
-0.0771955267171757
-0.07778959846919489
-0.07725686070705272
-0.0785799667019384
-0.080035962618159
-0.07920627911181846
-0.07794781948775012
-0.07772093407642826
-0.07705416918170009
-0.07612134489877623
-0.07696799478715101
-0.0793990487000947
-0.08178585166621724
-0.08360321997283705
-0.08428211140557378
-0.08325094759449161
-0.0823198258133805
-0.08419537117009222
-0.0883005045540185
-0.09120322903926324
-0.09134764510621386
-0.09063645267234903
-0.09046437087637113
-0.0894038664964821
-0.08723596907294306
-0.08693750776403475
-0.08884981321752826
-0.08873183653960527
-0.08558516880084426
-0.08363925750594885
-0.08391835531717359
-0.08347061982803997
-0.08308451047740602
-0.08510806130603496
-0.08667252742962335
-0.08516708801465174
-0.08393604274312498
-0.08464646927251494
-0.0836621352344661
-0.0808436707322499
-0.08049586798698549
-0.082184790181499
-0.08196275318881091
-0.08057990417217241
-0.08069014018600824
-0.08070909916737277
-0.07860020546132991
-0.075785697244276
-0.07361834792838035
-0.07187366163955825
-0.0709745793636989
-0.07082408641942105
-0.06979131088608065
-0.06789099514289566
-0.06692911699956802
-0.06649954125273891
-0.06463552351062879
-0.06186431344250556
-0.06007194192401255
-0.05892622159514967
-0.05705908156122466
-0.05468795615158655
-0.05245798790344756
-0.04988727147749046
-0.04679147792003117
-0.04428415292646313
-0.04295028254712714
-0.041625761968414804
-0.03926433496472895
-0.03664395043377747
-0.034833140258275296
-0.03329347625666864
-0.03113469798947355
-0.028929799700385613
-0.02756275483084553
-0.026567229106112047
-0.02507637925704989
-0.023143167896125822
-0.021186364141414542
-0.01940211910503812
-0.01807230659043538
-0.017306023100553517
-0.01662156401125761
-0.01560969760919105
-0.014473885294428694
-0.0134782405592915
-0.012589227020476487
-0.011756712319592525
-0.010912464103383557
-0.00990724786911139
-0.008829655422306126
-0.007952050439212283
-0.007271214711189955
-0.006601378549372064
-0.005961682255370512
-0.005445541967393908
-0.005006901639432015
-0.0046199175984602565
-0.004313241188904616
-0.004011422191132952
-0.003635729927221392
-0.003248900161825221
-0.0029249558341739763
-0.002661700760348437
-0.002458457969308827
-0.002296228320373734
-0.0021099818075865783
-0.0018941881158734246
-0.0017056437770045715
-0.0015452900542385836
-0.0013827881761540647
-0.0012398170254936077
-0.001136414347611794
-0.0010482734959802158
-9.645772009891481e-4
-8.925547104110806e-4
-8.194139016036349e-4
-7.394789419924648e-4
-6.68514528488314e-4
-6.065582549211021e-4
-5.45622977686128e-4
-4.951452886879617e-4
-4.555554834968121e-4
-4.1206644980864974e-4
-3.6823225220901986e-4
-3.340256586594946e-4
-2.997536184857482e-4
-2.6284974404710713e-4
-2.3893031604126772e-4
-2.2603173906677107e-4
-2.0654635750945303e-4
-1.8195928568634552e-4
-1.634717064640642e-4
-1.479705445157701e-4
-1.3088582009342586e-4
-1.1646670869587707e-4
-1.0504998524448017e-4
-9.359871444203951e-5
-8.440862909752877e-5
-7.81728446239223e-5
-7.086239566698294e-5
-6.260790441373271e-5
-5.629887494884872e-5
-5.070474565335749e-5
-4.469286274650817e-5
-4.0331742158266914e-5
-3.754499464924299e-5
-3.409241874350841e-5
-3.0245570602175013e-5
-2.732391054091338e-5
-2.4904303685653563e-5
-2.2440969815722462e-5
-2.0131867164668727e-5
-1.7987998991007233e-5
