1.4058399070665118e-6
1.5854495440760606e-6
1.7020201963429403e-6
1.91776206542314e-6
2.1659467442819777e-6
2.3979036767535495e-6
2.7941249518423942e-6
3.186320615106932e-6
3.3471103998689684e-6
3.6773122937704357e-6
4.28358609178288e-6
4.65437188557734e-6
5.111934587974841e-6
6.246133158871988e-6
7.3605450466862265e-6
8.208128373329895e-6
9.815930031527131e-6
1.1595086493076563e-5
1.2092304345698959e-5
1.2667836624937147e-5
1.4972409055124844e-5
1.7470453596157024e-5
1.9190487843230216e-5
2.1711296041764615e-5
2.5232391649519607e-5
2.8767382401954687e-5
3.287680917074084e-5
3.781586088980435e-5
4.319065743026828e-5
4.957241359133987e-5
5.591276745668316e-5
6.057786599058797e-5
6.629953918710382e-5
7.55390446437055e-5
8.597890514636504e-5
9.755850467381029e-5
1.1162593976128083e-4
1.2364157910337245e-4
1.3256067920032683e-4
1.447862761712553e-4
1.5783030301445679e-4
1.6591719850503903e-4
1.795511750187924e-4
2.0731506615666767e-4
2.3857006877093883e-4
2.678103548025708e-4
2.9909475906280807e-4
3.264484325155699e-4
3.4953785457618973e-4
3.754883846357023e-4
3.905596607401985e-4
3.961997892676223e-4
4.3244705457783246e-4
4.8498657316339876e-4
4.890615129021756e-4
4.857615257409724e-4
5.682188688427476e-4
6.721904163638642e-4
6.90397102889178e-4
7.033681399785837e-4
8.077485112238016e-4
9.013921234013656e-4
8.832445796396926e-4
8.226784657909587e-4
8.011548777388123e-4
8.311854017069143e-4
9.105271812232408e-4
9.818242247516965e-4
9.964997300493156e-4
0.0010488921364546103
0.0012002115795184593
0.0013126484939052668
0.0013118289834416741
0.0013203153547962697
0.001362990147643426
0.001338018539509374
0.0013273592982401604
0.0015133722262196414
0.0018364566929811243
0.002097570244949725
0.0022985818719194525
0.002591033661067255
0.0029716001452712486
0.003301773135601273
0.0036148280001074913
0.0040582440372762905
0.004507770143340785
0.004752839107019279
0.005023955423357356
0.00562918536802763
0.00634721214103147
0.007007082742322452
0.007964514166639288
0.00917326061901474
0.009941004027241133
0.010255979981637102
0.010922422611564127
0.012105481450098722
0.013133238826356383
0.01361113536112634
0.013867495538567885
0.014741486260194338
0.016835479745942145
0.019410452376766568
0.021188719595544598
0.022535251935088926
0.02473730883682936
0.02745204900977375
0.029462992413238773
0.03093635513984748
0.032602928043018294
0.03435117965663522
0.03603737359720119
0.03786328896107884
0.03988852756511619
0.04250578848591536
0.04594144025819552
0.04885401474813582
0.0499927695628864
0.050659122717323805
0.052869258389450814
0.056750704381838636
0.06153057140470751
0.06637281317156135
0.06958379633930731
0.07009833858689364
0.0695002000297337
0.07032574574848349
0.07366981401562606
0.07934545509537716
0.08604518923750812
0.09122861067127294
0.09335733137528474
0.0939620823615093
0.095593108070322
0.09854973390095945
0.10152175648510625
0.10451706871528495
0.10835001759436304
0.1115016655290813
0.11149430813331276
0.11002624996823664
0.11184691321450363
0.11743792183316437
0.12200284598268749
0.12270168575627564
0.12214267873658845
0.12367316306292538
0.12623654748671598
0.12570735074492778
0.12162036086363766
0.11951323035150069
0.12243573175173611
0.1248360056724517
0.12175519095686461
0.1170310969483771
0.11482931406287701
0.11304881882084032
0.11138421456429488
0.11338764829735433
0.11692654309552816
0.11575272718293418
0.11056373884676281
0.10714221823462071
0.10715300871233781
0.10858450473799734
0.10952422639614721
0.10832195125491349
0.10539976622797781
0.10307336415688549
0.10086165821630841
0.09709871641035218
0.09429225645629147
0.09475797014128799
0.09547095096256282
0.09432649549240925
0.09360867393035056
0.09296047688396737
0.08886661702094305
0.08243790233945408
0.07817990735793677
0.07636193057872094
0.07385160929434878
0.06960612560456074
0.06498569744918915
0.061274661755452
0.05843954619800794
0.05542620718732817
0.05211453688245975
0.04957832625038376
0.047291039647069
0.043468880759602355
0.03881665756829748
0.03561496770064697
0.0336961080206569
0.031364644057980125
0.028519879467551704
0.026090141618656318
0.024545033211046684
0.023801453355332264
0.022921904435254183
0.020998534850508076
0.018889293566820252
0.01780308462661809
0.017128866576762054
0.01620453132778555
0.01585785805976802
0.016146395110840775
0.01572785344475353
0.014484396328187111
0.013581979197038074
0.01311710838201155
0.012427931325969241
0.011731210408917996
0.011520893967160281
0.011555431829736628
0.011421445009038252
0.01110354612051655
0.010770777426253828
0.010562906629074824
0.010454692561413605
0.010262486052883334
0.009952354259483565
0.00965800291598214
0.009379632469257639
0.009053560222095835
0.0087358909368079
0.008441849402984146
0.008114543737360319
0.00780176383622906
0.007538583112593343
0.007213366197865853
0.0067868600176547176
0.006386317580869219
0.006091164690378387
0.00586377294891765
0.005646333070300258
0.005381063508138136
0.005052536359769061
0.004737649261000637
0.004499198200208952
0.0043020191817685575
0.0041020799438726135
0.0038944712374367023
0.003657853195632372
0.0033761707214403722
0.0030964287046867604
0.0028708971271828626
0.002676869980973477
0.00246350569025642
0.0022454578463410725
0.0020780713376157543
0.0019551704535498444
0.0018174738929954155
0.0016577283447449596
0.0015201854577841815
0.001409843584250513
0.0013001638282541647
0.0011947797540420334
0.0011018694191746957
0.0010055427890405175
9.068845696682263e-4
8.24720197294129e-4
7.534580823688385e-4
6.81250492980371e-4
6.171800667201921e-4
5.628474228001573e-4
5.071877517120754e-4
4.5564582569980044e-4
4.165398114574784e-4
3.8003140968414617e-4
3.414090346133062e-4
3.087659463569027e-4
2.8026790187160876e-4
2.4978918233876306e-4
2.220787851315271e-4
1.990649545278239e-4
1.754088912374126e-4
1.5347245893394825e-4
1.3795681002808845e-4
1.244712943116274e-4
1.0985028278441959e-4
9.724596349849919e-5
8.620011776230217e-5
7.435220011248598e-5
6.413943087582112e-5
5.684091975886665e-5
4.97992369270405e-5
4.2776336280282976e-5
3.726323125743921e-5
3.2384290011150654e-5
2.767460577294356e-5
2.41870645107751e-5
2.1375255503090976e-5
1.8255537386051593e-5
1.5547710544300137e-5
1.3604376845928166e-5
1.1728679370419916e-5
9.941767627637548e-6
8.533876436883296e-6
