-1.189740901907573e-6
-1.189042275059948e-6
-1.2480797850487285e-6
-1.467630781349257e-6
-1.5499656018020856e-6
-1.619615691901108e-6
-1.898394306210668e-6
-2.040564152261568e-6
-2.0914762347961087e-6
-2.5472662911751808e-6
-3.074897294217888e-6
-3.348352762765904e-6
-3.990252806832288e-6
-4.859401471717631e-6
-5.1528183315911466e-6
-5.493156352819664e-6
-6.407989200111387e-6
-6.929739905419889e-6
-7.500060917985518e-6
-9.541047912898518e-6
-1.1689705289779075e-5
-1.2546096603146448e-5
-1.4149394065092787e-5
-1.7301483938302926e-5
-1.972915026294484e-5
-2.1537323260808852e-5
-2.4735663890402962e-5
-2.8632992368009737e-5
-3.1952360202942135e-5
-3.507615699464388e-5
-3.850120175699079e-5
-4.3981009051351693e-5
-5.2826067088409825e-5
-6.13561636707134e-5
-6.697163229212769e-5
-7.397901120987041e-5
-8.425458284435584e-5
-9.418760847179076e-5
-1.0484478726498126e-4
-1.1982632138508086e-4
-1.393779475652276e-4
-1.66750547134442e-4
-2.000477082812471e-4
-2.2147409540928544e-4
-2.282148131158136e-4
-2.5088277909223437e-4
-3.010807473066748e-4
-3.4594705409800964e-4
-3.752663297688998e-4
-4.2805302347126905e-4
-5.136918123023944e-4
-5.876343667110022e-4
-6.435566664915361e-4
-7.31371470351341e-4
-8.391192931879059e-4
-8.882950017194055e-4
-9.094695865556967e-4
-0.0010342129960413896
-0.001231485400287014
-0.001329167749692305
-0.001376279341828387
-0.0015926909333045369
-0.0019262188398227564
-0.0021596181186497583
-0.002374650183483434
-0.0027428872463727905
-0.003118520221037117
-0.0033773611694929684
-0.0036796701145486916
-0.0040207933517040885
-0.004205894278992701
-0.0043679923537243
-0.004751030725504872
-0.005263605788694496
-0.005869741471442574
-0.006684169539933538
-0.007382183985485385
-0.007628362353944372
-0.007911317153545643
-0.00869287529324312
-0.00949065214736219
-0.009947624228430351
-0.010526300416791562
-0.011381177795546054
-0.012117393230650234
-0.012812775464872337
-0.013706405543627204
-0.014419565096444866
-0.014787510443227922
-0.015377785360929857
-0.016363271562210503
-0.017219756878589964
-0.017850247405458926
-0.018790287242503735
-0.020314916655328728
-0.02199230674345654
-0.022971980339506336
-0.022967411920841646
-0.02319771530568924
-0.025176689502945843
-0.028117605050713264
-0.029380720860683076
-0.028373615329667975
-0.02784976106339635
-0.02972088205229554
-0.03186106006981377
-0.03182489599912034
-0.031385319401509244
-0.03327925562416407
-0.03601925929669507
-0.037061093489293734
-0.03782205838105362
-0.040077898274510027
-0.041908080153468495
-0.04203751826130973
-0.04231558963635766
-0.04308909216866129
-0.04324132689684131
-0.044571194907815415
-0.04840602522216571
-0.051345635549801955
-0.051148539632617965
-0.050439371084427566
-0.050521135681942296
-0.05020045734331893
-0.051173813815694476
-0.05510468891906704
-0.05849640543285018
-0.05842686139369832
-0.057215466777177044
-0.056849009531347305
-0.05677631992606557
-0.057729900555093756
-0.06010148508732766
-0.06190979739131129
-0.06318069627403632
-0.06560553870800677
-0.0671154646913037
-0.06551176351958952
-0.06439227524128914
-0.06693067401534983
-0.06955683104130446
-0.06831847258524978
-0.06499147268294854
-0.06357146489687143
-0.06583694936505133
-0.07037241447310592
-0.07385045984922688
-0.07541167985324072
-0.07765967665713684
-0.08044705698310464
-0.08016736453182192
-0.07789315817051326
-0.07907395621825163
-0.08384467902610329
-0.08725478279386381
-0.08816719270085732
-0.08920960019604696
-0.09050846010958703
-0.09026321854799516
-0.08886965581334594
-0.0885390876649407
-0.09035224722735076
-0.09282014771517462
-0.09356150057638568
-0.09282670338585841
-0.0929457776986395
-0.09363509961284015
-0.09260962448962388
-0.09112343454559699
-0.09254122887222664
-0.09559850496605826
-0.0957621515198539
-0.09271216991039441
-0.09047409178732069
-0.0908383779441496
-0.09174755331332517
-0.09194173787948944
-0.092728574711365
-0.09432112138460487
-0.09449887731970964
-0.09277175098931247
-0.09182694229134353
-0.09261919342722084
-0.09261584321916272
-0.09091317078953531
-0.08988379594968265
-0.09041850956151469
-0.09074454119833941
-0.09010146724043733
-0.08906937491543318
-0.08751244014727998
-0.08556303704252828
-0.08434900391330954
-0.08381893549290854
-0.08256735761049232
-0.0803692190264327
-0.07831347352479817
-0.07673087092919355
-0.07499562029320717
-0.07297433273229309
-0.07140826188431024
-0.07064370668298287
-0.06954476996159867
-0.06679603576991289
-0.06304735741066123
-0.0598728920053655
-0.05720281830253145
-0.05423558105649957
-0.05151868596647551
-0.049481540053877816
-0.04703805216770368
-0.04389811490737209
-0.0415189993998445
-0.040254731477807754
-0.038593463233515604
-0.03596981939086451
-0.03351215768189519
-0.03185082103053932
-0.030381351955230302
-0.028536155232869235
-0.026434873967572572
-0.024485938098576635
-0.02290484656675358
-0.02156054877420113
-0.02025802299877584
-0.01898818513387166
-0.017725593536188227
-0.016374735008656965
-0.01504620795664941
-0.013934581702158274
-0.013007923578378681
-0.01217254500929763
-0.01140903408720368
-0.010572400432730241
-0.00954474275764685
-0.008553950398429978
-0.007854801363375479
-0.007310315727402502
-0.006680351042163041
-0.006008558493223078
-0.005445856673596277
-0.0049823363106533064
-0.004529797272549411
-0.004086639893450639
-0.003714293517346474
-0.0034207156066772657
-0.0031560363292496675
-0.0029144153092137415
-0.002722841518856845
-0.0025388032181013474
-0.0023142797099254295
-0.002103957949443752
-0.0019498688412131703
-0.0017893926086067352
-0.0016012400444365684
-0.001450894278959783
-0.001337518280442001
-0.0012058890629924363
-0.0010791701850732395
-9.97853239328328e-4
-9.269553126987183e-4
-8.407647755508511e-4
-7.665965439922094e-4
-7.065086664148945e-4
-6.407241677318595e-4
-5.797833484081034e-4
-5.298302908712562e-4
-4.747107311989178e-4
-4.2103939968472803e-4
-3.854716550697279e-4
-3.560301273910322e-4
-3.211930132269789e-4
-2.9108224806686736e-4
-2.674554127389148e-4
-2.4250697353676124e-4
-2.1972657071171734e-4
-2.017691580662672e-4
-1.8313968234203327e-4
-1.653983958491862e-4
-1.5188007346582198e-4
-1.3766760240381504e-4
-1.224947382408598e-4
-1.1212818563419363e-4
-1.0433049969980959e-4
-9.472643663538171e-5
-8.628535217080712e-5
-7.994218664718182e-5
-7.216636821403074e-5
-6.397168732784156e-5
-5.7731750522060875e-5
-5.174890453715802e-5
-4.580396961442785e-5
-4.165070718288143e-5
-3.798394818001157e-5
-3.364599420595939e-5
-3.019819537720305e-5
-2.75750418609319e-5
-2.455296619993438e-5
-2.193678047307822e-5
