9.897905669338637e-7
1.1611440483337885e-6
1.359437156786388e-6
1.5922031405129182e-6
1.8612132901937626e-6
2.1714660864516836e-6
2.5330229052563542e-6
2.9496277534912303e-6
3.418788963532975e-6
3.885951350734478e-6
4.569144440090765e-6
5.316683227876399e-6
6.025119465275347e-6
6.132843902197325e-6
6.601325419019822e-6
7.805826694690026e-6
9.611427690513854e-6
1.1351166176138583e-5
1.3113019473191963e-5
1.4913198187189974e-5
1.7079101340368846e-5
1.812377629259825e-5
2.1179772472831352e-5
2.469387815943277e-5
2.823268793990888e-5
3.197059288987288e-5
3.5674865342943675e-5
4.04438865908661e-5
4.5973337795059816e-5
5.190544861592299e-5
5.8370901651317253e-5
6.568070042813675e-5
7.366892617324e-5
8.195234050371895e-5
9.156083075758093e-5
1.0252683075771731e-4
1.0834982402735841e-4
9.359766567494317e-5
1.1439403494724764e-4
1.3125576898234223e-4
1.4596118379359136e-4
1.612392720644545e-4
1.7706393071388032e-4
1.9213338986884818e-4
1.9314730365889475e-4
1.5973108245461964e-4
1.8808280226167263e-4
2.132711539295482e-4
2.3902647677123294e-4
2.5274376205273313e-4
2.5668541268909946e-4
2.619954941601092e-4
2.540592168791243e-4
2.6412328241043375e-4
2.587143599285514e-4
2.5087745388640447e-4
2.2248733443912513e-4
1.7989979317032902e-4
1.951458682796462e-4
4.0740495573934833e-4
4.376849805439244e-4
3.230363200236081e-4
3.6730627981106345e-4
2.963833286688973e-4
2.3637737968824977e-4
1.8493452276775697e-4
1.624351008187279e-4
1.4763194259573626e-4
1.3511257982153568e-4
8.919520626204118e-5
5.6318385633101913e-5
5.822392110624422e-5
8.544131835670004e-5
1.5587460413199385e-4
2.9872987549303144e-4
7.091303690080592e-4
0.0011666881785803384
9.106799193574052e-4
7.847453478962036e-4
9.95398813727007e-4
0.0012969318035726436
0.0015921427172855584
0.0019665896796346415
0.002229478573643618
0.002852374400503654
0.0035814017412664897
0.004272010603218323
0.004890777226083134
0.00592020899656828
0.007075677252226233
0.008667065618291378
0.010102219923763221
0.011616651426252296
0.011788288610556917
0.013629998157214484
0.015336768418856813
0.015900999703252407
0.013842553386644682
0.014376039886135795
0.014696592766659772
0.02027411098330483
0.023310024484667756
0.026570993054506283
0.02911932509395293
0.029092068211704628
0.031126960930949254
0.03300791265053768
0.03611290183356253
0.03929119288977992
0.042143106349403825
0.04757873056380247
0.04925193848728966
0.04987789265348068
0.05573018584431012
0.0598805746534957
0.0626437273743469
0.06412871573888812
0.06475003388692913
0.06611899635050668
0.068223376022578
0.07289697376699872
0.0803550935486793
0.08620480013825312
0.08931580639244913
0.09001931254663456
0.09346612723439747
0.09475864051258291
0.09309342417008754
0.0946834861460052
0.1001260512905941
0.10338375664571525
0.10332390036415831
0.10715114894969902
0.10833313301250216
0.1115961346003972
0.1154759945833264
0.12147034087983868
0.1272455498952556
0.13027609618210154
0.13260708651205177
0.13323782119910169
0.13134066672831665
0.13106763593445964
0.13208502709935085
0.1393339333858823
0.1382903563208289
0.13903337996847864
0.14284787830866297
0.14599019967531074
0.149166955683782
0.15341599823849672
0.15723211414874896
0.15324347862616594
0.15175791605437655
0.15555232095683388
0.15833923154151935
0.15617888770503102
0.1543770674440043
0.150242819642126
0.14713691711666751
0.14558905700153796
0.1465504088535285
0.14495422432386135
0.13940457393300953
0.13637374549763134
0.13309455368090056
0.13486809800083355
0.13008376584031378
0.1239745058340428
0.1177576592581284
0.11108111948324989
0.10619969292876062
0.10396933178988257
0.09924829166557902
0.08863182419181093
0.08068095089169669
0.07731974213800583
0.07744043583805016
0.07805473175432277
0.07331991713020099
0.06895662004375766
0.06071619089762759
0.05848455887451101
0.05417566696363786
0.04771206245432408
0.04105497123437889
0.03478862130029832
0.03077913170613579
0.02660465319394413
0.02287699590430735
0.020191676354180184
0.017461511069298323
0.015876085384538607
0.014749074307447827
0.011607583368684156
0.00876823086623929
0.008051176642791327
0.006229158668946414
0.003597961639200561
0.002426404369335395
0.002579104932027118
0.004435471402109938
0.00471315885621707
0.004414906956689554
0.004081891709097195
0.0053448389484725915
0.0065814601077867334
0.007353514262252423
0.007819296103736866
0.008206328932784423
0.008200024984998514
0.008234293146434101
0.00909701621965899
0.010053126765076564
0.010363608133355084
0.010637768463312885
0.010764299299815866
0.011065409293164394
0.011498073715657506
0.01188433998330022
0.012083549521343624
0.011981122163628753
0.011828733968898122
0.011797824752422805
0.011719916476753137
0.011634866957898025
0.011541622405738913
0.011442876753718486
0.011214455035085393
0.010795495405898515
0.010299742183935902
0.009897623995919237
0.00950003785890538
0.009058716427201609
0.008638488738239136
0.008209772930363811
0.007797505282463174
0.0074343784900593535
0.007057405020777598
0.0066838664776476
0.006327302497473327
0.005977139380582224
0.005650183911153786
0.005291483875227164
0.004920583395958675
0.004586288999538685
0.004249833223519463
0.003962499001414726
0.0036990401029100618
0.0034377751710515667
0.003185751580020507
0.0029674565160043445
0.0027425004976601285
0.002527829798684455
0.002309209112224468
0.002104341005568337
0.0019329153848193907
0.001776074981672703
0.0016259403801109698
0.0014827332744864422
0.0013507086546138197
0.0012313440204504943
0.001126257224533364
0.0010297643936103798
9.318986947182458e-4
8.426533152847388e-4
7.560519061653891e-4
6.788546400844487e-4
6.110295814292772e-4
5.541821784304063e-4
5.05431505095342e-4
4.558085013407493e-4
4.0648768235133193e-4
3.63207206893365e-4
3.2051166745844333e-4
2.824757585241742e-4
2.488193331516979e-4
2.202469425412721e-4
1.9812155146691984e-4
1.7584314876066385e-4
1.5297220564873402e-4
1.3161776687534344e-4
1.1587740311054619e-4
1.0163926004630675e-4
8.830856432572441e-5
7.64742200224503e-5
6.655387494850924e-5
5.774154637264991e-5
4.944656297258093e-5
4.2334964965849324e-5
3.606952392885896e-5
3.0612684822316176e-5
2.599226994546318e-5
2.1725791983147262e-5
1.8080021578076375e-5
1.5202911370348232e-5
1.2806786056511278e-5
1.0874410470242888e-5
8.757762106920302e-6
6.990404810768203e-6
