-4.2549970461586466e-7
-4.96378574153653e-7
-5.79551832884808e-7
-6.756363189593778e-7
-7.861529055293963e-7
-9.120738832551646e-7
-1.055786842388699e-6
-1.2173850522274046e-6
-1.3874110230569574e-6
-1.6202598625431413e-6
-1.8719599362951888e-6
-2.085190883575621e-6
-2.200621709186014e-6
-2.7540989851809953e-6
-3.3456569627711527e-6
-4.693532775449656e-6
-5.449552496120614e-6
-6.139662249295229e-6
-6.89393495690753e-6
-7.947666907483672e-6
-8.925825185329937e-6
-1.0526045425520903e-5
-1.301090220594668e-5
-1.4919716275387808e-5
-1.7027874810143736e-5
-1.9428118029841215e-5
-2.2524248387443653e-5
-2.536667303915195e-5
-2.9939221778829126e-5
-3.438553188407241e-5
-3.9365286656245324e-5
-4.477325347956095e-5
-5.096220585607838e-5
-5.758561649309589e-5
-6.535634917427733e-5
-7.133149048547781e-5
-7.415741507249543e-5
-9.92922403333303e-5
-1.2491774728818863e-4
-1.4421959427320013e-4
-1.622719027708615e-4
-1.8299612486647653e-4
-2.0756954851842478e-4
-2.2734316058277795e-4
-2.3562797034164284e-4
-3.277981346228117e-4
-4.0254390787534435e-4
-4.6244269472359883e-4
-5.170885257466998e-4
-5.799507907386034e-4
-6.573978174098441e-4
-7.521826397991829e-4
-8.661135564228108e-4
-0.0010006232125104575
-0.0011375903302820135
-0.001296474221480734
-0.001469332145207076
-0.0015240109784177879
-0.0016993247465836372
-0.0013930134433745034
-0.0019446236377314158
-0.0023063249448915745
-0.0025324367784950617
-0.002964267165571248
-0.0032946544990870522
-0.00357972623215018
-0.003680173185605542
-0.004178231112368917
-0.0047410535038708325
-0.005255204691177096
-0.005883790271100656
-0.006449193868960167
-0.007033508902316974
-0.007542608813628671
-0.007892841226752798
-0.007502364253708383
-0.007289922272736473
-0.008813413007089984
-0.010379521149117275
-0.011138122662894592
-0.011742951023184185
-0.012268051034125647
-0.012703560094990254
-0.013520036592469257
-0.014031469536301645
-0.014941699309088582
-0.01569652797517631
-0.01631594706850332
-0.016081703352053216
-0.016784351253667656
-0.017063785708346463
-0.017574696872288367
-0.0176507714946433
-0.017665666057010906
-0.019127552511133898
-0.017525868492191364
-0.0164487413236735
-0.019103936616286194
-0.01589488828323215
-0.01722755207007462
-0.020142633260196018
-0.02149280358414685
-0.02400480160305541
-0.024686238693064598
-0.025841046269452196
-0.029041843705419932
-0.030913811930811972
-0.031569704297557004
-0.03223011627318495
-0.03226983093353343
-0.0330525906355931
-0.03591049712945004
-0.03694216304865175
-0.03317313058952211
-0.03333315641242437
-0.034588221572015486
-0.03605152274943502
-0.03764587147188247
-0.0377892742175542
-0.03883238224792246
-0.040451872996707855
-0.03944712140483171
-0.03939436803782488
-0.04113409166163124
-0.043636112968956225
-0.044652221749839856
-0.04689464203149177
-0.048924111575130116
-0.05281830727559773
-0.053534830050370574
-0.05566095243040404
-0.059466315392788224
-0.060075330709536204
-0.06272991146447346
-0.06833275324612555
-0.06965659441177888
-0.0657990588048466
-0.06655554380181662
-0.0702693934173798
-0.07197588601967954
-0.07240636522611332
-0.07239867054053759
-0.07010407522210407
-0.06681152509482609
-0.06726424043656846
-0.0708608599413995
-0.07511222000027627
-0.08087956991862283
-0.08392747228945716
-0.08163598274840392
-0.08063111568949904
-0.08241589296523523
-0.08586803015549202
-0.08657381459968583
-0.08433396829085121
-0.08543937069083957
-0.0886437288785207
-0.08966916175417754
-0.09266418761132841
-0.09362236275781116
-0.09376020527357748
-0.09447585846678211
-0.09589612210713191
-0.09713695311668391
-0.1003693644720981
-0.10486868148486163
-0.10872538121173
-0.11174102620141363
-0.11327053132501072
-0.11441243253116391
-0.11681400657023422
-0.11344175660893166
-0.11435108832294069
-0.11580686921827524
-0.11650691652033476
-0.1164243880626995
-0.1201942364488598
-0.11974327291564141
-0.12190100850409583
-0.12479204502127927
-0.12390993565464799
-0.1259972970847017
-0.12797481720024237
-0.12727322520113019
-0.12930016818407797
-0.1309840046579642
-0.13333195523308553
-0.1334424850301632
-0.12966642374167126
-0.1251325464721137
-0.1277358489433234
-0.12738966669743454
-0.1264404482761674
-0.1242798629531837
-0.12252826364930178
-0.1203600492633175
-0.11775392853395489
-0.1163027017326336
-0.114323461433042
-0.11135710289159981
-0.1056899640355234
-0.10200128497394276
-0.09932968777965828
-0.095174792652131
-0.09088474693997159
-0.08627061938308209
-0.08239216926749846
-0.07836849361540166
-0.07399048277204102
-0.06945765093944083
-0.06453225138080391
-0.05982084713512749
-0.05713084059669221
-0.053838371452323
-0.05063734211913537
-0.04743639800775623
-0.04416154487335408
-0.04162378735294819
-0.03805814395325473
-0.03492474215338228
-0.03184542230787047
-0.029635413592973874
-0.027782413285687285
-0.0253422767878476
-0.0234586628418969
-0.021336801493866867
-0.019163113250920724
-0.017318520149156726
-0.01604910797401003
-0.015078422942808572
-0.014206436387164106
-0.013259761334745525
-0.012147497530223818
-0.011136642815969636
-0.010228359529302107
-0.009492746814679917
-0.008762414693425102
-0.008012504070963388
-0.007193567823011176
-0.006485678677435858
-0.005753908687522381
-0.005231419460584283
-0.004869297331971207
-0.004521377132477772
-0.00419385259024188
-0.003914551538611043
-0.0036424896296750656
-0.003419699483566815
-0.0031460712641253417
-0.002802295469683983
-0.002540019715780113
-0.0022776192321695013
-0.002019748779385002
-0.0017987988126477018
-0.0016340836390917456
-0.0014687718406584008
-0.0013679348129215412
-0.0012672170940281168
-0.0011631965442058531
-0.0010701688648748382
-9.533141149031841e-4
-8.648044146163916e-4
-7.817714566600109e-4
-7.109395932862553e-4
-6.607494037253758e-4
-6.080120655884222e-4
-5.609477386252942e-4
-5.315334882035182e-4
-4.8072313400000506e-4
-4.4319459970032786e-4
-4.0783849417569493e-4
-3.741084225203054e-4
-3.430771246702586e-4
-3.088650357237025e-4
-2.796810948483399e-4
-2.5234020935290045e-4
-2.3329722099671386e-4
-2.1121401483246852e-4
-1.9341865336312263e-4
-1.745011030313203e-4
-1.585708728841463e-4
-1.4655431112225824e-4
-1.34475550622431e-4
-1.2047554048951554e-4
-1.093504320417636e-4
-9.822216563253629e-5
-9.114664866212106e-5
-8.587398186234342e-5
-7.96227713226786e-5
-7.263064410122222e-5
-6.606233143462653e-5
-5.9658685257940896e-5
-5.332497895057761e-5
-4.783315665277277e-5
-4.283635448029115e-5
-3.83526748900648e-5
-3.501641026801332e-5
-3.2176706615534936e-5
-2.931966291689256e-5
-2.6618196194822404e-5
