9.713651056555087e-7
1.1426826236957307e-6
1.3328281539560947e-6
1.5576751015920558e-6
1.8147743949291033e-6
2.1151884833502976e-6
2.4643824701520524e-6
2.8620120941428186e-6
3.306558558467706e-6
3.792121533046214e-6
4.356761921571369e-6
5.0298621819463965e-6
5.816899559762317e-6
6.68876380301639e-6
7.68745105516816e-6
8.81882188143176e-6
1.0092198424726056e-5
1.153416415095805e-5
1.3071503511974078e-5
1.4826510569636269e-5
1.6771844761834167e-5
1.9146741015841877e-5
2.1721066159066663e-5
2.4544824994208982e-5
2.763761263639814e-5
3.1206171927747916e-5
3.495253136141189e-5
3.963079234439238e-5
4.384893064604925e-5
4.900260177912018e-5
5.357689305869137e-5
6.103320404907602e-5
6.739635358435151e-5
7.482004986101066e-5
8.290083896820186e-5
9.148469976443813e-5
1.0068731907478002e-4
1.0998522571487294e-4
1.2001411671953426e-4
1.307029679981164e-4
1.4137713652534868e-4
1.5133829018785838e-4
1.6312805262650907e-4
1.748678111850004e-4
1.8578222626383048e-4
1.9814681294686348e-4
2.0727913292022595e-4
2.2463597478356763e-4
2.3390629834188967e-4
2.4212888057715786e-4
2.470519217797422e-4
2.505763790876654e-4
2.5232830258550175e-4
2.5190320916047143e-4
2.479953875557786e-4
2.39780154750985e-4
2.2427905021389803e-4
2.1266499097389403e-4
2.3787251693576638e-4
2.174160352357058e-4
1.8365853653012063e-4
1.5243607927686975e-4
1.1885485485596726e-4
8.620113465125583e-5
5.7295530005327406e-5
3.92297960215356e-5
5.419721582108852e-5
1.3979748136700942e-4
7.305613884973412e-5
5.2585640309209245e-5
5.4540422401753145e-5
9.164872997963766e-5
1.6359577966599333e-4
3.0303231302567435e-4
5.610505881315596e-4
7.438026430530373e-4
8.051502602744928e-4
9.659112941562812e-4
0.0012379752883182934
0.0015714171571058352
0.0020729023226834335
0.0026659140378298726
0.003299301766852373
0.0035928523309367985
0.003985578110858135
0.004619622364608037
0.005385692463941714
0.006378878037084193
0.007534788464719689
0.008787777782817644
0.009593462525070193
0.0105160474302043
0.01150049161533877
0.012692191010308294
0.014121859193253762
0.01605680194812903
0.018099285085929395
0.019784393580825572
0.021296505684307063
0.022585004827330266
0.02417441657936168
0.02611185864479507
0.028496834029079564
0.03134689682029813
0.03432670686299577
0.03648278075069317
0.03867962658286966
0.04060438544786029
0.042336193887347655
0.04515074134884746
0.04853995057775801
0.051837572268179616
0.055943223085309086
0.05907653896385111
0.06183290498312652
0.06253429063774932
0.06558942935958309
0.06921891238732901
0.07364029950761083
0.0781957259914493
0.08209595366672223
0.08518795901245772
0.08796802152032748
0.08993861825865261
0.09252957006291763
0.09622381615886796
0.10070020287009146
0.10584553210423081
0.11031367254617314
0.11356277401280515
0.11607536069030341
0.11814810008957381
0.12037296786806687
0.12260850820869003
0.1261739655956653
0.130787670363065
0.1356064961681508
0.13870493373380902
0.14110118235843738
0.14225551739620992
0.14345496645942923
0.14523582754319933
0.14518197075065412
0.14811163788265264
0.15047243411822042
0.14959493234414314
0.1525001772071538
0.1538302763088135
0.15384355476181183
0.15416896070616687
0.15474971724909786
0.15611001008704128
0.15791584814654913
0.15918323826611525
0.15915273185620532
0.15734687246131662
0.15522048957902412
0.15330108180635618
0.15096708175839726
0.14839357300839845
0.146814203566779
0.14614261511777413
0.14533225106115333
0.14334973429993472
0.13873931962105762
0.1354800445819817
0.13161657983244168
0.1254350429368332
0.12114162100196978
0.1186458735854289
0.11581781913014613
0.11231126663425292
0.10741547809315209
0.10199620935109088
0.0963348925530256
0.09047123505375346
0.0850248485752432
0.07930654560814615
0.07399177355934455
0.06866644229956374
0.06387362992512405
0.05734836658042226
0.052370773311978376
0.048149511360057226
0.043286864357861346
0.03850773232263992
0.03411659363865435
0.030264670712162222
0.026486869666774573
0.02235632642378814
0.018741256273460925
0.0146452496589125
0.01182964154227869
0.009314012903594047
0.007193092903091872
0.005320346319480407
0.0036039245412493844
0.0023653244116232314
0.0014950150363558005
7.361299746147048e-4
6.054160862992012e-4
5.834442146227036e-4
8.461892650117756e-4
0.0012998079757748715
0.0018453928624959973
0.002447738012900191
0.0033255398121954725
0.0043018491698160275
0.005331337032412783
0.0063409210503752025
0.007431419664746194
0.008590803091229855
0.009629950013851023
0.010428998573781396
0.011041836631127334
0.01150911709245057
0.01188738347779196
0.012360232752753683
0.012914717866396978
0.013327445662322343
0.013613306910319934
0.013789302083472354
0.013668723474224539
0.013489744850104242
0.012886530457515373
0.012810225439480996
0.012558380238247086
0.012340742892078123
0.01198761775866456
0.011574200976419008
0.011094860777514601
0.010745670688642975
0.010353709019068992
0.009936702664638853
0.009502054983431537
0.009037806359247896
0.008561554489920811
0.008142208509466689
0.007802296024954515
0.007397506205632084
0.006969664816977753
0.006515355332638478
0.006076395289982759
0.0056695267120859625
0.00533776289838175
0.005027882566707009
0.004709263950782414
0.004396690173239555
0.004084723557711703
0.0037641814252186404
0.0034300505018476845
0.00319442642836745
0.0029915606342215658
0.0027771609284651362
0.0025516956761486723
0.002306184302574216
0.0021310220207579563
0.001918555569642487
0.0017560287816568727
0.0016068002313801898
0.0014633146480960942
0.0013332235772575206
0.0012118334689522588
0.0010993723109934159
9.964181765447573e-4
9.105882736022134e-4
8.230973490150717e-4
7.379882191924758e-4
6.627960079256518e-4
5.952704889046049e-4
5.328498949847541e-4
4.781138928211027e-4
4.338647188217361e-4
3.8981976207856254e-4
3.473270425012545e-4
3.0719571843305216e-4
2.74223529009809e-4
2.4047616212963388e-4
2.1027164630727725e-4
1.8456411742118558e-4
1.6211544426255155e-4
1.4235714780034484e-4
1.2531315029586814e-4
1.099036954749411e-4
9.505961921189202e-5
8.190832607073748e-5
7.094796605994531e-5
6.15206925329606e-5
5.338040760088495e-5
4.6225154043692284e-5
3.952764310742211e-5
3.32668682290751e-5
2.7434772501137726e-5
2.2840504224947848e-5
1.9022393301812954e-5
1.575262312204288e-5
1.2980188923250985e-5
1.058670226731843e-5
8.648758237958876e-6
6.940003295371846e-6
