-4.371212895000122e-7
-5.14697827708905e-7
-6.032457919864973e-7
-7.089111491095543e-7
-8.339665489177516e-7
-9.74158288905038e-7
-1.1329456706587405e-6
-1.3155551196524331e-6
-1.5125745492259713e-6
-1.7807251917078192e-6
-2.102424916843892e-6
-2.506479912272692e-6
-2.9175432300752364e-6
-3.398020570603716e-6
-3.960087495520532e-6
-4.5956789047437e-6
-5.344753998721779e-6
-6.1840487187634345e-6
-7.1537638776787836e-6
-8.28164719047599e-6
-9.853307503661157e-6
-1.1456536122935204e-5
-1.323170572218862e-5
-1.5373087725936504e-5
-1.7888145498129186e-5
-2.07615446131697e-5
-2.4050025540334298e-5
-2.7420612780450902e-5
-3.173658269419135e-5
-3.7222101793712745e-5
-4.241529999063152e-5
-4.942544997057856e-5
-5.727122027367597e-5
-6.67743067940058e-5
-7.704492027411989e-5
-8.877676038293765e-5
-1.0215151472933083e-4
-1.1742404696878033e-4
-1.36044621244648e-4
-1.5666691916285536e-4
-1.794694634794068e-4
-2.077185073925072e-4
-2.4004655136496914e-4
-2.758936928978154e-4
-3.165569557154691e-4
-3.521417160036515e-4
-4.1240002118323566e-4
-4.533302122707215e-4
-5.333756196300076e-4
-6.137562449002303e-4
-7.008666316163086e-4
-7.993708294473956e-4
-9.129203065391346e-4
-0.0010377027039664478
-0.0011772178963212632
-0.0013300400710656666
-0.0014869045392567155
-0.0016579863200238858
-0.0017716632251664134
-0.0020689768310069674
-0.002340561707053039
-0.0026187860036661127
-0.002922117574631901
-0.003241211658574955
-0.003572916672831267
-0.0038839625617634625
-0.004184190283190242
-0.0044410664284481585
-0.005031017155602275
-0.005541857358923844
-0.006047085797919705
-0.006529104123868859
-0.007021238152710659
-0.007409619727396939
-0.007722373859544266
-0.008198087448039067
-0.009007664335715627
-0.009720116162346682
-0.010207062926344209
-0.010899417913349432
-0.011335068676815357
-0.011663914106059714
-0.012015789138124327
-0.012945672418625341
-0.01388342815729153
-0.014625666743259026
-0.015307971846951304
-0.015739779447279948
-0.016021458321508284
-0.01629925670120326
-0.017127575276594566
-0.018161623838198707
-0.019064597468437184
-0.01994082584043986
-0.020677959297980972
-0.02091898171184406
-0.021072733003754153
-0.021561886085437576
-0.022621269171498502
-0.024064155938229023
-0.025385991189014634
-0.026242615005096545
-0.026676517190688673
-0.026746484624340407
-0.026933916171477324
-0.027769357843601433
-0.029003478260416393
-0.030655740292594803
-0.032468307490701065
-0.03353992564118607
-0.03397641805373268
-0.0337381960415789
-0.03391976022705706
-0.034869821225241966
-0.03600000457520971
-0.03958566178671419
-0.04100268000135737
-0.04206320829080161
-0.042119659134496966
-0.041994967222364635
-0.04254253978113562
-0.043998573528607796
-0.04604930337553873
-0.04845234156800638
-0.05063060830755273
-0.051956249541931086
-0.052068054250670626
-0.05165155460954855
-0.05194580227831182
-0.05350680752215605
-0.05575493561021158
-0.05831474049088639
-0.060320216078635136
-0.062860724932956
-0.06361579837165
-0.06328093061404355
-0.06297738300716993
-0.06407697979578697
-0.0660967546134664
-0.06875212891209782
-0.07137143007984031
-0.07331423142294326
-0.07335682957527564
-0.07621371673591387
-0.07718065482733176
-0.07992542396418471
-0.08167368941475836
-0.0838541959702293
-0.08636339263629014
-0.08838085394691383
-0.09032014811739061
-0.09097858695393143
-0.0906902325077908
-0.09095696529247513
-0.09249754728241524
-0.09588069676570796
-0.0991336327652872
-0.10191027855834328
-0.10427018061691967
-0.1067072631999162
-0.10780868263570949
-0.10767708672152188
-0.10806860268703172
-0.10960908752015693
-0.11206370806237764
-0.1142977749098436
-0.11649325186868163
-0.11963612772682257
-0.12187121815431334
-0.12292007927494114
-0.12343200505200971
-0.1250170111727429
-0.12783377241810726
-0.13065164987735067
-0.13315496920216016
-0.13551686140822058
-0.13745864621133258
-0.13905392617332363
-0.14001421078673076
-0.1399428770365867
-0.14140003766018963
-0.14300451399949668
-0.1438177757944304
-0.1449541156418661
-0.14597329326479008
-0.1464536461496218
-0.1462048305737247
-0.14539718519269182
-0.1443966833845849
-0.1434882965255529
-0.14279470554340412
-0.14173766188780162
-0.13981311579000438
-0.13798118340566212
-0.13575482031511804
-0.13297096932810373
-0.12983508068346378
-0.12646314636981318
-0.12302463191899442
-0.11921675229313104
-0.11499334989673088
-0.110856208379786
-0.10624345153817381
-0.1015836832250443
-0.09691818632005135
-0.0921690939107432
-0.08743087106105255
-0.08280905706448072
-0.07819666958117961
-0.07339390668154294
-0.0687065922864048
-0.06425539293875043
-0.059951811660145155
-0.05574984095037796
-0.05196890632226278
-0.048403344974183665
-0.0449066791005152
-0.0416051308209614
-0.0385299994779973
-0.0355686076023253
-0.032741547036942806
-0.030088922447360226
-0.027640899063763134
-0.025517203932711865
-0.023799612328510352
-0.021967164848387486
-0.02037313214559631
-0.018707676102793495
-0.017147455481248554
-0.015682306742918362
-0.014302322841922548
-0.013098779679279367
-0.012056459481659936
-0.011149086199877778
-0.010253908200838031
-0.009384148786519563
-0.008558175513944041
-0.007755049056482101
-0.007087063002534349
-0.006461270640133744
-0.005907140017306569
-0.005452450565174565
-0.005033291536003355
-0.004583347125397087
-0.00417905530571647
-0.003828230108116215
-0.0034950029870569463
-0.0031805984652072015
-0.0028949785449111356
-0.002641294642622298
-0.0024239061730607116
-0.0022289100969812192
-0.002031219009234731
-0.001856136796218128
-0.0017093169019796687
-0.0015781186125040125
-0.001420886330672127
-0.0013013778760571839
-0.0012076147872464706
-0.001122367007359583
-0.001030772651671035
-9.411804201753726e-4
-8.592512661665118e-4
-7.774295929469301e-4
-7.010248197247282e-4
-6.38267452670733e-4
-5.855575158140561e-4
-5.430089039468891e-4
-5.006142655306638e-4
-4.5760744535095605e-4
-4.158152883255323e-4
-3.759310854965689e-4
-3.4111203426870004e-4
-3.1120822976464816e-4
-2.8450449878751106e-4
-2.607001899410255e-4
-2.3793893870806962e-4
-2.1832720825359247e-4
-2.0049218173354285e-4
-1.8640033572432332e-4
-1.706904756354534e-4
-1.5488809971087253e-4
-1.3961442466225532e-4
-1.2674341461161253e-4
-1.1636370234820471e-4
-1.0621450454364865e-4
-9.771921082148393e-5
-8.894302705544806e-5
-8.02880779166256e-5
-7.260743586270472e-5
-6.609036419954903e-5
-6.037294411785605e-5
-5.511052397457208e-5
-5.081599606391977e-5
-4.630082499109023e-5
-4.1993250666948105e-5
-3.793975261087894e-5
-3.4256660448027314e-5
-3.061689639448737e-5
-2.740150359703767e-5
