1.203672887698285e-6
1.2823330671114121e-6
1.6867082777104247e-6
1.7930206981096827e-6
1.8630916102971797e-6
2.4668581318970904e-6
2.8663791782296694e-6
2.905400112983599e-6
3.6062312714919715e-6
4.463476038662564e-6
4.563893165059071e-6
5.024813353487736e-6
6.188437223915478e-6
6.797180156592603e-6
7.5142960831596e-6
9.168621232152782e-6
1.0205022537511284e-5
1.0916581734590448e-5
1.3264075232124423e-5
1.5624810757700086e-5
1.660072826020742e-5
1.8837518815892756e-5
2.237143610438958e-5
2.4716024917823496e-5
2.775866751163383e-5
3.257657524828559e-5
3.587534189022866e-5
3.903411525801768e-5
4.527606152473824e-5
5.060636955771556e-5
5.4080389355614546e-5
6.19726887010153e-5
7.227263039848472e-5
7.884438423034771e-5
8.628176926576683e-5
9.700073049336347e-5
1.0435818028666733e-4
1.1105990854032045e-4
1.2367229737970348e-4
1.3622950761560209e-4
1.473729490883058e-4
1.652257317490148e-4
1.8380342362921877e-4
1.9519763936271065e-4
2.1028857711807259e-4
2.3087785944163837e-4
2.4178981784778097e-4
2.4723318179869743e-4
2.632380943421912e-4
2.85838005645626e-4
3.06674873825783e-4
3.2383122389998895e-4
3.2999302165224076e-4
3.332094310959037e-4
3.5414639129726483e-4
3.739634391955525e-4
3.5429618600446615e-4
3.126269949771159e-4
3.039639417055253e-4
3.442208825737104e-4
3.945240518021573e-4
4.043072353493107e-4
3.712646471727834e-4
3.393990388337415e-4
3.1057864743479435e-4
2.531597293589158e-4
2.1154237174106686e-4
2.3187278328595838e-4
2.3894427621159163e-4
2.0169124029386344e-4
2.3032926077649928e-4
3.205060037063916e-4
3.2851376444063146e-4
2.8398814820234833e-4
3.2691762008773124e-4
4.270509047382916e-4
5.341451298933201e-4
7.275327814644659e-4
9.948396290108657e-4
0.0012474032256170066
0.0015303662749221506
0.0018551564856402103
0.002122062491385389
0.0024272088257392237
0.002966646802182399
0.0036412876955553143
0.004233797320068203
0.004747850476446079
0.00529722302651153
0.006010104833627588
0.0069935985948443215
0.008140364267614735
0.009362944048205644
0.010857325989602705
0.012388429557175127
0.0131127467210123
0.013211069379434618
0.014280713521707945
0.01676442387504394
0.01890855100671345
0.019735352809599552
0.020749112658139095
0.023115349464995168
0.025646019468665123
0.027242532713239995
0.028776103701893596
0.030993667354362403
0.033255798884413275
0.035530552256315795
0.03859802014370649
0.0416914572938721
0.043384816966809105
0.044609551111063774
0.047189785375558
0.05067059713887649
0.053968542490521375
0.05767283969534028
0.06188698538098579
0.06510732876128723
0.06710038182890699
0.06943720695342184
0.072693896568437
0.07620527294151999
0.07983497660127425
0.08368225579436732
0.08739154646806956
0.09092934874401032
0.09459585909956564
0.09796712545117477
0.10005607198858223
0.10091660400269237
0.10247904853671294
0.10650487729801017
0.11174520565384514
0.11559097448101768
0.11825824706033249
0.12156973991868784
0.12481208903769252
0.12642863819895173
0.1275857226529631
0.12996288800926986
0.13310983637078536
0.1361737373125627
0.13878505770839888
0.1404846119106611
0.14182697578066875
0.143590100061055
0.1446039291981208
0.14411924850929098
0.14385248090328692
0.14449265301341152
0.14503859815527737
0.14597370095796824
0.1467950370427619
0.1442553487712303
0.13933751566960734
0.13802497734215813
0.14084208097845147
0.14221889949528332
0.1408331269164128
0.139395736855501
0.1377039496432102
0.13521229191131234
0.1337639555886705
0.13269005032289904
0.12960490753221424
0.12590198703292824
0.12327694803622792
0.1196013901352418
0.11440729456788971
0.1108349729404928
0.108997534499173
0.10532528386859728
0.09865332925368532
0.09135838773039548
0.08654087498091519
0.08569034423013729
0.08597912724550909
0.08240077731372901
0.07523388915481975
0.06947912493812973
0.06603749547300841
0.061535049565280796
0.05586699064671591
0.05147676188718018
0.04761502088070644
0.042316597212030405
0.036645869921623074
0.03227082337667035
0.028642484322738193
0.02510560247573185
0.022244563640255715
0.02011836305355314
0.01786235604785401
0.015183852603133053
0.012625708504077751
0.010660863500058498
0.009330464774108226
0.008352340281631253
0.007296870896647963
0.006049546648965922
0.005070356984247321
0.004765133798166236
0.0048336663700973915
0.004802874046868894
0.004807433058824133
0.005146059548590649
0.005627867713151729
0.006064765432559965
0.006681057804360366
0.007496990937464213
0.008162007104886255
0.008631816966837232
0.009139531295543436
0.009615458146907015
0.009893548801901278
0.010104900731576017
0.010357656992728982
0.010547272521958986
0.010680074716815908
0.010861414677776748
0.011016539678253685
0.011020172692346323
0.010912866169784667
0.010787325691212234
0.010671394469612384
0.010545344329407581
0.010338239272946895
0.010006037074404396
0.009636867566523408
0.009333108656206023
0.009062359794389437
0.008758974860896582
0.008450047718610496
0.008175608577203905
0.007886708133125015
0.007496117987194567
0.006999674788383288
0.006513003046301018
0.006154257171648795
0.005903002999832364
0.005641751828587924
0.005316923051275278
0.004970890406444672
0.004638526890235736
0.004307670017566603
0.0039784902499997955
0.0036847757147327126
0.0034387444204090085
0.003207140993085449
0.0029670602352361805
0.0027399802567307967
0.0025425146812164557
0.0023536227857885385
0.0021591329675405505
0.001977829123586501
0.0018230717483308995
0.001683172141764027
0.0015465384551728925
0.0014136505595157257
0.0012877873670961114
0.0011707160879644144
0.001061806814993994
9.606830203148992e-4
8.712967268454637e-4
7.932323245435567e-4
7.172262091948233e-4
6.414232705597516e-4
5.751452169576925e-4
5.199811292099055e-4
4.6880500138968604e-4
4.212946279205368e-4
3.801471974113443e-4
3.4174749585149327e-4
3.03972597847376e-4
2.6987002801936294e-4
2.3974144985007984e-4
2.1211029254875538e-4
1.8835282844739684e-4
1.681885487867015e-4
1.4873108067739555e-4
1.3017745895236684e-4
1.14343113619564e-4
1.0039796091586689e-4
8.733663575188884e-5
7.565779626035901e-5
6.526761267988614e-5
5.610839230909275e-5
4.883860144417338e-5
4.276222104444859e-5
3.6628370588391255e-5
3.0984500367784506e-5
2.654252548258073e-5
2.260991783099535e-5
1.8891540098027794e-5
1.588391411269758e-5
1.339644802646427e-5
1.1031236040907934e-5
9.026136032057564e-6
7.4491121044366695e-6
