-6.4537766309268e-7
-8.006604519439743e-7
-9.032797012475085e-7
-9.31820562807446e-7
-1.154765438798187e-6
-1.372594025167091e-6
-1.3831229872853925e-6
-1.5825922640857155e-6
-1.9533261915295e-6
-2.026194469515537e-6
-2.145846742380373e-6
-2.7014325522024582e-6
-3.146082878962002e-6
-3.4452462464464472e-6
-4.154357115849985e-6
-4.836419265891658e-6
-5.2736131026814e-6
-6.352211093375874e-6
-7.70613777443221e-6
-8.335665004587894e-6
-9.345035995673626e-6
-1.1492222264047868e-5
-1.3270395943597572e-5
-1.4682726674307517e-5
-1.7176391731282282e-5
-1.9915256464720925e-5
-2.2332950939427895e-5
-2.601432429999503e-5
-3.0405486112371813e-5
-3.433742746933302e-5
-4.003627223777321e-5
-4.762272498267249e-5
-5.379455816885265e-5
-6.0037295080307826e-5
-6.952731595846439e-5
-7.961776098160302e-5
-9.002361323251646e-5
-1.0593021656873751e-4
-1.2586660406092997e-4
-1.4432318533903732e-4
-1.6364227039445843e-4
-1.8743022783137983e-4
-2.1494853405333833e-4
-2.476973545464108e-4
-2.849214140892136e-4
-3.2276823997977734e-4
-3.6698617899519234e-4
-4.2136427605885663e-4
-4.7468179249251575e-4
-5.302078544571121e-4
-6.10393536025447e-4
-7.112282890818874e-4
-8.10279936493773e-4
-9.132561467535921e-4
-0.001034951079008339
-0.0011779329055712844
-0.0013478074278636843
-0.0015082614949386472
-0.0015867222987138768
-0.0016337218494648412
-0.0018085538955032235
-0.002112444087196337
-0.0024090804719192464
-0.0027252015854468668
-0.0031515213701540624
-0.0035453798973574097
-0.0037818153209327205
-0.004064533063190783
-0.004522905540383961
-0.004887355132827027
-0.005029227730897333
-0.005329743399952207
-0.006059392415756776
-0.006902638409855361
-0.007495586070208695
-0.007939221307835793
-0.008449828551502805
-0.00897506473216459
-0.009442586931423002
-0.00997644732484633
-0.01066859059280426
-0.011470888538289288
-0.012322749134252397
-0.013085348850626217
-0.013575560949640662
-0.013931653603118231
-0.014523614254820693
-0.015398087954452638
-0.0163683341747765
-0.017389117116642355
-0.01819268712898347
-0.018282024741658385
-0.017897411868815216
-0.01788060859499582
-0.018353359888208062
-0.018962375555845346
-0.019977242900560275
-0.02143449500136846
-0.02230249618126761
-0.02221581687793926
-0.022487176723531687
-0.024004695539893366
-0.025799796342777834
-0.026645368866050786
-0.02679582432177232
-0.027550231310995
-0.029348514219477873
-0.03074993760241234
-0.030494801573300673
-0.030016229047931647
-0.03131478986265554
-0.03339368639687913
-0.03431691427300969
-0.03490915975399572
-0.03660219082156396
-0.03826375728329827
-0.038465441997268035
-0.03798432224656352
-0.038134489047263534
-0.03931722645508175
-0.04148759187543355
-0.04403385805950567
-0.046010220928395774
-0.04718969577634144
-0.047816102889300986
-0.048173106698171375
-0.04893691124341988
-0.050228174849703294
-0.05127407997923414
-0.05253250561700034
-0.05504826163815885
-0.05729179376884648
-0.057438264363087695
-0.05720887952933902
-0.058244699175683534
-0.05886702130499327
-0.05862121447097869
-0.059481092708652095
-0.060745206351121815
-0.0605835588022131
-0.06119398593194916
-0.06461109959673106
-0.06768654505103149
-0.06742718386477817
-0.06570323127456668
-0.06552386477332715
-0.06773971854355015
-0.07110357399336234
-0.07286305072791553
-0.0723002402969275
-0.07271943596857668
-0.07590945364975518
-0.07939964262149576
-0.08186885216437617
-0.08373266649853287
-0.08335652511487453
-0.08130800005841053
-0.08260812387219431
-0.08739720595587128
-0.0897552917044232
-0.08972064143577316
-0.09266838803303651
-0.0971267347857651
-0.09781826872003929
-0.09631668407366266
-0.0965449697576858
-0.09764416975089438
-0.09883482989942322
-0.10147791233517746
-0.10399121060478732
-0.10421239779980353
-0.10443330565123506
-0.10691425469815279
-0.10980582616382985
-0.11131462468979333
-0.11191410901883209
-0.11226763304713501
-0.11336275048600813
-0.11587071366177454
-0.1178682956315644
-0.11759086044246281
-0.11677232552084496
-0.11702926250627416
-0.11726388691572287
-0.11740339907800017
-0.11887335022889708
-0.1206350111614135
-0.1206108565919498
-0.1197139523346341
-0.11963982015226525
-0.11949301885747815
-0.1181036039488015
-0.11650355052283683
-0.11590657285294291
-0.11572465567950004
-0.11466369018853186
-0.1123496314589142
-0.10944026457443592
-0.10666407402339784
-0.1040658647144567
-0.10119110511613308
-0.09761997451170001
-0.09335242465332097
-0.08905730869912237
-0.0854116748724926
-0.08198460947792488
-0.07790839565711181
-0.07344626822794456
-0.06937631258041367
-0.06557391199872899
-0.061685220994527536
-0.05799543584862663
-0.054645818740817774
-0.05137956971427792
-0.04823302671727531
-0.045260977182416146
-0.04223918875232436
-0.03933502459621859
-0.03682298245869757
-0.03419693396425824
-0.03105540234177635
-0.02809959760825971
-0.025945029170908455
-0.02418063864072988
-0.022393253569007548
-0.020710087935227856
-0.019130401703357534
-0.01755081485045428
-0.01615051189161316
-0.014978465269116597
-0.013790359978683123
-0.012569812639285298
-0.011509378772325529
-0.01058001458016282
-0.009651441489615624
-0.00874259551020863
-0.007916452166879511
-0.007221595652287481
-0.0066871549738687945
-0.006217186860163584
-0.005706532869769789
-0.00521676630224456
-0.004800179863058628
-0.0043783725117258745
-0.003950427649314775
-0.003608765387599778
-0.0033335154005114296
-0.00305603968923839
-0.0028023328950578155
-0.0025856347216120274
-0.0023559087590689295
-0.002120177932141358
-0.001922864682460287
-0.001754052019333671
-0.00160062741245188
-0.0014767787933874317
-0.0013663237278989783
-0.001248673044207304
-0.0011430014202336554
-0.0010544902708753525
-9.604474503728643e-4
-8.669550433645949e-4
-7.928681714618076e-4
-7.26629383368505e-4
-6.574490553243665e-4
-5.965507705111431e-4
-5.464604030943549e-4
-4.99293340430671e-4
-4.5601946252795766e-4
-4.1767254574408047e-4
-3.808258185312676e-4
-3.4721979013871586e-4
-3.179962936289907e-4
-2.901870924198692e-4
-2.6496493206365864e-4
-2.429861378031634e-4
-2.203729913806794e-4
-1.9894060948073142e-4
-1.8301517096226282e-4
-1.6858900813945875e-4
-1.5237190320947804e-4
-1.385353379733808e-4
-1.2768142683250276e-4
-1.16396493189111e-4
-1.0597842682192113e-4
-9.753907929351174e-5
-8.847800087119673e-5
-7.966019026268746e-5
-7.323110340086136e-5
-6.669500950394094e-5
-5.921366090114698e-5
-5.39221526912394e-5
-5.0239749731302375e-5
-4.5409080249620085e-5
-4.0698352189611265e-5
-3.735670312273985e-5
-3.378145210914719e-5
-3.0099217517774742e-5
-2.745983957192341e-5
-2.4784682210020705e-5
