1.5666767939657696e-6
1.6216958264574105e-6
1.6954643945815192e-6
2.195897134507619e-6
2.4034249932439155e-6
2.3689990746715463e-6
2.9576976276346187e-6
3.489736378000778e-6
3.469061366281749e-6
4.1585038134305175e-6
5.295082820626153e-6
5.524536296432341e-6
5.960615974947228e-6
7.209037770886997e-6
7.5854117439218465e-6
8.009775206193985e-6
1.0231759046734162e-5
1.1964396865827488e-5
1.2550537286928254e-5
1.499614497842329e-5
1.8076699921864683e-5
1.942380185645044e-5
2.225418694312019e-5
2.7012825497370928e-5
2.9691055200607788e-5
3.255714125421593e-5
3.8307511776468654e-5
4.224845514932276e-5
4.488969740291233e-5
5.152638057263407e-5
5.807089855446932e-5
6.248523456077514e-5
7.230283352278325e-5
8.396402036674869e-5
8.935606040118333e-5
9.845664243021944e-5
1.1585226950474502e-4
1.262829182156151e-4
1.303061974397262e-4
1.4177650542863181e-4
1.5265166863567597e-4
1.574650716051658e-4
1.7560484821219636e-4
2.0939050951497112e-4
2.3917378912613815e-4
2.6368192564189607e-4
2.871518796272759e-4
3.005367589879219e-4
3.074856032280479e-4
3.198713903514721e-4
3.3890189006507407e-4
3.686389803267031e-4
3.980755783730802e-4
3.9627959598964607e-4
3.8462738033723064e-4
4.203334504496558e-4
4.8098355681171526e-4
5.006010087477452e-4
4.803400578139344e-4
4.4742546898252945e-4
4.25462513455996e-4
4.764838597806207e-4
5.947976313360126e-4
6.498531943715007e-4
6.035044722682773e-4
5.797614481203924e-4
6.285806686251632e-4
6.765784231413158e-4
6.903165161967113e-4
6.843180211725218e-4
6.837012102566336e-4
7.391519580083957e-4
8.379319741510098e-4
9.063447354230365e-4
9.583911600056707e-4
0.0010311728982343614
0.0010927263491092847
0.00121046998654743
0.0014959948645953485
0.0018267866242007585
0.0020437117561944037
0.002252975269864446
0.002545986691665256
0.0028011479718779765
0.003001142766684527
0.00331220771070027
0.003818124827918315
0.004467239234363253
0.005150245623414713
0.005789171463374709
0.006481649774200577
0.007380556005677493
0.008481803147274284
0.009738869686863338
0.011053996692764835
0.01213355194089209
0.012855979456103481
0.013518220627340708
0.014397990356120077
0.015566479925758703
0.01694366564184884
0.018194171388628326
0.019392599177770652
0.02136690640071918
0.024136362943326006
0.02670443261334518
0.02931025962520142
0.0326604760963039
0.03531777504493602
0.03632577284653728
0.03801467668889161
0.041498359122914975
0.04409190537446792
0.04489217922432761
0.046585906098134094
0.05003988476978701
0.05336172918278982
0.05556048696380903
0.057067883779966404
0.05925219841546283
0.06348316326264876
0.06781305283856685
0.06919797619246189
0.06985802920976313
0.07305991268441013
0.07602222429632015
0.07699524527886228
0.08058691462448388
0.08727629555017077
0.09089190597681615
0.09115080055522502
0.09340256651205257
0.09712972572896221
0.09886753895333822
0.10007676703872809
0.10257074555212374
0.10542555453075417
0.10876338534407463
0.11159830630882056
0.11116922526942005
0.11013147471280721
0.1137379378219325
0.11969374747778737
0.1233515973824754
0.12676815490579932
0.13135079125384583
0.1326044798531917
0.12985665475838282
0.12864550371192335
0.13120195650437788
0.13592309420283002
0.14280052865241064
0.14970843649964566
0.15012953176831909
0.14250501289309436
0.13469814653099174
0.13318784197864186
0.13454567322479177
0.1329839645072143
0.12979417726978493
0.12882892759340375
0.1289299535854655
0.12785895157936822
0.126741448390611
0.12492226338039739
0.11960427921264748
0.11359372738897722
0.11216651740871254
0.11304499968955081
0.1110797745555246
0.10763323764225535
0.10530179535180362
0.10209208719524113
0.09737143990259908
0.09349730682001828
0.08990843942703729
0.08493885658155369
0.08042262937785788
0.07750912807477876
0.07389856893079616
0.06894809499847532
0.06484976164163968
0.061984606726053555
0.05848815918212361
0.05358685691064545
0.04853643043765156
0.04514224705685125
0.04354877390368876
0.04164310726627478
0.03803652178328335
0.03400508151910133
0.03088309943075657
0.02827081520662576
0.025593142455687473
0.022740807081500097
0.019799654609863493
0.017651042928299464
0.01683511260315156
0.015939648876855842
0.013691766000511077
0.011078068259763117
0.009355035703964553
0.008467712836568334
0.008255203734778947
0.008546692288789818
0.0085254455504511
0.00799317909853029
0.0078104675487327925
0.008201532910303115
0.008572877545145973
0.008916392426408785
0.009545224101647301
0.010104204127718772
0.010178614142806035
0.010077775147184135
0.010259449270720486
0.010641502665581976
0.010870985809473424
0.01086063300758271
0.01077171211545823
0.010677624415451621
0.010556351430847155
0.010455956271343363
0.010378412133513062
0.010243685965080433
0.010090326975224868
0.009950016111949735
0.009677372562202918
0.009273963407347258
0.008955116910357169
0.008705583678829837
0.008356005132393941
0.007984046338666504
0.0076832010766680085
0.007335505834298288
0.006932592192509366
0.006580682809924521
0.006223823978600212
0.005838736444160433
0.005544427102562701
0.005287488705923647
0.004938034811754439
0.004599189260940325
0.00435254763446865
0.004074814906372082
0.003758752796790262
0.003518596062188453
0.003307942035320857
0.0030579418101781618
0.002834862039431591
0.0026461212625018367
0.002439608076970983
0.0022573737557607713
0.002110725047508448
0.0019336843477480666
0.0017599530620120503
0.0016467118450993877
0.0015252912436507493
0.0013649621283225576
0.0012418401974677714
0.0011543875931333647
0.001047215264818541
9.49236679262635e-4
8.801892978435624e-4
7.95521602580138e-4
7.040123317053556e-4
6.432287355809037e-4
5.874508923136163e-4
5.212979129585693e-4
4.7445784807032156e-4
4.378011060645659e-4
3.8705230372001e-4
3.4342078783041857e-4
3.1513485253674856e-4
2.7879975683718145e-4
2.4171488149488614e-4
2.202698325215039e-4
1.9833917056431274e-4
1.7101707647872798e-4
1.5398537976945287e-4
1.40169168817708e-4
1.1927328922503765e-4
1.0408531198054558e-4
9.610764307182601e-5
8.24799070517117e-5
6.871882539027037e-5
6.274590528267515e-5
5.54396384173766e-5
4.512416948337255e-5
4.005211241513275e-5
3.646117361649074e-5
2.9301744389096478e-5
2.4486835161210014e-5
2.27719856504894e-5
1.8796210855641088e-5
1.4918268459989238e-5
1.3913800686512457e-5
1.1943635014014437e-5
8.88248964487219e-6
8.0008875947945e-6
