-1.0041836414904604e-6
-1.3547509097357341e-6
-1.4326030841200614e-6
-1.2229599093787647e-6
-1.541781628287029e-6
-1.9050556942663162e-6
-1.723050567838081e-6
-1.964169673687686e-6
-2.6192094520298683e-6
-2.5523608965824723e-6
-2.559138832930796e-6
-3.3799358601747595e-6
-3.57791120455461e-6
-3.4385473366509223e-6
-4.673192319788465e-6
-5.8794297851199635e-6
-5.919076967017841e-6
-6.941951899575483e-6
-8.624367635165494e-6
-8.864484482812453e-6
-9.829886243526483e-6
-1.2561016817831894e-5
-1.3614748436311394e-5
-1.3946775351359505e-5
-1.687606260636857e-5
-1.9249982016397675e-5
-1.98706267387982e-5
-2.35789248279861e-5
-2.8443483882369478e-5
-3.0447898680667472e-5
-3.552086422025937e-5
-4.454019485613019e-5
-4.843444052931889e-5
-5.087016351939023e-5
-6.15086169472887e-5
-7.274826542303204e-5
-7.818714341900516e-5
-8.730716520130355e-5
-1.0185163192705829e-4
-1.1769854209595749e-4
-1.414498503198273e-4
-1.684478611789579e-4
-1.853903495620431e-4
-2.066530673662893e-4
-2.4482190031239917e-4
-2.7579430233126543e-4
-2.961175157923956e-4
-3.389462015745142e-4
-3.9960454547012086e-4
-4.497117902993426e-4
-5.036191886636291e-4
-5.730974154725281e-4
-6.431985626309478e-4
-7.408748178288345e-4
-8.862341456081272e-4
-0.0010130629940445772
-0.00109810337036546
-0.0012298982916589944
-0.0014161426315490975
-0.0015552796070726746
-0.00166849395025818
-0.0018749341332229793
-0.0021556259777899137
-0.002423933584741434
-0.002710446877562581
-0.0030349016794244373
-0.003306250385875822
-0.0035430681821669186
-0.003909476676259237
-0.004383451059668208
-0.004737936356050523
-0.004967206353395332
-0.005316475998771315
-0.0058283341442046535
-0.006352052289300202
-0.006915225617291933
-0.007497191442944091
-0.0078027512857786595
-0.007938549629517124
-0.008553001967349622
-0.009655539803159604
-0.010515102373862655
-0.011117574798872121
-0.012046044259276722
-0.013017758228848876
-0.013478699576598478
-0.013855886378413467
-0.014435092099129217
-0.014661525088290913
-0.014792717076139866
-0.015802316466157824
-0.01726251166659449
-0.01805452600052771
-0.018435263268469417
-0.019044158775589733
-0.019764193349902464
-0.020822240033517056
-0.022185496783744495
-0.022282442013389258
-0.020722257286287266
-0.020202670532308113
-0.022408144586464448
-0.025246138157093822
-0.026534959370732143
-0.026692728864559295
-0.02671655716328308
-0.026868515942199675
-0.027236882087456515
-0.02766520881055967
-0.02814164737283142
-0.029252996890865253
-0.0309623303881705
-0.032536044456881345
-0.034083809971466296
-0.03558720555664677
-0.03586801869750557
-0.03533643091265349
-0.03623979401097974
-0.038195321946166205
-0.03865445253945719
-0.0380935466503579
-0.0388850240232139
-0.040779145281356094
-0.042594669996487984
-0.044574107474706526
-0.04591597597856784
-0.045244205875098045
-0.044187521401722725
-0.04503313032323206
-0.04674524235113416
-0.04775971933258561
-0.048866272906162515
-0.05061679605112898
-0.052155405906669665
-0.05300254649209827
-0.05289265369075702
-0.052022926995270245
-0.052604126477715646
-0.056104206730409424
-0.05990252357087904
-0.06116926369565985
-0.06112499478926299
-0.061682199705236904
-0.06213111524982387
-0.061797419597440034
-0.06196362251842236
-0.06397534470112003
-0.0677364141551496
-0.07152291035081836
-0.0729708553600709
-0.07178134891659016
-0.07014929975765496
-0.06956016006383749
-0.07009309922215864
-0.07260458374067734
-0.07738968416887661
-0.08174455014874871
-0.08298498802033602
-0.08231904428857094
-0.08262013291989849
-0.08417143630780553
-0.08502221185153801
-0.08470357174467237
-0.0855932877395555
-0.0893980624098958
-0.0937628755493913
-0.09536097123208924
-0.09490159363461131
-0.09516925984725189
-0.09630180223454166
-0.09711805307529264
-0.09804898083975243
-0.09927788850205016
-0.09955815228844674
-0.09899525455683429
-0.09935308471118783
-0.10094614016419219
-0.10249431753914279
-0.10372387771029774
-0.10540890392403503
-0.10717149188790012
-0.1073787540180191
-0.10585574136936968
-0.10499384246522897
-0.10624562347363373
-0.1073289672068818
-0.10589913465891006
-0.1035137670060964
-0.10254184197393029
-0.10246207113976712
-0.10206374620613723
-0.10145081300178153
-0.10060765414060377
-0.09968555671340937
-0.09966082998102685
-0.0998664480852613
-0.09820342266173507
-0.09522576316721583
-0.0932659643757038
-0.09192390563595977
-0.08945914984863944
-0.08647580709187389
-0.08396697548033359
-0.08099530154025057
-0.07701699814840522
-0.07307134500672863
-0.06979409494318037
-0.0669087645203792
-0.06402102251149905
-0.060624545402771415
-0.05675846372966283
-0.05338695960892534
-0.05073842569598921
-0.04784398724120509
-0.04450253586741068
-0.041508231525782015
-0.03898210150049629
-0.036477674942153114
-0.03394887920383104
-0.03141548802488622
-0.028861897015855554
-0.026665600594131693
-0.024998761859547
-0.02342460332420442
-0.021741056258803983
-0.02017940940601415
-0.018729122697406002
-0.017260246056557432
-0.015865545231833627
-0.014555913466166621
-0.013311331975174314
-0.012334339910597169
-0.011590526158403615
-0.01069036512707293
-0.009612876960353667
-0.008739051671016242
-0.00815704798621347
-0.007656325590089148
-0.0071176585795465225
-0.0064980786970232325
-0.00585043861579481
-0.005374401780367246
-0.005086824503304338
-0.004753439250064821
-0.004323001914979906
-0.003954953464849231
-0.0036550057870652227
-0.0033336176888184607
-0.00303166838402303
-0.0027956576672530076
-0.0025770014377959664
-0.0023502010300918
-0.0021286401066173077
-0.0019165650279124248
-0.0017391674738470376
-0.001610119149039149
-0.001490859225697085
-0.0013635309370819688
-0.001248965467000587
-0.0011430207671521543
-0.00103690676304526
-9.427642254690784e-4
-8.527452448078456e-4
-7.635160288227064e-4
-7.066289480930096e-4
-6.752909571930461e-4
-6.195764206647473e-4
-5.445858779145543e-4
-4.913929801142527e-4
-4.5211285341144813e-4
-4.0738889295866953e-4
-3.718170071562865e-4
-3.4643008803809353e-4
-3.1398665829712096e-4
-2.8151090836134774e-4
-2.5904332119554925e-4
-2.36335865543546e-4
-2.1170632174073042e-4
-1.9206858487138496e-4
-1.7231888789130684e-4
-1.5235531721794233e-4
-1.4074215809813968e-4
-1.3191229034713921e-4
-1.1848160309903807e-4
-1.080276131248116e-4
-1.0194386139214566e-4
-9.176363129904796e-5
-8.055256355742173e-5
-7.423169386429964e-5
-6.748709138400786e-5
-5.884450137948034e-5
-5.3664127859456285e-5
-4.9701402116052164e-5
-4.373839341719555e-5
-3.9799544989955674e-5
-3.772328519271694e-5
-3.332751170822637e-5
-2.9165837145722524e-5
-2.7678585018872997e-5
-2.5218610363676256e-5
