7.89936315212755e-7
9.277096661465889e-7
1.0906702040675753e-6
1.293163965232321e-6
1.5609883709962553e-6
1.8520607508740914e-6
1.9603571671929165e-6
2.400222015337105e-6
2.8584575398786837e-6
3.179735794562363e-6
3.7621271966987453e-6
4.478875375880422e-6
5.148054638489905e-6
5.839752212434086e-6
6.85911690535017e-6
7.799572432390686e-6
9.05543309198942e-6
1.056100709974807e-5
1.2342629527281593e-5
1.4356803530985894e-5
1.6103698421078646e-5
1.8274708399818106e-5
1.9649611643641938e-5
2.2147771900440034e-5
2.281672191338218e-5
2.4781816668879138e-5
3.0409678113612083e-5
3.6533661326753014e-5
4.226627002897112e-5
4.658757171998837e-5
5.4887952794286826e-5
6.0389041265982534e-5
6.974865909842879e-5
7.972320580684823e-5
8.816920190356722e-5
9.247822336586606e-5
1.0110833466555671e-4
1.1605657703462264e-4
1.304616803896996e-4
1.4483945088880515e-4
1.6214293723039236e-4
1.730434892483954e-4
1.824678045621283e-4
1.919615823732773e-4
2.117309629481944e-4
2.4385158581603488e-4
2.7613284047426945e-4
3.042998345124298e-4
3.243191471499338e-4
3.4208670723827295e-4
3.700700782789981e-4
4.2521485650620454e-4
4.6240139942024664e-4
4.7179528415646356e-4
5.32945980840624e-4
5.799351962322674e-4
6.14137463162532e-4
6.203274284361905e-4
7.405611781099253e-4
7.553801354662985e-4
7.400109734068552e-4
7.546436327987689e-4
8.081934385380403e-4
8.165373296339741e-4
8.335545963496966e-4
8.521372212707005e-4
9.487133547476663e-4
0.0011580911801971647
0.0012298297769477978
0.0012131295741465873
0.0012455468229286035
0.0013247975085164624
0.0014416093562995588
0.001608419380713431
0.0016599947687475176
0.0017495701244702277
0.0018405050804914025
0.0018603018278095316
0.0020203472587125306
0.002478481836045098
0.003259343667466418
0.0038200592082595053
0.004058969071770859
0.004216898214743111
0.004431115383682469
0.004543052952018055
0.004511130889715956
0.004919197510735916
0.005675223579306185
0.006748937206476178
0.007470684396687756
0.008162072921522944
0.009510466707782241
0.010987524008918894
0.012252527550670845
0.013102595365117467
0.013838623851527149
0.015279511193817236
0.016567182886341167
0.017405131297261102
0.01838742974849159
0.01913768772181881
0.020536037925175492
0.02291905647836522
0.025394879617380968
0.02729308089280842
0.029726940722907897
0.03084431086953105
0.03224646308277568
0.03342215400727323
0.03467696674551066
0.03591449818666463
0.037881718827818996
0.041466634096560845
0.044177353349050916
0.04711407554593196
0.051539662658250565
0.054821242241619834
0.05627865758244942
0.056346276147581614
0.05715942565584557
0.05870815178385855
0.06215637795433222
0.06479233170411546
0.06663771906859961
0.06744015344248391
0.06817152362035775
0.06958940936220262
0.0699306001411928
0.07391099583986066
0.07953081367552187
0.08255276671921363
0.0850928975502784
0.08919769010386751
0.09208767521277056
0.09340795263620386
0.0945095322202516
0.0959179037734553
0.09767196533363315
0.09966863304787629
0.10365947263669906
0.10714427293144071
0.10948578366419931
0.11022600429787659
0.11351334410416869
0.11810459699144898
0.11789027617789974
0.11617560280419827
0.1183601490042561
0.11913154168529225
0.12047207286944121
0.12156268831840239
0.12466705179597705
0.12773128806665607
0.12729372079399687
0.12284844833423524
0.11682932454899825
0.11541614163474813
0.11660140435916677
0.1149965620384204
0.11351549601225047
0.11366840537895768
0.1143567375861094
0.11347560498926401
0.1116114300461661
0.10791539755093348
0.10538470662213736
0.10386224680874401
0.10262913382034587
0.10108308498130103
0.10090561121854247
0.09930195177821108
0.09654852561162898
0.09425638257136336
0.09221645291104842
0.0894840159045214
0.08502113545479201
0.07955574920931784
0.07430446663604082
0.06919310299089165
0.06684577534246244
0.06338971958956478
0.061121079019349336
0.05886441384527573
0.0565006044653428
0.05370181844969558
0.05143867622472325
0.047197640212164965
0.04343149363858314
0.04013988795318129
0.03620458548848832
0.03423587554515236
0.032003534118568315
0.02990067712572376
0.026510485392239255
0.024588483797864876
0.023399495883318022
0.02152324910013112
0.019110278808307526
0.01806124403042516
0.01704035253689372
0.01476978509791851
0.013401784739692217
0.012845709885644666
0.011791030812503931
0.010473691195748092
0.00997552390253743
0.010230375620728153
0.010482520068352097
0.010846764935936365
0.011369994720421328
0.010895380444817516
0.010561637475209319
0.010413865661886174
0.01052786047042242
0.010159865003138157
0.009847191229746498
0.009921326287939933
0.009704064025975581
0.009852978243243016
0.010057453175550594
0.009953948333064932
0.009689644434493105
0.00979474866976167
0.00982631019088797
0.009654380822476698
0.0091435568989806
0.009024476775510193
0.008695744681136576
0.008393805803254897
0.008044744553107235
0.007697472990036976
0.007256182241068579
0.006895921552605576
0.0066040409527587515
0.006363377501184378
0.0060317276745177695
0.005635700918172228
0.005335250072672833
0.005041307447409372
0.0047762906691604995
0.004522140746735018
0.004308725592997665
0.004003142448761318
0.0036875549402662793
0.003465464771651711
0.0032523685229581497
0.0030597899616732543
0.0028365932603447302
0.002616513062377991
0.0024199276408210036
0.002251253034802873
0.0020669547491138284
0.0019093159716257477
0.0017793054727026445
0.0016545425206042547
0.001526103217862662
0.0014169561633712953
0.0012927172955022855
0.0011867580683130804
0.001086644265518914
9.823263541160348e-4
8.915794665626376e-4
8.152801252805567e-4
7.360926930951382e-4
6.637111097214546e-4
5.947467864207134e-4
5.39411688656823e-4
4.926370511260209e-4
4.466363533855281e-4
4.0196086065264353e-4
3.5900050434633287e-4
3.2294630039454415e-4
2.884910642541918e-4
2.5653617956637167e-4
2.279279187962068e-4
2.035204959422784e-4
1.8032966616725305e-4
1.606821685183589e-4
1.4328918813565392e-4
1.273919407577501e-4
1.1424248464606659e-4
1.0113604629758656e-4
8.856230087641341e-5
7.809221473477045e-5
6.899544732978262e-5
6.0834096129247324e-5
5.255223363888868e-5
4.49097946218324e-5
3.817982435021646e-5
3.2933285184973555e-5
2.8366355947509195e-5
2.4345581083864835e-5
2.0869711340837433e-5
1.7703591737911888e-5
1.5122116671835521e-5
1.2862415613164144e-5
1.079404897439222e-5
8.978317500666232e-6
7.409077665208166e-6
