-5.741881159742654e-7
-6.666529431318104e-7
-7.747948822861089e-7
-9.139897434699175e-7
-1.024775556688151e-6
-1.1032765007412796e-6
-1.3082662396919182e-6
-1.6125933266233205e-6
-1.7826523412009998e-6
-2.092968396770801e-6
-2.4862687307253877e-6
-2.808264702287855e-6
-3.122934315436528e-6
-3.797168144518038e-6
-4.350839809020801e-6
-5.106071350260532e-6
-5.897072794861288e-6
-6.6945149938337e-6
-7.478626049376535e-6
-8.092605310187434e-6
-9.13022722305916e-6
-1.0223537182147861e-5
-1.20207022943109e-5
-1.3547431857799536e-5
-1.6947159918256506e-5
-2.241241632262354e-5
-2.575486802668325e-5
-2.8050388997016934e-5
-3.043375645045311e-5
-3.5114951901979484e-5
-3.796175413554013e-5
-4.524009267159875e-5
-5.079318062378823e-5
-5.6073051100598155e-5
-6.0013600977694147e-5
-7.126495918737813e-5
-8.624603127830547e-5
-9.740199624855355e-5
-1.0968989724538994e-4
-1.2532465376215128e-4
-1.3950479298216443e-4
-1.5326297767090998e-4
-1.7972924222098635e-4
-2.1151463847993585e-4
-2.472786111461109e-4
-2.8285354180573446e-4
-3.2263416951023937e-4
-3.626396473718609e-4
-4.109910551938316e-4
-4.6705615544320137e-4
-5.165063296139634e-4
-5.40692320241153e-4
-6.207005777123267e-4
-7.206386370555594e-4
-7.783942885489396e-4
-8.527330157519042e-4
-9.6087965620469e-4
-0.001071158694254653
-0.0010788691856885224
-0.0012857511917659383
-0.0015254156051772425
-0.0017303312337463178
-0.0018773961399777452
-0.002165232026223904
-0.002412313552322008
-0.002615622456142348
-0.0027523387916383755
-0.002880485501568105
-0.003084857616203234
-0.003519805797636369
-0.004056954895208798
-0.00447161617259325
-0.004828990874686548
-0.005167067673545206
-0.005505948604609611
-0.0057077645447409404
-0.006283274027332747
-0.0070775891099770175
-0.007574589253134728
-0.00782314167245823
-0.007832136869793623
-0.008098795610126235
-0.008815605708191707
-0.009888272693664213
-0.010962313883486643
-0.012026516183244027
-0.013481958890361157
-0.014321472662116839
-0.014596890353256923
-0.014717343219343659
-0.015730847277861774
-0.016551662437936994
-0.01663118027309886
-0.01698673089825245
-0.017777056111002436
-0.018995773749105528
-0.02001641247137774
-0.020290363634101152
-0.021252502052412216
-0.02290448691639173
-0.023755137885441792
-0.02441114852302899
-0.024768620569165116
-0.02483110907662428
-0.024854651743510536
-0.024742640426544164
-0.024885171068647752
-0.026873153468062457
-0.028355065974562353
-0.030042340282734465
-0.03250816937544899
-0.03502859789733979
-0.036413455615780785
-0.03605301019942657
-0.036847719160532096
-0.03774888815206347
-0.03757773083819671
-0.038649115144683874
-0.04024882050305274
-0.04278723390521881
-0.04418007355322873
-0.047948380032281364
-0.04982642166038217
-0.05174377604063411
-0.052376435407607426
-0.054713274255074454
-0.05715903037591977
-0.0613393409923185
-0.06256514331268631
-0.061490186733657984
-0.05900027705378444
-0.05954553144883121
-0.06200045123575365
-0.06238097736737583
-0.06332203625774546
-0.06756755907800402
-0.07058069867739952
-0.07141773597906381
-0.07260315790575775
-0.07358024789648915
-0.0720560651446965
-0.07158767550474811
-0.07130908344304174
-0.0731776861260183
-0.07387806443427143
-0.07308515485565768
-0.07665831918327799
-0.07895939151228817
-0.07845254509157602
-0.07902334579607248
-0.07797190267510704
-0.07765473201364834
-0.07926526797972604
-0.07995667235323589
-0.0827370323128439
-0.0872357788059279
-0.0915309003752629
-0.09470522150565752
-0.0956415419210991
-0.0953980530389217
-0.09533050346531201
-0.09506935819745285
-0.09727519411589042
-0.09873996190463813
-0.10009170724509844
-0.10248232212092849
-0.10427637580514428
-0.10481916083179808
-0.10394111823468037
-0.10451168319598199
-0.10342448732286497
-0.10268656231947951
-0.1024014523462475
-0.1023678523816015
-0.10164887097473155
-0.09947927040530079
-0.10131491786974506
-0.10443489023410302
-0.10673213409053761
-0.10834570446313373
-0.10815300402243047
-0.10826857731016809
-0.10681500560533277
-0.10513000885732682
-0.10286435973090415
-0.10245108804612577
-0.10004508894409395
-0.10029434106564995
-0.0994923818921331
-0.09996425956284814
-0.10000266060236446
-0.09872289306153449
-0.09673888538639772
-0.09447590897423974
-0.09341769932861846
-0.09253061964145726
-0.08966199203102809
-0.0887770265887582
-0.08768071022185793
-0.08538344613170132
-0.08325692068538428
-0.08209218076032171
-0.07908417019697057
-0.07651549276431104
-0.07440318826222235
-0.0722615146422952
-0.06872806380349522
-0.0648346222599871
-0.061617340671494346
-0.05815588756837957
-0.05426087198511613
-0.050980560003414534
-0.04874129857959191
-0.04629678182087357
-0.04293825003278343
-0.04122094167421262
-0.03929700003569904
-0.03619282352132436
-0.03396782860651504
-0.03168887410157286
-0.028601473862799424
-0.02650660399597465
-0.025588193875175646
-0.023555740028421965
-0.021608692849940166
-0.019979567897016028
-0.0191558882830673
-0.017881124388524128
-0.016425052197028812
-0.015006357925183199
-0.013899472559164907
-0.013010467681217018
-0.01218771290425239
-0.011183034549579831
-0.01033101868554681
-0.009423070010651471
-0.008862541622810386
-0.008307610659699281
-0.007628402520624426
-0.007035595838659117
-0.006383161916954046
-0.005692036514042658
-0.005206700895491998
-0.004877557634601579
-0.004622544613223397
-0.004276175121656334
-0.003883754673989095
-0.0035496664922535326
-0.0032991657612495614
-0.003064827459638724
-0.0028024759212587165
-0.002545320972966246
-0.0023578382511793873
-0.0021341829112043924
-0.0019318464213885652
-0.0017383435227923377
-0.0015808978552123753
-0.0014216475276459725
-0.0012989526190850765
-0.0011670339772840285
-0.0010703040526767855
-9.92869053051901e-4
-9.356143390147874e-4
-8.52487239732362e-4
-7.8520789820564e-4
-7.146389164654602e-4
-6.613594232715631e-4
-6.000412857924377e-4
-5.348361599178796e-4
-4.8114741291378196e-4
-4.46660688468857e-4
-4.100753416499859e-4
-3.682204028507944e-4
-3.397840366865969e-4
-3.1150489758175105e-4
-2.7975107928640216e-4
-2.5253341660422994e-4
-2.293706911763882e-4
-2.058864868730283e-4
-1.8314583449608433e-4
-1.625546811225881e-4
-1.4446585877990058e-4
-1.3199898644715433e-4
-1.2151180621666825e-4
-1.1114165601828308e-4
-9.899672604421329e-5
-8.899679623350148e-5
-8.190286567731568e-5
-7.561509240352275e-5
-6.888344297016302e-5
-6.198286746962149e-5
-5.5685781023553e-5
-4.943389296165633e-5
-4.440624098432685e-5
-3.9971350247842645e-5
-3.6047900713311955e-5
-3.268345280302768e-5
-2.9569784810273576e-5
-2.6781404947177583e-5
-2.4053007036664676e-5
