7.215405528213724e-7
9.090110221198234e-7
1.0164273031973491e-6
1.162111845871073e-6
1.4499521723081417e-6
1.7461799511019048e-6
2.0116581767065954e-6
2.3388589933990825e-6
2.5953877101930526e-6
3.163206615131118e-6
3.697052105628271e-6
4.237218868944108e-6
4.9712983164049186e-6
5.734247837995656e-6
6.684165380983749e-6
7.817091803850485e-6
9.07464497918274e-6
1.058003889922522e-5
1.2178076875232497e-5
1.3479642950637879e-5
1.597812513884914e-5
1.831941077819166e-5
1.99143601535111e-5
2.176451389524677e-5
2.523722906099335e-5
2.9126343738111338e-5
3.1358004261002135e-5
3.556849219912953e-5
4.14503700571309e-5
4.6937769104929085e-5
5.81686955932059e-5
6.672861357040514e-5
7.479102042581337e-5
8.054730811663622e-5
8.452642743885799e-5
9.665466479928279e-5
9.083164420383173e-5
9.476541426590995e-5
1.1454301013750305e-4
1.328826393533292e-4
1.5159682232566878e-4
1.704706598979315e-4
1.8929846829054235e-4
2.0835271679327293e-4
2.2803427081007137e-4
2.6488083981746936e-4
2.951004863504688e-4
3.212115936961489e-4
3.4458353109537734e-4
3.7384778541775185e-4
3.7991745254131493e-4
3.9149766604858416e-4
4.460045225621412e-4
5.379755532032223e-4
5.477456658740166e-4
6.117667509450021e-4
6.338716484471101e-4
6.537458874567326e-4
6.854977112796496e-4
6.71332704436828e-4
6.553737425084066e-4
6.53116879926078e-4
6.834386211993542e-4
7.506719461323558e-4
8.01886426739444e-4
8.635468087706537e-4
9.221325932550937e-4
9.491453515826958e-4
0.0010979255536676202
0.0010579772240484138
0.0010141010106277087
0.0010909446413212259
0.001159350798261838
0.001095784541407531
0.001119716307167503
0.0013632319649504135
0.001493109357620568
0.0017110165443441946
0.0019545056223180205
0.0020069268590484574
0.002209110672456203
0.0026703320578969924
0.002977441900974335
0.003210103745873518
0.0036471386801795284
0.004672773994897173
0.005505739992704293
0.006291651500853105
0.00685910612379027
0.007253620751297901
0.007865748470502426
0.008623726310714643
0.009164796084646714
0.010151226743838967
0.01138330042857295
0.012582802139960098
0.01424865876763875
0.01590805974986007
0.016490626448331644
0.017722906160003677
0.019531828742625768
0.021192760608014075
0.02258279934417294
0.02370539156394352
0.02533201124266018
0.027442976461291825
0.030515221971129432
0.032806619814501885
0.03386136255354761
0.03472710071472265
0.036393863623958946
0.03893899772967652
0.04233594753181207
0.045739107951560574
0.047219124622110864
0.04688822636071325
0.04858043308615829
0.050395184275338685
0.050896018144405
0.05341727875648854
0.056811172718057794
0.05972388101596815
0.06235127227138477
0.06446759343043196
0.06715692323375738
0.07195426546297254
0.07673344830111432
0.08018870175349636
0.08169843685652592
0.0841280484207467
0.08785069676009825
0.08827876733606144
0.08753206194883162
0.08697455966863872
0.08752876226557114
0.09250984279159291
0.09508103394270831
0.09530313641363533
0.09830238046760098
0.10234545117499033
0.10248969856588573
0.10118555941870182
0.10284975392169574
0.10362354301981944
0.10537660672834386
0.10632090221554012
0.10772525203517347
0.10744806798844647
0.10547208946278326
0.1053384008336963
0.10888384062348577
0.11097174104981809
0.11467485531587016
0.11845079111830603
0.11815115069760457
0.11550340446583708
0.11440399181401895
0.11228604860654004
0.11071525970233848
0.1121216710871031
0.1135601274759048
0.1146754584607037
0.11154435900060951
0.10499907405262078
0.10125356354999779
0.09891119574705326
0.09590493255453014
0.09167764272497635
0.08925075661912812
0.08621669448956579
0.08036585404389077
0.07492043367939644
0.07310687075959094
0.069515121882503
0.06583482215058958
0.0629383528593669
0.05930349558599702
0.05385507155438492
0.05040864007727068
0.04831197898286322
0.044113741831484254
0.039478853716480904
0.03427556517554645
0.029185400403516054
0.02727259361270907
0.026044911392665137
0.02362889339867655
0.020752706462133088
0.020771031452536923
0.020222805853050654
0.01877958621110502
0.01717442825887593
0.01624992029606113
0.016395437444460714
0.016929509561675382
0.017445696345018493
0.018332183417893253
0.02002689757638397
0.02094023706548953
0.020832700035908053
0.020766059774166054
0.02126734633092429
0.02193537655574307
0.022426840163051128
0.022939303034103686
0.023207024538172003
0.023442281771393906
0.023670749424879737
0.024017589082124136
0.023841881848277326
0.023524324056123994
0.02297700908648893
0.022726535813598736
0.02243888629516904
0.02171860152324286
0.02098994996807747
0.02026996598209795
0.019805248565436685
0.019434530912498242
0.01877161641731333
0.0179670945230811
0.017228616826829114
0.01646220879640289
0.016105458007192104
0.01572304373036822
0.014883115669755125
0.014176181150439329
0.013361212151201448
0.012500360386237142
0.011847647487687046
0.01125072369809137
0.010573763184928775
0.009911043018772913
0.009305661669047213
0.008668985152529706
0.008026479797448659
0.007507797191301007
0.00701106172998712
0.006574119147650242
0.0061696279684113784
0.005733667882185291
0.0053029595540633
0.004898954250324006
0.0045659073597661805
0.004209076990831034
0.003854756723362593
0.0035612620637677497
0.003283002509646994
0.003007894575230785
0.002745643738773978
0.002490548073584682
0.0022668261588219677
0.0020316348976484487
0.0018185952997701994
0.0016317020076452617
0.0014600790917530175
0.001306183630817849
0.0011577413360959608
0.001018868809332728
9.069041174371857e-4
7.92989642441601e-4
6.888878640450614e-4
5.917475232699871e-4
4.999807235324782e-4
4.240914861183535e-4
3.6203975581450336e-4
3.019177359996029e-4
2.4713533274298735e-4
1.940517566739433e-4
1.5159113134802454e-4
1.194206888001043e-4
9.316821300050257e-5
7.116587672853447e-5
5.583293386451393e-5
4.388579751212957e-5
3.610590225727744e-5
3.050809162989769e-5
2.8236870613233086e-5
2.8639884027004155e-5
2.9726122005830724e-5
3.197965259726883e-5
3.4767061060325654e-5
3.592817788157923e-5
3.6998704628508137e-5
3.810934610958357e-5
3.840164094943721e-5
3.893041943673627e-5
3.8318119573052484e-5
3.6883394485392295e-5
3.515550775724056e-5
3.333347128364913e-5
3.142805926507217e-5
2.9192681621674272e-5
2.7025869808984258e-5
2.5031781667140335e-5
2.3109349078551406e-5
2.0892245483208264e-5
1.880971717521576e-5
1.7076779359795088e-5
1.5429023616170184e-5
