-5.945040442430441e-7
-6.441933835736708e-7
-7.148094147691706e-7
-9.306271510211862e-7
-1.076752315474897e-6
-1.1809796051821024e-6
-1.3678176180877783e-6
-1.5557326417125598e-6
-1.84748046279692e-6
-2.1643543195863873e-6
-2.40085851231399e-6
-2.8909119485873134e-6
-3.3373883181347144e-6
-3.885720040964097e-6
-4.507570627852793e-6
-5.0882004784695376e-6
-5.774660484735267e-6
-6.454256340436614e-6
-7.124021346753451e-6
-8.322554140776071e-6
-9.43878372098754e-6
-1.0340602595609966e-5
-1.2074508556942846e-5
-1.4684315059209457e-5
-1.7018859516059128e-5
-1.8045312123147804e-5
-2.2049557618007048e-5
-2.696951238083219e-5
-3.087817181206613e-5
-3.488836120788816e-5
-3.348945720953861e-5
-3.882274633683305e-5
-4.292006118353758e-5
-4.815976470078987e-5
-5.55516722561095e-5
-5.763558373223758e-5
-7.543414505995982e-5
-1.0214362787425981e-4
-1.1843196333571951e-4
-1.3341752147291808e-4
-1.5092099042096765e-4
-1.7022200267019733e-4
-1.9070753562448812e-4
-2.05270120974339e-4
-2.1912538861787052e-4
-2.55702577020391e-4
-2.9171332474927915e-4
-3.266261729419811e-4
-3.6896338794391114e-4
-4.059228025831953e-4
-4.434937883256934e-4
-4.7361958382867664e-4
-5.14989488206889e-4
-5.726131221448125e-4
-6.670210833081065e-4
-7.571160008718651e-4
-8.96864820606623e-4
-0.0010166199167085748
-0.0011339702937174848
-0.0013001053247122063
-0.0014871911843686145
-0.0016353534669309798
-0.0017181154593535655
-0.0019144563185077136
-0.002240874260926078
-0.002520138890560454
-0.0027199628116470276
-0.002898318566104095
-0.0029543853629661106
-0.003401321343667051
-0.003991411200174474
-0.004319538708852856
-0.004749889008212034
-0.005430321510781968
-0.00594406483721629
-0.006238671991691518
-0.006776221080109214
-0.007067357630230959
-0.007401163149557918
-0.008145231095949092
-0.00888118241746995
-0.0092780846275029
-0.009878572581138643
-0.01056524081658081
-0.010938348862412886
-0.010835914639364019
-0.010893401824790948
-0.011465738111499531
-0.012418123038389295
-0.013537998363684542
-0.014225410067875796
-0.01484087233792056
-0.015817786827478676
-0.016827619670704615
-0.01740208027238441
-0.01785602711811019
-0.018042365734292926
-0.018518335488609823
-0.019933684337793176
-0.020966406694372875
-0.02149401541279801
-0.022146696020539928
-0.02239539790293411
-0.02326903346117707
-0.023966471500799526
-0.024033852379289258
-0.023732775108308728
-0.02439286814375279
-0.025485533851618603
-0.02633865307742411
-0.02750120365969273
-0.029003859060410607
-0.029684595374534044
-0.030043711733373252
-0.031246678948563405
-0.03391993350677951
-0.03597645305308022
-0.03701894364980551
-0.03921510300158726
-0.039888744920027884
-0.040664736594200175
-0.042878158348535554
-0.043314357076333465
-0.04324092207306193
-0.0441982122059572
-0.04580415580116712
-0.0471368864717536
-0.04926710712107029
-0.05228827092436406
-0.05463734973763882
-0.05583765760848582
-0.05899930170054577
-0.06267766449221432
-0.06477510133288393
-0.06601894837694232
-0.06585616005573934
-0.06760477588075499
-0.06942339640837998
-0.06943323606530356
-0.07042002742023053
-0.0740388034891145
-0.07650174982601249
-0.07576023451960806
-0.07679348920146174
-0.07830364334104722
-0.07694566559237566
-0.07690302624596534
-0.07807885004468985
-0.0832358056071725
-0.08631048440378167
-0.08601787833587084
-0.08593368521763577
-0.08478140399806687
-0.08584892052828683
-0.08793645009085445
-0.08852105888577033
-0.08930391432415338
-0.0918594510423438
-0.09223614514372121
-0.09113345098622942
-0.09087986705881185
-0.09350367513130309
-0.09928958849449633
-0.10583684384906729
-0.10611617978007835
-0.10490618171705317
-0.10694196244447404
-0.10964023173051603
-0.11066634788601427
-0.11131442262975441
-0.11449663076471472
-0.11776843359492428
-0.11826173313326158
-0.11947186282079937
-0.12134632642687662
-0.1217879462700037
-0.12323562275916607
-0.12460003454628713
-0.12679148684750338
-0.12758007907858482
-0.1272064954587735
-0.12642535877990402
-0.128172327553644
-0.13091283107827326
-0.13018236183645018
-0.12654736116640586
-0.12329069359749772
-0.12178072557508333
-0.1187107918368051
-0.11642775497799322
-0.1156552161849691
-0.11332314094523685
-0.11016511235395564
-0.10617261976222518
-0.10216238893368909
-0.09713718365701916
-0.09229476857928869
-0.08750990290023969
-0.08380770733661358
-0.08178337366173205
-0.07920738982117452
-0.07477946114545861
-0.06975373606804333
-0.06521130800672623
-0.06207255780801322
-0.057680099507581385
-0.053662833214129776
-0.0504561660414551
-0.047552063347900915
-0.04489920570568207
-0.04220003332848661
-0.039288392674570315
-0.036583925504769896
-0.033944976686125554
-0.03194462718056904
-0.03011310274967753
-0.02872969936869196
-0.026369824835094282
-0.024008602520195075
-0.022418790728495123
-0.021163564680058686
-0.019769947487986834
-0.018257435574841323
-0.01686935923283885
-0.015448261437724556
-0.014679017189734142
-0.013605241772857646
-0.012609723912128501
-0.012000481228207197
-0.011446420762152288
-0.010710102812741332
-0.009991720728785096
-0.009315198633525595
-0.008855695690951884
-0.008208370039097376
-0.0077772072226399425
-0.007292952376549199
-0.006799335982179081
-0.006263382768333978
-0.005833048587671917
-0.005467534112247497
-0.005065404662816971
-0.004734547610302307
-0.004361890526748548
-0.004105790868217225
-0.003793275390273316
-0.003457973335577902
-0.0032130793016638738
-0.002976737757361998
-0.002793462663231333
-0.0026144948315406195
-0.002459623901691877
-0.0023325279193411913
-0.0021741453426331846
-0.0020023811189259044
-0.00186720846593758
-0.0017545726596583763
-0.0016367940640677648
-0.0015390219740349575
-0.0014350127715665366
-0.0013648268868529864
-0.0012678769303327256
-0.001155658613080022
-0.0010838167971101158
-0.0010128779368770108
-9.374189255879382e-4
-8.741821811382566e-4
-8.224181638329409e-4
-7.856673085575362e-4
-7.455264040526189e-4
-6.899193524035677e-4
-6.340413925848366e-4
-5.833919101856192e-4
-5.312411133710121e-4
-4.8686198970029237e-4
-4.3824367904243133e-4
-3.946307327400695e-4
-3.54034399725065e-4
-3.1890079639204877e-4
-2.8586684689251604e-4
-2.517772627868514e-4
-2.1916942998317896e-4
-1.91197150316948e-4
-1.6669483744757572e-4
-1.4414950658728505e-4
-1.2501248537355255e-4
-1.0732478680851895e-4
-9.274306066934049e-5
-8.008199171902245e-5
-6.910814231764992e-5
-5.972715560250706e-5
-5.134390189170382e-5
-4.4311091729206645e-5
-3.803977733530601e-5
-3.2450770895071285e-5
-2.7956824483940056e-5
-2.422298263995362e-5
-2.0967108811620725e-5
-1.8142890608418597e-5
-1.5809249757992798e-5
