1.4922499567267384e-6
1.503829021463364e-6
1.3935411401696694e-6
1.787575200989205e-6
2.2191734905725964e-6
2.2490333674954736e-6
2.541386268838833e-6
3.1399954599428973e-6
3.416760048253409e-6
3.760784566954017e-6
4.45240182281366e-6
4.885620621742652e-6
5.3913730792920816e-6
6.40602188078899e-6
7.009165482022596e-6
7.42990453993759e-6
8.968797125986134e-6
1.0732879057151667e-5
1.1919788726761207e-5
1.3959891715007318e-5
1.6238261342921594e-5
1.7085872162982775e-5
1.8810095185476554e-5
2.2784537184016176e-5
2.598937900283544e-5
2.86764720309504e-5
3.351546485159209e-5
3.7955618213257027e-5
4.0953492231310764e-5
4.7039232985334335e-5
5.469412100281143e-5
5.893523877571109e-5
6.449395766204214e-5
7.605038332480226e-5
8.831052866222629e-5
9.968060361773921e-5
1.1391201388046831e-4
1.2774760118157232e-4
1.3901654245065002e-4
1.5198325932529936e-4
1.6400951402094054e-4
1.728089282260932e-4
1.8833251946809163e-4
2.1271715511886165e-4
2.3625147902610991e-4
2.6088822984162016e-4
2.888179603020885e-4
3.071584501698662e-4
3.1740179803265724e-4
3.357477761489512e-4
3.580690133316895e-4
3.8024781182326796e-4
4.176651193010408e-4
4.627555879092235e-4
5.003655517829355e-4
5.582449378140546e-4
6.344173808085025e-4
6.583185849943403e-4
6.375840807491986e-4
6.636865331603574e-4
6.870688936740572e-4
5.847448286826957e-4
4.989855811472233e-4
6.923165434334876e-4
0.0010427213656747712
0.0011797149110304142
0.0011060609782841113
0.0011285275856040416
0.0012428221456495304
0.0012030200184865556
0.0010941741608313366
0.0012085967861668256
0.0015000150137159923
0.001718407206663651
0.0018514356498872042
0.001984048163492106
0.002051620058542299
0.0020446571402756106
0.0021000772379529027
0.0022799285378742444
0.0025940351136702513
0.003135133377496289
0.0039009538089789003
0.0046729535106229975
0.005215497733223625
0.0054493666399719025
0.005518141839503432
0.005743761584445939
0.00628071095530661
0.006911267269849376
0.00743153415326243
0.007957979525681343
0.008688299563527475
0.009723398934541726
0.011132647889918504
0.01288862582301158
0.014801832599475836
0.016543255048751326
0.017736006585321238
0.018466405457959415
0.019550208970507126
0.02149731378479645
0.02368179796486216
0.025425945639494178
0.02696292977581614
0.028567850958593734
0.03010081997983765
0.03186201452142355
0.03433071341371179
0.03693471414926919
0.038556209624594655
0.03924032597389343
0.0402758698832788
0.04243152810326021
0.0448507418217904
0.04639770465596703
0.04763150691049507
0.05002870852104787
0.05370648011295979
0.057755561091591884
0.061872595524841624
0.06583073260960368
0.06901463646476298
0.07157803668071684
0.07372979712933911
0.07443003892676078
0.07382231366008707
0.07459502668902222
0.07769694643108807
0.08058988139729482
0.0823614360832281
0.08533054262997435
0.0897132846345726
0.09265271262786948
0.09395068940443457
0.09683250621031314
0.1015746716380133
0.1039654755102981
0.10245024074142467
0.10173702425513596
0.10550597840300503
0.11023571865534451
0.11151439593059927
0.1117587884758413
0.11530797161723128
0.12049516438597199
0.12293511697416354
0.12233702738778447
0.12100660003519507
0.11950593630045628
0.11736323797823128
0.1156826676622033
0.11682469894338682
0.12100330587695785
0.12407829698268344
0.12227112944639443
0.11856891437161504
0.11819743555705521
0.11924272708381296
0.11649357689347618
0.11190846266305753
0.11126265502130274
0.1137998077131213
0.11451343174090113
0.11264070464535013
0.11035318929832488
0.1074775766886593
0.10336711593501519
0.1000374415851182
0.09911288076485514
0.09879119352162327
0.09706146078036468
0.095119647556516
0.09438620471017742
0.09293332411401645
0.08870104642270644
0.0834327015294634
0.07947199960137667
0.07606498801791023
0.07231803247663934
0.06945864064175937
0.0674739715848187
0.06440039549791017
0.06030705182724025
0.057024150124608514
0.05411047188854998
0.04989011260606772
0.04530876236377371
0.0425470284056625
0.041287620358375444
0.03959419855749286
0.03698870866561198
0.03418509469785826
0.031098519409752588
0.027315651824778815
0.023654030003304898
0.021253630892684425
0.01975283052891764
0.01807667702842162
0.016159346779872314
0.014420427926596854
0.012815384577160175
0.011489216836265484
0.010824253033042752
0.010452803200685546
0.009856432665221621
0.009475580519296145
0.00967728691019159
0.009780729447049082
0.009368171986200175
0.009089391750607063
0.009362103823761174
0.009717808739180323
0.009802161947805749
0.009860402232092686
0.010109582082310066
0.010368868716243066
0.01038728792817929
0.010200012038558292
0.010020727315075884
0.009905311995309089
0.009777916864005911
0.009690324237641169
0.009706035456655191
0.009672762497928106
0.009424678404737867
0.00902266222655815
0.008634320500018397
0.008357631622292264
0.008156681227457021
0.007892852887251304
0.0075257192000895675
0.007180601409392586
0.006899527126454054
0.006592449896854197
0.00627537341524563
0.0060240881592753
0.00578435157141859
0.005501983535612841
0.005223563608830754
0.004943583861027222
0.0046260079001713495
0.0043306327241826904
0.004087655660651219
0.0038249616068477977
0.003530716108864003
0.0032629259471407294
0.003024045172850618
0.0028030606974245825
0.0026150474927332783
0.0024324476521380366
0.0022314376923337005
0.0020519648804653494
0.0019037940910397364
0.0017502989884607802
0.0016053083233322075
0.0014939743782838011
0.001385634315382517
0.0012672189839109708
0.0011627751540676543
0.001063684463708804
9.604021881265349e-4
8.799215475345272e-4
8.174478259545835e-4
7.393556682483973e-4
6.584960662527883e-4
5.984350750152053e-4
5.40641101430377e-4
4.7798394730795844e-4
4.3105346466357534e-4
3.9468222134087595e-4
3.531230434871262e-4
3.1662549605164845e-4
2.895130756521252e-4
2.5907107141476753e-4
2.28602191279903e-4
2.0669880620004239e-4
1.8552153849570515e-4
1.626048408559782e-4
1.457428846666479e-4
1.315141457997435e-4
1.145463353264639e-4
1.0049952695768551e-4
9.026536226571239e-5
7.834328635822509e-5
6.721781286576397e-5
5.99649796694279e-5
5.2408260668604855e-5
4.4182760398858434e-5
3.886064326516365e-5
3.447479451121134e-5
2.8891723455150196e-5
2.459637193037244e-5
2.167294997171834e-5
1.812167128534822e-5
1.514513134231597e-5
1.3453340021223945e-5
1.1355680226955279e-5
9.219762019374792e-6
8.1808350904087e-6
