-9.477891952190656e-7
-9.225195847272632e-7
-1.1766543323596157e-6
-1.4608765028793542e-6
-1.4864819835746312e-6
-1.5633217706503675e-6
-1.8272961552551968e-6
-1.9899534952378316e-6
-2.111495172261564e-6
-2.3857647684781e-6
-2.7044346375147585e-6
-3.1021767502536036e-6
-3.5793326602676155e-6
-3.915950775320257e-6
-4.494503019812164e-6
-5.6854447585009045e-6
-6.673080058239996e-6
-7.116381665330805e-6
-8.046040840163397e-6
-9.431632631268936e-6
-1.0377209158852226e-5
-1.1688827392658687e-5
-1.4115348550194538e-5
-1.639836227437961e-5
-1.8172191266657045e-5
-2.0583682320728377e-5
-2.3549045575415706e-5
-2.6860471673082536e-5
-3.114408722803645e-5
-3.528982758276562e-5
-3.861842621810522e-5
-4.409843001795265e-5
-5.2536057346114964e-5
-5.931028439594385e-5
-6.288525273483482e-5
-6.823020109998645e-5
-7.799713443594476e-5
-8.861039715345777e-5
-9.766524626582266e-5
-1.0962948183194675e-4
-1.298498994728903e-4
-1.5446363137024076e-4
-1.7530438638614792e-4
-1.9503906754347994e-4
-2.2248859429819195e-4
-2.558949560719236e-4
-2.901257384497618e-4
-3.3158118131157644e-4
-3.887479495005991e-4
-4.585335951012949e-4
-5.254531365433162e-4
-5.740016033346335e-4
-6.211462139089289e-4
-7.051690972304328e-4
-8.0119428883044e-4
-8.407542456359022e-4
-8.660901019022228e-4
-9.916653572467301e-4
-0.0011911638914811036
-0.001378546349324673
-0.0016134363531363854
-0.0018781152132647564
-0.0019216934690152324
-0.0017677675558786271
-0.0018864362930006292
-0.002375733997385972
-0.002712253493664977
-0.002783357762511247
-0.0031570429754435975
-0.0038922770328283906
-0.004293585895750732
-0.004213976962741082
-0.004309544318628245
-0.004791015371342731
-0.005229719660907196
-0.0056052758597105725
-0.006260016005546429
-0.0070069989104039375
-0.007475019705848336
-0.007917611551637586
-0.008588333618814331
-0.008978609134368893
-0.008753469138359423
-0.008673217600977428
-0.009538275608150496
-0.01094262519141338
-0.011990509412639985
-0.01262361413777211
-0.013448284629667153
-0.014655343139464037
-0.015767189460833057
-0.016390811524215194
-0.01675280716338434
-0.01721809596777814
-0.017595421030375834
-0.017488825256544546
-0.01718064717294208
-0.01746671676215366
-0.018571275984425185
-0.019708663557074364
-0.019911971831100772
-0.019315516303687677
-0.019281096630793474
-0.020569560947608024
-0.02203257971839758
-0.022577427146670662
-0.023231266543838044
-0.02496510633391149
-0.026382741385530626
-0.026577375063100938
-0.027600754410653735
-0.03068668782635513
-0.03346730291800294
-0.03437035575834046
-0.035665685904423844
-0.03895374485490668
-0.042016064653246386
-0.042757242962747716
-0.04212800042006669
-0.04156091807555171
-0.041205385349719306
-0.041205569881521166
-0.04176539053042877
-0.04242036387223666
-0.043240714650919006
-0.04539383764809854
-0.049177107016278254
-0.052997514842295514
-0.05505907292302909
-0.05521158316146513
-0.05506772588750272
-0.056224286295575944
-0.05812746543566213
-0.05897160734087098
-0.05886541005381891
-0.059644205955507186
-0.06174558374344105
-0.06424537795856455
-0.06686168062219273
-0.06913468049961159
-0.06998673502614082
-0.06999072500146639
-0.07067096785696851
-0.071367860388943
-0.07088819511998036
-0.07050230422073353
-0.07139058516088743
-0.07262613272446442
-0.07418783382427367
-0.07699382298467748
-0.07959323712454586
-0.08048114403920557
-0.08162634633712643
-0.0844487699085111
-0.08666438297752023
-0.08717243851720503
-0.08820027715823521
-0.0902945633768514
-0.09144541997769544
-0.09155441749345464
-0.0921482417323576
-0.09297632110053862
-0.09321041305464806
-0.09355287683574001
-0.09438467045194766
-0.09491420338271124
-0.09556123216669667
-0.09769663656807248
-0.1003873048240398
-0.10107617946400103
-0.09972945032859515
-0.09852255211000313
-0.09783359162138572
-0.09682885372467048
-0.0966215432808063
-0.09793593786691086
-0.09835281080207589
-0.09688370777533
-0.09670341750092995
-0.09892292746941786
-0.10012955818496314
-0.09908748144619992
-0.09819261587293125
-0.09769180514938958
-0.09632700468473493
-0.09552357076948566
-0.09619449791931438
-0.09602874660892528
-0.09434815785897696
-0.09348647253385664
-0.093856063252509
-0.09384758863973801
-0.09335000328702493
-0.09271076990991851
-0.0914882722246224
-0.09026013407342078
-0.08958767100889911
-0.08816452761797923
-0.0857012914372448
-0.08424336007550186
-0.08415363146714018
-0.0832764691442571
-0.08078864389459599
-0.07765170774823026
-0.07422075471797755
-0.07048503091089384
-0.06691959225291133
-0.06375635195540717
-0.0609530091758124
-0.05839640176383758
-0.05539132803903439
-0.05159840455836295
-0.04811762707766561
-0.045741444844994913
-0.04356166203565089
-0.04078519546413057
-0.03793879860219662
-0.03557083904882239
-0.03358790583706905
-0.0317689176872496
-0.029853847632902407
-0.02777148712901971
-0.025854640404655817
-0.0240984539735107
-0.02208819702025945
-0.020100806475810327
-0.018797849842259042
-0.017890587518467036
-0.016681341722619755
-0.015310357187098216
-0.01418457499507879
-0.01317454101070276
-0.012164771354970794
-0.011300544938150315
-0.01045082186979549
-0.009400156082525531
-0.008382848174244435
-0.0076963209605496255
-0.007197558741860073
-0.006649923088809962
-0.006101964045665639
-0.005637932122248628
-0.005165471097195356
-0.004653399696795763
-0.004260467859210264
-0.004057568880903498
-0.0038833593493775233
-0.003613500443077789
-0.003307877108711602
-0.0030070171984704704
-0.0026810727654150283
-0.002391273778469347
-0.0022104491649370278
-0.002069562824197945
-0.0019004005592493515
-0.0017401298447110591
-0.0015900113578215236
-0.0014176809159878335
-0.0012772610109153843
-0.001200010555554166
-0.0011054298426263103
-9.703391246516843e-4
-8.740453679749764e-4
-8.263188463472836e-4
-7.676710848218967e-4
-6.989067808729321e-4
-6.465648105458949e-4
-5.964387209065699e-4
-5.421269747569612e-4
-4.94777353247157e-4
-4.4491060709118073e-4
-3.9000127434735837e-4
-3.486198275337739e-4
-3.2004909494068236e-4
-2.919998142925287e-4
-2.686478659190841e-4
-2.4863211436411344e-4
-2.2160379520136964e-4
-1.9499786904043746e-4
-1.78090718815905e-4
-1.6281973863788127e-4
-1.4667839260145874e-4
-1.3522663347267154e-4
-1.2287157628664198e-4
-1.0708333737969645e-4
-9.778604841177587e-5
-9.396052286132194e-5
-8.529788481763067e-5
-7.472388307125347e-5
-6.857120639442639e-5
-6.258119549126287e-5
-5.5015550528918115e-5
-4.9910997630824876e-5
-4.585078226104216e-5
-4.06969030848669e-5
-3.703761108187731e-5
-3.4251619006775235e-5
-2.9842542123841444e-5
-2.6222300912477553e-5
-2.4633005024102458e-5
