1.5003218278061877e-6
1.6238955165601237e-6
1.5797198322497543e-6
1.957430712283682e-6
2.2646539024696857e-6
2.218832856914378e-6
2.648358243457848e-6
3.3102136858731034e-6
3.4374843385232045e-6
3.88035709405891e-6
4.8925429612983755e-6
5.2794417599317364e-6
5.652861314702971e-6
7.0237795243939e-6
7.942336091453926e-6
8.271937988851452e-6
9.978833661868059e-6
1.2046483749445735e-5
1.270281534504399e-5
1.3770172060506004e-5
1.6049925557063512e-5
1.805527933502185e-5
2.081386083687528e-5
2.4683286122195205e-5
2.7196140793255027e-5
2.967607287876428e-5
3.445769261637962e-5
3.835563008322502e-5
4.088083502756803e-5
4.6596303317447574e-5
5.4257267960619763e-5
6.095094007289691e-5
6.929625011764408e-5
7.759473291819818e-5
8.323866262543891e-5
9.357509632333684e-5
1.0860083626979678e-4
1.1717991850354484e-4
1.2456440157294986e-4
1.4006981422374977e-4
1.5049664013205757e-4
1.5561405031712969e-4
1.8070129935742596e-4
2.1755173189832338e-4
2.3164687856578995e-4
2.3048824847968344e-4
2.4055915522592066e-4
2.594326740423837e-4
2.8931726139628036e-4
3.3591508706960917e-4
3.679105573941251e-4
3.721137345818747e-4
3.8953793975046345e-4
4.2577955693523425e-4
4.424347188506069e-4
4.5894047563183526e-4
5.158083186250191e-4
5.656217134654246e-4
5.446569999082192e-4
5.041437774532451e-4
5.514184634621717e-4
6.786221471445032e-4
7.455367107010371e-4
6.832747083114719e-4
6.047672717550845e-4
5.925553460225055e-4
5.688436699105299e-4
5.347871562067593e-4
6.223655231936642e-4
7.831905920399429e-4
8.44979411005974e-4
8.61852161971565e-4
9.560026552139296e-4
0.0010453167802948265
0.0011097810641099574
0.0012861277798170696
0.00151196374560602
0.0016371487140577597
0.0017970567677692696
0.0021304787455607025
0.0024759319610022884
0.0027420560951531467
0.0031013218042686063
0.0036432635996201178
0.004244832037733955
0.004763139240311953
0.005196526892858583
0.005750296154116713
0.0065800985466819215
0.0074693323246924955
0.00818199332830946
0.008917814452843663
0.009915711752569781
0.011025900685453609
0.0120333101315517
0.012954965727121947
0.013968949438279225
0.015273601147712305
0.016759657687200887
0.018070393488434502
0.01937447644781787
0.021245125152681413
0.023496295684745056
0.025387981702569583
0.026885961276502047
0.028408605914940346
0.02995842659925889
0.031567164817833185
0.03360812452826795
0.03605910706173866
0.03838355273607392
0.040257643445806686
0.04195538349746538
0.04415798872792701
0.04720102546168306
0.050546548814174544
0.05367406708823872
0.056824570445370905
0.06000314485213968
0.06254022807396763
0.06421084861147246
0.06546913527253488
0.06695830998541315
0.06953864622365484
0.0733349912617452
0.07701024261880995
0.07976086273112681
0.08237618605229818
0.08524904333921733
0.08818562219250455
0.0916994956487284
0.09557297567984559
0.0986516857092933
0.10143617453926675
0.10459775681573963
0.10658891696281822
0.10760664128246224
0.11051422496748611
0.11426533391207305
0.11528323686267809
0.11566090228910143
0.11893175958293611
0.12177910423242926
0.12122219813234265
0.1219371065946716
0.12710829003892882
0.13221826799863146
0.13336667313166384
0.13189595738550397
0.1299450673654655
0.12876430177946727
0.12880952618189015
0.12853439235076794
0.12716371191158124
0.12661175266795832
0.12704420648198034
0.12627172289190006
0.12482723091809683
0.12449811678136528
0.12387387103420477
0.12180029702469687
0.12046982080034854
0.12095892631886855
0.12139865712857194
0.12045587381286578
0.11786693278596796
0.1136027087844961
0.1091645053217313
0.10621230550422896
0.10398223008873009
0.10134471893676002
0.09888846776113688
0.09673829587975499
0.09375839843621418
0.08963225702388906
0.08508148819389236
0.08083296543971379
0.07738295774565394
0.07428037755144397
0.07034667767892017
0.06566613117811974
0.06137627581061019
0.05751657167805692
0.05339115351783793
0.048951670007354134
0.04436215071805302
0.039999560302265924
0.036723226026833436
0.03423305180189094
0.0310076685645721
0.027238671651211983
0.024738735109726642
0.023419888001613782
0.021362341547926354
0.018121596980422948
0.014991548664619339
0.012810094748961661
0.0114500281496622
0.010495648233342831
0.00955698575172094
0.008587957019195501
0.00783149107186101
0.007280800006623317
0.00681112461119949
0.006583257868424447
0.006640481928672633
0.0066908963551585085
0.006721830618102488
0.00705118414897969
0.007622814309565577
0.008057426723374112
0.008339304375652248
0.008735466616579295
0.009217645105052881
0.009570137270675842
0.009835172530329261
0.010138813388254864
0.010349174146086817
0.010355495382336459
0.010365236312359643
0.010540224955358335
0.010702235848561632
0.010675846652888255
0.010527255334534823
0.010327678599350482
0.010069361292730429
0.009816440704858313
0.009621740585957387
0.009400005018737475
0.009085175718258736
0.008745076529055176
0.008439017035964969
0.008127415457106069
0.007769451104217442
0.007397020538964905
0.007053784199827194
0.0067206996031205155
0.006365794918655871
0.0060238083572324115
0.005725335646722645
0.00541876577935237
0.0050799756576380625
0.004774246016579618
0.004516193520797461
0.0042403419583245975
0.003942522186382433
0.0036699454791929405
0.0034164268810885933
0.003166918930542142
0.0029394407217000064
0.002724207513346087
0.0025080223969724666
0.0023233965737213323
0.002171449848600401
0.0020046318969520784
0.0018288578003047876
0.0016850621067988339
0.0015561155621025395
0.001413627805466455
0.0012795003379062584
0.0011695722225997178
0.0010703399391021893
9.814751421650773e-4
9.034324998633961e-4
8.200742955870029e-4
7.337801796766009e-4
6.620518727042451e-4
6.015781476677944e-4
5.430538451585631e-4
4.902194499516986e-4
4.4209005324986856e-4
3.94704290299393e-4
3.537954087695107e-4
3.1917170701620354e-4
2.8283333359423033e-4
2.483870921521632e-4
2.2224679265131625e-4
1.9895606604447235e-4
1.7531777667433555e-4
1.555348043783404e-4
1.3827361566848875e-4
1.207868243858983e-4
1.0612320829477123e-4
9.420517716208414e-5
8.19016536272077e-5
7.124672445304919e-5
6.34765012587024e-5
5.519375403657853e-5
4.67461942858642e-5
4.081508180423353e-5
3.544848679056418e-5
2.932674343617568e-5
2.4935805769790085e-5
2.1993960747459027e-5
1.8282586293826854e-5
1.4971447920423084e-5
1.3137311486811458e-5
1.1153464896502913e-5
8.87110108595246e-6
7.513675639474554e-6
