-1.0909029077208552e-6
-1.0141345567789005e-6
-1.1294583798045587e-6
-1.4062779834750708e-6
-1.4389091220830977e-6
-1.5298706444061163e-6
-1.918372414325996e-6
-2.0709833243989278e-6
-2.073095398070134e-6
-2.5113707237884814e-6
-2.947373266323326e-6
-3.057639024981408e-6
-3.5461384248570896e-6
-4.226279277510234e-6
-4.431823752150034e-6
-4.9762860279212385e-6
-6.111118909115673e-6
-6.574457123530634e-6
-6.935514381744439e-6
-8.669822150061246e-6
-1.056181549556065e-5
-1.1620668925053248e-5
-1.3267909547163067e-5
-1.524345669576471e-5
-1.650269462959826e-5
-1.8996784623789703e-5
-2.3072913734607632e-5
-2.595574381614709e-5
-2.9084243596891558e-5
-3.5518066187818174e-5
-4.193444027023397e-5
-4.5631109930377434e-5
-5.0431619838390276e-5
-5.76113601807185e-5
-6.547326125336539e-5
-7.653783140356729e-5
-8.991587148233901e-5
-1.000775163242783e-4
-1.1250441501642946e-4
-1.3542708268324236e-4
-1.5797707313050085e-4
-1.682129733175296e-4
-1.7786608407378336e-4
-2.0106686277194215e-4
-2.3633862075357072e-4
-2.8386854377179403e-4
-3.411162527589054e-4
-3.856179402232987e-4
-4.084371141385821e-4
-4.419768420135337e-4
-5.091633662707382e-4
-5.871253562899242e-4
-6.636693763363008e-4
-7.666687847200933e-4
-8.925487034086584e-4
-9.889480944363354e-4
-0.0010604450824780315
-0.001186123718257404
-0.001373464107602393
-0.0015291265010036238
-0.0016356963311221567
-0.0017918344623689697
-0.002029083759302366
-0.0022834677198514753
-0.0025642691090037085
-0.002932628531626133
-0.0033281060377561133
-0.0036266220544919777
-0.003838940486835521
-0.004097275087033885
-0.0044690479990136915
-0.004858163950028168
-0.005142249795444747
-0.005432726247276901
-0.0059848856672548734
-0.006707365956481485
-0.0071764343838022675
-0.007357942057666743
-0.00770837659582699
-0.008373147535532003
-0.009051435685298712
-0.009679834896050689
-0.010386812286808222
-0.01100001415052391
-0.011435963831230841
-0.012037020385283948
-0.012852649721118076
-0.01345088543709273
-0.01385276991765887
-0.01453920844425022
-0.015400442933028927
-0.015890652528490933
-0.0161361738392914
-0.016782987342471124
-0.017907502234934865
-0.018854345611383605
-0.019104588961018732
-0.01907561422717811
-0.019847979612972896
-0.021650882148759737
-0.023122482552816133
-0.023107299072652753
-0.022414839836932043
-0.02249964627582835
-0.023482133049940426
-0.02470591415533852
-0.025926346100647885
-0.027124946404217407
-0.02845307994229503
-0.030251046240841534
-0.03195228199903613
-0.032330353620769185
-0.03185646885518829
-0.03240615393784008
-0.0340965590966405
-0.035489671054835525
-0.036457080477311256
-0.03745362928054887
-0.03775673361829205
-0.037676968254346785
-0.03931725866632981
-0.042559401309214755
-0.04464939085198185
-0.04511306712938803
-0.04598143549266485
-0.04737743816754152
-0.04820928329199048
-0.04944663247707213
-0.051801397721893745
-0.05319165888760541
-0.052448410614524224
-0.05186613046450855
-0.05343492498551078
-0.056159625393344265
-0.058408497755434406
-0.059833763856855175
-0.06053956062168785
-0.06054666510062395
-0.06037566297151931
-0.06105827097739902
-0.06293515176638338
-0.06481568778508859
-0.06557898838990965
-0.06606069484985895
-0.06722260640809352
-0.06803199347069348
-0.06822996399567627
-0.07014120533919473
-0.07402056531670012
-0.07608551951594918
-0.0748974848500872
-0.07426423737253807
-0.07683933576481154
-0.08069823835867236
-0.08403801485661612
-0.08739864446240982
-0.09025986757022392
-0.09064496839712807
-0.08893755032954935
-0.08829992345164503
-0.09033067024733223
-0.09286062387681333
-0.0935935971492726
-0.09384025619922436
-0.09581798127388048
-0.09828812332460189
-0.09900822811070345
-0.09919624567033135
-0.10080712170738243
-0.10242325828557877
-0.10240919356722403
-0.1022609477475759
-0.10336054652117047
-0.10501203262178703
-0.10734506745854942
-0.11095752367874462
-0.11376533723011507
-0.11338891310785064
-0.11123392001118405
-0.10998862644836714
-0.10976453829524473
-0.10977168485117157
-0.11036652597814552
-0.11140542908695407
-0.11189498934460836
-0.11207864411437603
-0.1129131969228405
-0.11376381921024144
-0.11330419458235097
-0.1118665992420864
-0.11059180886070887
-0.10938553849168302
-0.10771837868829393
-0.10614778246553874
-0.10521694893911467
-0.10417431494689658
-0.10235816664557851
-0.10039008752385083
-0.0987035251016379
-0.09657657258798136
-0.0936721826023082
-0.09073035914056915
-0.08800925050826579
-0.08483535567648372
-0.08103791527360749
-0.07719109548718561
-0.07348357210682506
-0.06971742552458961
-0.06607125728613227
-0.06280911829135594
-0.05970137570102105
-0.05638661938444327
-0.05283650974378574
-0.049232704098665085
-0.04585621309002811
-0.043018332637238754
-0.04062959424400143
-0.03809838023846622
-0.035122503838537204
-0.03220868142552922
-0.029923108319818592
-0.028088541751565697
-0.026258698812410348
-0.024440620080089244
-0.02275542677179493
-0.02100093468866611
-0.019137240674863727
-0.017538422111179418
-0.016307631482291206
-0.015084943831832924
-0.013785446460294476
-0.012711776868842842
-0.011874425892255552
-0.010994597127048247
-0.010068925980309734
-0.00927327803833878
-0.008570795361172941
-0.0078724102665446
-0.007229963469937337
-0.006642215851842043
-0.006044754409168988
-0.005504022224825162
-0.005087282923615384
-0.004691041949648153
-0.004248989072998536
-0.0038681147683964643
-0.003605522121929727
-0.0033695184630190933
-0.0031033169314394196
-0.0028432735001347985
-0.0026040586937365294
-0.002370905897370936
-0.0021600721264246657
-0.0019855071275134057
-0.0018208729836730465
-0.00164528794373576
-0.0014778730854295645
-0.001344945776748488
-0.001245397527406541
-0.0011573083558752534
-0.0010619945468310478
-9.577855639741603e-4
-8.582624430464697e-4
-7.789291026168984e-4
-7.207413782814295e-4
-6.686676224106107e-4
-6.114895525499262e-4
-5.544600584951768e-4
-5.059081168560339e-4
-4.650436997901718e-4
-4.284056830691284e-4
-3.9372878882124577e-4
-3.5759706685440626e-4
-3.2110571360685305e-4
-2.9029327856951984e-4
-2.648848717704943e-4
-2.3977819434019325e-4
-2.1637642619040933e-4
-1.9759051522296876e-4
-1.7973768554263066e-4
-1.613782974789791e-4
-1.473266042086045e-4
-1.3756786339962993e-4
-1.264333947403318e-4
-1.1312887446121235e-4
-1.0111513592816976e-4
-9.123521250359502e-5
-8.29525528836986e-5
-7.63842986026699e-5
-7.049324318346001e-5
-6.424604955218295e-5
-5.822164714002804e-5
-5.2710587625848414e-5
-4.7464778919621096e-5
-4.2946398980294934e-5
-3.905846006902787e-5
-3.5013188923951744e-5
-3.125211555845219e-5
-2.84174106316918e-5
-2.5768326174752096e-5
