-7.527018219704722e-6
-8.672278885874612e-6
-9.982444614204215e-6
-1.1479802657096682e-5
-1.318943350492784e-5
-1.5139530272576664e-5
-1.736175241925828e-5
-1.98916129841046e-5
-2.276890093784585e-5
-2.6038145442461182e-5
-2.974912775652022e-5
-3.395744053283534e-5
-3.872509411236772e-5
-4.4121176594374764e-5
-5.022257690782101e-5
-5.7114772786867886e-5
-6.489268097543972e-5
-7.366157437418631e-5
-8.353807835968049e-5
-9.465125228389603e-5
-1.0714375195814124e-4
-1.2117307333993197e-4
-1.3691289058202142e-4
-1.5455450011781925e-4
-1.7430836718972185e-4
-1.9640576855419807e-4
-2.2110054155755594e-4
-2.4867095702125797e-4
-2.7942171621990204e-4
-3.1368605876997595e-4
-3.5182798336311536e-4
-3.942446019811585e-4
-4.413686353162746e-4
-4.936710313346598e-4
-5.516636953170165e-4
-6.159023492022917e-4
-6.869895374765132e-4
-7.655777616660845e-4
-8.523727147132062e-4
-9.481366210757667e-4
-0.001053691707824979
-0.0011699237959888577
-0.0012977859671656784
-0.0014383022886694421
-0.0015925716236029734
-0.0017617715292227016
-0.0019471621890698749
-0.002150090330893192
-0.002371993145063482
-0.0026144022242587037
-0.0028789474730945247
-0.0031673609059054406
-0.0034814803189154443
-0.003823252871169932
-0.004194738541931912
-0.004598113357028543
-0.005035672325443292
-0.005509832120709034
-0.006023133508561971
-0.006578243407068083
-0.007177956467047666
-0.007825196185356738
-0.008523015592547598
-0.009274597424664693
-0.010083253619506792
-0.010952424102243997
-0.011885674934094653
-0.012886695790870224
-0.01395929658933912
-0.015107403158763659
-0.016335052039962366
-0.017646384460522364
-0.019045639327263764
-0.020537145062720537
-0.022125310339372355
-0.023814613849241134
-0.02560959302970136
-0.02751483152348187
-0.029534945360901777
-0.03167456806991875
-0.03393833476509729
-0.03633086500112761
-0.038856744284446035
-0.04152050446944449
-0.04432660325115867
-0.047279402619855436
-0.05038314608517761
-0.05364193484619673
-0.05705970327207384
-0.060640193718697444
-0.06438693044260785
-0.06830319268032743
-0.07239198734433062
-0.07665602158294621
-0.08109767500172657
-0.08571897146147263
-0.09052155089657464
-0.09550664162782757
-0.10067503310580025
-0.1060270488556015
-0.11156251994078398
-0.11728075958778736
-0.12318053913706913
-0.1292600650123905
-0.13551695679665365
-0.14194822710001337
-0.1485502636547477
-0.15531881336686143
-0.16224896812972261
-0.16933515296051094
-0.17657111713183127
-0.18394992819072079
-0.19146396841804506
-0.1991049339954104
-0.20686383766678648
-0.21473101505001982
-0.2226961340117186
-0.23074820695605405
-0.2388756067466168
-0.24706608669826
-0.255306804087734
-0.26358434660187996
-0.2718847621390217
-0.28019359263726024
-0.28849591157372645
-0.2967763642203475
-0.305019210609768
-0.3132083719255337
-0.3213274803073151
-0.3293599310196945
-0.337288936388257
-0.3450975820500021
-0.3527688858720842
-0.3602858586037194
-0.36763156519345275
-0.3747891869161361
-0.38174208493914763
-0.38847386475535256
-0.394968440130326
-0.40121009618599146
-0.4071835523105167
-0.41287402483577407
-0.41826728816112674
-0.4233497333959778
-0.4281084250436022
-0.43253115618405585
-0.43660650117393845
-0.4403238645589616
-0.44367352632078855
-0.44664668430521604
-0.4492354934179588
-0.4514331002073355
-0.45323367243800716
-0.4546324246259442
-0.45562563981880083
-0.4562106864704816
-0.45638602957215574
-0.45615123681914144
-0.4555069807264076
-0.4544550360752223
-0.4529982716054465
-0.45114063630078677
-0.44888714157706733
-0.4462438394729036
-0.44321779576543124
-0.4398170578820602
-0.4360506189327863
-0.43192837868844863
-0.4274611007621523
-0.42266036541704965
-0.4175385190289761
-0.4121086215657267
-0.406384391892346
-0.40038015008436273
-0.3941107572633655
-0.38759155449799315
-0.3808383012473822
-0.37386711254756483
-0.36669439485592487
-0.35933678195180163
-0.35181107190557304
-0.3441341646122303
-0.33632299931968895
-0.3283944930713205
-0.3203654813926036
-0.31225266117518113
-0.3040725349185706
-0.2958413566300627
-0.28757508068887155
-0.2792893141197477
-0.27099927144940394
-0.2627197318232545
-0.2544649993724005
-0.24624886764371756
-0.23808458751819914
-0.22998483783862908
-0.22196169921784398
-0.2140266319791826
-0.2061904580453746
-0.19846334580216043
-0.1908547978269746
-0.1833736423183516
-0.1760280284409526
-0.16882542468740963
-0.16177261965333128
-0.15487572574338176
-0.14814018630257952
-0.1415707855559665
-0.1351716604634496
-0.12894631457807398
-0.12289763450107805
-0.11702790869181354
-0.111338847694422
-0.10583160545757855
-0.10050680224475882
-0.09536454924773718
-0.09040447413835782
-0.08562574693960197
-0.08102710647945593
-0.07660688778182063
-0.07236304993706345
-0.06829320371696286
-0.06439463891296464
-0.06066435183162792
-0.05709907283468281
-0.05369529325421097
-0.05044929141018502
-0.0473571580990043
-0.044414821726587464
-0.04161807261826496
-0.038962586081061464
-0.03644394442581726
-0.034057658291897136
-0.0317991870712811
-0.029663957982273705
-0.02764738381004381
-0.025744879694729172
-0.02395187901515763
-0.022263848004839576
-0.02067629896060475
-0.019184802355129267
-0.01778499808104441
-0.016472605620427516
-0.015243432914326846
-0.014093384114377388
-0.0130184665251194
-0.012014796705806354
-0.011078605501073011
-0.010206242044478767
-0.009394177032554038
-0.008639005381623323
-0.007937448098022193
-0.0072863532979174144
-0.006682696599158275
-0.00612358108218997
-0.0056062367452078985
-0.00512801933498152
-0.004686408672180145
-0.004279006688268134
-0.0039035351940072895
-0.0035578332584909936
-0.00323985422066166
-0.0029476625175418394
-0.0026794304184705854
-0.0024334345799179344
-0.0022080523749956993
-0.0020017581184528974
-0.001813119308777634
-0.0016407928537577044
-0.0014835212031573172
-0.0013401284395480116
-0.001209516445238819
-0.0010906611601835708
-9.826088565445942e-4
-8.844724239308949e-4
-7.954277540550982e-4
-7.14710271989357e-4
-6.416115624040273e-4
-5.754760500363407e-4
-5.156977831133363e-4
-4.617173783633208e-4
-4.130191057750527e-4
-3.691280607581174e-4
-3.2960743453884327e-4
-2.9405593495425485e-4
-2.621053616495841e-4
-2.3341828941285335e-4
-2.0768584323945614e-4
-1.846255999656018e-4
-1.6397963621536473e-4
-1.4551269204826165e-4
-1.290104202430582e-4
-1.1427773572193165e-4
-1.0113728952496995e-4
-8.942805403693247e-5
-7.900398787021407e-5
-6.973277772742111e-5
-6.149467772290548e-5
-5.418144650784473e-5
-4.76953570609621e-5
