-7.527017431233285e-6
-8.672279360186637e-6
-9.982445702217584e-6
-1.147980246506309e-5
-1.3189432163165458e-5
-1.5139530048642346e-5
-1.7361753915261426e-5
-1.9891613744616547e-5
-2.276889944454022e-5
-2.603814405983614e-5
-2.9749129036420176e-5
-3.395744256369153e-5
-3.872509329761559e-5
-4.4121173971526394e-5
-5.022257698712264e-5
-5.7114775844857715e-5
-6.489268188772561e-5
-7.366157114819781e-5
-8.353807625381157e-5
-9.465125530389598e-5
-1.0714375536081521e-4
-1.2117307098710077e-4
-1.3691288592122635e-4
-1.5455450129320836e-4
-1.743083728913724e-4
-1.9640576906184204e-4
-2.211005352317328e-4
-2.4867095439958713e-4
-2.794217225551277e-4
-3.136860637844799e-4
-3.518279778056788e-4
-3.9424459452586466e-4
-4.413686391951086e-4
-4.936710409839091e-4
-5.51663694042694e-4
-6.159023379469948e-4
-6.869895353088898e-4
-7.655777735937165e-4
-8.523727209443251e-4
-9.481366097268765e-4
-0.0010536916972554758
-0.0011699238052824549
-0.001297785981883721
-0.0014383022830065557
-0.0015925716054662614
-0.0017617715297566824
-0.0019471622093152937
-0.002150090336700764
-0.0023719931245423254
-0.0026144022113835583
-0.0028789474916283975
-0.0031673609258863864
-0.003481480304856258
-0.0038232528448392702
-0.004194738549063632
-0.004598113388046998
-0.005035672327382047
-0.005509832087499711
-0.006023133496070762
-0.006578243439257912
-0.007177956490654848
-0.007825196157833536
-0.00852301555842188
-0.009274597443762831
-0.010083253662282627
-0.01095242409496114
-0.01188567488581756
-0.012886695783697999
-0.013959296638876857
-0.015107403181788367
-0.016335051994122232
-0.01764638442174854
-0.019045639364151327
-0.020537145115400304
-0.02212531031642585
-0.023814613786288515
-0.025609593034557614
-0.027514831591585888
-0.029534945376760893
-0.03167456800297509
-0.03393833472785718
-0.036330865059982724
-0.03885674434158962
-0.04152050442537262
-0.04432660317785485
-0.04727940264343472
-0.0503831461687225
-0.05364193484727211
-0.05705970318575054
-0.0606401936911313
-0.06438693052357096
-0.06830319273360279
-0.07239198727722468
-0.07665602150768437
-0.08109767504759222
-0.08571897155259571
-0.09052155087740846
-0.09550664152916774
-0.10067503309514003
-0.10602704895275164
-0.11156251998105662
-0.11728075950195624
-0.12318053907014462
-0.1292600650782674
-0.1355169568839917
-0.14194822706061438
-0.1485502635553919
-0.1553188133755813
-0.16224896823096938
-0.16933515298277177
-0.1765711170386921
-0.18394992814038116
-0.19146396849404415
-0.19910493406806232
-0.20686383761510208
-0.21473101496338268
-0.22269613403448868
-0.2307482070464172
-0.23887560675251154
-0.24706608661361892
-0.2553068040556228
-0.26358434667197655
-0.2718847621920513
-0.28019359258899557
-0.2884959115088087
-0.29677636424370396
-0.30501921067698223
-0.31320837192693834
-0.3213274802469673
-0.3293599309973371
-0.33728893643387525
-0.345097582087241
-0.35276888584598315
-0.360285858560873
-0.3676315651977132
-0.3747891869561611
-0.38174208495469086
-0.3884738647275408
-0.39496844010062476
-0.40121009619582637
-0.40718355234641135
-0.41287402484755925
-0.41826728812788544
-0.42334973336295817
-0.42810842506344743
-0.432531156233375
-0.4366065011755305
-0.44032386450012456
-0.4436735262921282
-0.446646684360985
-0.44923549347407893
-0.45143310016471916
-0.453233672357202
-0.4546324246440914
-0.4556256399159285
-0.45621068648549157
-0.4563860294690559
-0.4561512367668606
-0.4555069808226603
-0.45445503616679606
-0.45299827153144817
-0.45114063617697153
-0.44888714161682886
-0.44624383961959335
-0.4432177957707342
-0.43981705772740215
-0.4360506188775189
-0.4319283788351145
-0.42746110086723654
-0.4226603652952141
-0.41753851888011156
-0.4121086216461295
-0.406384392072602
-0.4003801500561834
-0.39411075706679655
-0.3875915544663903
-0.38083830144150904
-0.3738671126396462
-0.3666943946844594
-0.3593367818045789
-0.3518110720362933
-0.3441341648021431
-0.33632299924366804
-0.32839449285460165
-0.3203654814042803
-0.31225266139814684
-0.30407253497398584
-0.2958413564215672
-0.28757508057052183
-0.2792893142939017
-0.2709992716203989
-0.26271973169960366
-0.25446499916470555
-0.2462488677054921
-0.23808458774348729
-0.22998483784414545
-0.22196169899575854
-0.21402663190781845
-0.20619045824421592
-0.1984633459312808
-0.1908547976685667
-0.18337364214461696
-0.1760280285455172
-0.16882542488859964
-0.16177261960974712
-0.15487572553353915
-0.14814018628364967
-0.14157078575522786
-0.13517166053987006
-0.12894631440652626
-0.12289763437685731
-0.11702790882204413
-0.11133884785241263
-0.10583160537757001
-0.10050680206890718
-0.09536454927390227
-0.09040447431516452
-0.08562574696565801
-0.08102710631732278
-0.07660688771015163
-0.07236305007152588
-0.06829320382418531
-0.06439463881556151
-0.06066435170148578
-0.05709907288996401
-0.053695293393744445
-0.050449291397759256
-0.04735715796321532
-0.04441482169947262
-0.04161807273878497
-0.038962586141039694
-0.03644394432943887
-0.034057658207988346
-0.03179918713789207
-0.02966395807993898
-0.027647383775431165
-0.025744879593535202
-0.023951879018735373
-0.022263848100200472
-0.020676298984313633
-0.019184802273158347
-0.01778499803583925
-0.01647260568365966
-0.015243432974029737
-0.014093384072751647
-0.013018466458259931
-0.012014796725343845
-0.011078605568142741
-0.010206242045373105
-0.009394176971224433
-0.008639005363584617
-0.007937448149109258
-0.007286353328718245
-0.006682696561150841
-0.006123581043481531
-0.005606236768986447
-0.005128019376805634
-0.004686408662271144
-0.004279006647606071
-0.003903535191653716
-0.003557833294572921
-0.003239854232816667
-0.002947662488416525
-0.0026794303994596372
-0.0024334346008059817
-0.002208052397823793
-0.002001758106062973
-0.0018131192849447982
-0.0016407928582399744
-0.001483521225629733
-0.001340128441751506
-0.0012095164258824605
-0.0010906611529089446
-9.8260887168589e-4
-8.844724345127929e-4
-7.954277435907232e-4
-7.147102598019066e-4
-6.416115682777244e-4
-5.754760623413321e-4
-5.156977813206777e-4
-4.6171736710831987e-4
-4.1301910428045746e-4
-3.691280701659978e-4
-3.296074383907033e-4
-2.9405592782554213e-4
-2.6210535638131026e-4
-2.3341829415924565e-4
-2.07685849069893e-4
-1.8462559744362872e-4
-1.6397963052119236e-4
-1.4551269268523465e-4
-1.2901042529204118e-4
-1.142777365275838e-4
-1.0113728543328281e-4
-8.942805226119111e-5
-7.900399087272238e-5
-6.973278002844439e-5
-6.149467579458398e-5
-5.418144405893129e-5
-4.769535803731382e-5
