1.0
1.0050167224080269
1.0100334448160537
1.0150501672240806
1.0200668896321075
1.0250836120401343
1.0301003344481612
1.035117056856188
1.040133779264215
1.0451505016722418
1.0501672240802686
1.0551839464882955
1.0602006688963224
1.0652173913043492
1.070234113712376
1.075250836120403
1.0802675585284298
1.0852842809364567
1.0903010033444835
1.0953177257525104
1.1003344481605373
1.1053511705685641
1.110367892976591
1.1153846153846179
1.1204013377926447
1.1254180602006716
1.1304347826086985
1.1354515050167253
1.1404682274247522
1.145484949832779
1.150501672240806
1.1555183946488328
1.1605351170568596
1.1655518394648865
1.1705685618729134
1.1755852842809402
1.180602006688967
1.185618729096994
1.1906354515050208
1.1956521739130477
1.2006688963210745
1.2056856187291014
1.2107023411371283
1.2157190635451551
1.220735785953182
1.2257525083612089
1.2307692307692357
1.2357859531772626
1.2408026755852894
1.2458193979933163
1.2508361204013432
1.25585284280937
1.260869565217397
1.2658862876254238
1.2709030100334506
1.2759197324414775
1.2809364548495044
1.2859531772575312
1.290969899665558
1.295986622073585
1.3010033444816118
1.3060200668896387
1.3110367892976655
1.3160535117056924
1.3210702341137193
1.3260869565217461
1.331103678929773
1.3361204013377999
1.3411371237458267
1.3461538461538536
1.3511705685618804
1.3561872909699073
1.3612040133779342
1.366220735785961
1.371237458193988
1.3762541806020148
1.3812709030100416
1.3862876254180685
1.3913043478260954
1.3963210702341222
1.401337792642149
1.406354515050176
1.4113712374582028
1.4163879598662297
1.4214046822742565
1.4264214046822834
1.4314381270903103
1.4364548494983371
1.441471571906364
1.4464882943143909
1.4515050167224177
1.4565217391304446
1.4615384615384714
1.4665551839464983
1.4715719063545252
1.476588628762552
1.481605351170579
1.4866220735786058
1.4916387959866326
1.4966555183946595
1.5016722408026864
1.5066889632107132
1.51170568561874
1.516722408026767
1.5217391304347938
1.5267558528428207
1.5317725752508475
1.5367892976588744
1.5418060200669013
1.5468227424749281
1.551839464882955
1.5568561872909819
1.5618729096990087
1.5668896321070356
1.5719063545150624
1.5769230769230893
1.5819397993311162
1.586956521739143
1.59197324414717
1.5969899665551968
1.6020066889632236
1.6070234113712505
1.6120401337792774
1.6170568561873042
1.622073578595331
1.627090301003358
1.6321070234113848
1.6371237458194117
1.6421404682274385
1.6471571906354654
1.6521739130434923
1.6571906354515191
1.662207357859546
1.6672240802675728
1.6722408026755997
1.6772575250836266
1.6822742474916534
1.6872909698996803
1.6923076923077072
1.697324414715734
1.702341137123761
1.7073578595317878
1.7123745819398146
1.7173913043478415
1.7224080267558683
1.7274247491638952
1.732441471571922
1.737458193979949
1.7424749163879758
1.7474916387960027
1.7525083612040295
1.7575250836120564
1.7625418060200833
1.7675585284281101
1.772575250836137
1.7775919732441638
1.7826086956521907
1.7876254180602176
1.7926421404682444
1.7976588628762713
1.8026755852842982
1.807692307692325
1.812709030100352
1.8177257525083788
1.8227424749164056
1.8277591973244325
1.8327759197324593
1.8377926421404862
1.842809364548513
1.84782608695654
1.8528428093645668
1.8578595317725937
1.8628762541806205
1.8678929765886474
1.8729096989966743
1.8779264214047011
1.882943143812728
1.8879598662207548
1.8929765886287817
1.8979933110368086
1.9030100334448354
1.9080267558528623
1.9130434782608892
1.918060200668916
1.923076923076943
1.9280936454849698
1.9331103678929966
1.9381270903010235
1.9431438127090503
1.9481605351170772
1.953177257525104
1.958193979933131
1.9632107023411578
1.9682274247491847
1.9732441471572115
1.9782608695652384
1.9832775919732653
1.9882943143812921
1.993311036789319
1.9983277591973458
2.0033444816053727
2.0083612040133993
2.013377926421426
2.0183946488294526
2.0234113712374793
2.028428093645506
2.0334448160535326
2.038461538461559
2.043478260869586
2.0484949832776125
2.053511705685639
2.0585284280936658
2.0635451505016924
2.068561872909719
2.0735785953177457
2.0785953177257723
2.083612040133799
2.0886287625418256
2.0936454849498523
2.098662207357879
2.1036789297659055
2.108695652173932
2.113712374581959
2.1187290969899855
2.123745819398012
2.1287625418060387
2.1337792642140654
2.138795986622092
2.1438127090301187
2.1488294314381453
2.153846153846172
2.1588628762541986
2.1638795986622252
2.168896321070252
2.1739130434782785
2.178929765886305
2.183946488294332
2.1889632107023584
2.193979933110385
2.1989966555184117
2.2040133779264384
2.209030100334465
2.2140468227424916
2.2190635451505183
2.224080267558545
2.2290969899665716
2.234113712374598
2.239130434782625
2.2441471571906515
2.249163879598678
2.254180602006705
2.2591973244147314
2.264214046822758
2.2692307692307847
2.2742474916388113
2.279264214046838
2.2842809364548646
2.2892976588628913
2.294314381270918
2.2993311036789446
2.304347826086971
2.309364548494998
2.3143812709030245
2.319397993311051
2.3244147157190778
2.3294314381271044
2.334448160535131
2.3394648829431577
2.3444816053511843
2.349498327759211
2.3545150501672376
2.3595317725752643
2.364548494983291
2.3695652173913175
2.374581939799344
2.379598662207371
2.3846153846153975
2.389632107023424
2.3946488294314507
2.3996655518394774
2.404682274247504
2.4096989966555307
2.4147157190635573
2.419732441471584
2.4247491638796106
2.4297658862876372
2.434782608695664
2.4397993311036905
2.444816053511717
2.449832775919744
2.4548494983277704
2.459866220735797
2.4648829431438237
2.4698996655518504
2.474916387959877
2.4799331103679036
2.4849498327759303
2.489966555183957
2.4949832775919836
2.50000000000001
