3.4596374555531087e-7
4.4204746244053376e-7
6.507482903623773e-7
8.982330621400093e-7
1.1640303108265236e-6
1.4780356179285927e-6
1.8711189197133808e-6
2.298191082341162e-6
2.808092333793543e-6
3.370877780760186e-6
3.964649391438794e-6
4.695557977031204e-6
5.670250473344848e-6
6.646430740169252e-6
7.709366929178807e-6
8.950547514385379e-6
1.0446318972484735e-5
1.2014778374852934e-5
1.3098775787820278e-5
1.3674344216963853e-5
1.688878807997488e-5
2.1027981237410058e-5
2.504144075179771e-5
2.9094298222445924e-5
3.2598069006766036e-5
3.5693464808203996e-5
3.8740105164828416e-5
4.175625634954752e-5
4.669467080528984e-5
5.2203773326871074e-5
5.9257625130888385e-5
6.931330756408879e-5
7.703762183306358e-5
8.099448505306169e-5
8.514062046964272e-5
9.096436043565316e-5
9.501369151988073e-5
1.0624171373397026e-4
1.1868729269835276e-4
1.1933605888890112e-4
1.3707671069101006e-4
1.5809422166803588e-4
1.783930561573544e-4
1.9964193381428612e-4
2.3998945874326237e-4
2.827984447849735e-4
3.261114415128081e-4
3.764544724094029e-4
4.244499445890862e-4
4.6280444848313315e-4
4.768872754962733e-4
4.640178450755145e-4
4.445822084256107e-4
4.210595570043027e-4
3.7084048016018125e-4
2.81066517983444e-4
3.2521626896849307e-4
4.55342159210881e-4
6.172398076639642e-4
6.885641135376995e-4
9.645882622476348e-4
0.001149000403738627
0.00127504939246764
0.0013145669243735667
0.0013133095392883988
0.0013005513017532232
0.0012551120909287073
0.0011892411995749156
9.980114098224503e-4
8.285192400587222e-4
8.679738144645461e-4
0.0011257592657956804
0.0014859667505392748
0.0018395988908460645
0.0022421001724094365
0.0028011460284070163
0.0032625447042498538
0.003584767198599155
0.003887280586396931
0.0037717513351582803
0.0035968178522575393
0.0032939553447088473
0.00343164022175633
0.00393553515985934
0.004925554330397696
0.006041217220897319
0.007109806202903318
0.007811309013019776
0.007960803292629687
0.007771192287505365
0.0076352850598960815
0.00755812120233822
0.007360363861565118
0.008196322392179324
0.010787941178759176
0.013828864885914071
0.01621617904489519
0.019000341461246024
0.021946665851214773
0.024608254928653338
0.027191888482937777
0.029190174013270342
0.032002394740820325
0.03425877952708898
0.03536982080916111
0.03575757656655275
0.03692348864725905
0.03869828752934336
0.03993196138958537
0.04152926241796823
0.044002618246352654
0.045934639722207904
0.046585968599012026
0.05225718631768964
0.05656526702198156
0.05760249492263081
0.059623520013504724
0.06325207734870811
0.06516911525935046
0.06614892456581759
0.06741619521428763
0.0687133145026114
0.07082638438537395
0.07418744333470803
0.07812492738259036
0.07982733804961534
0.08100171161709518
0.08126913776215638
0.08276122721320275
0.08286839354481806
0.08467717740793826
0.08844198606138684
0.09349762898247851
0.09770730740115655
0.09801081080237625
0.0963458513146226
0.09428911466597946
0.09562848577567962
0.10212404638317375
0.10664383856497667
0.11044189304022628
0.1256483348569976
0.13625005877078428
0.13412395662090779
0.11255244753287273
0.10474447351433838
0.10559758070193176
0.10734242201802331
0.10924915508588814
0.11091332877382376
0.1097023195009709
0.10980012195445167
0.11152526011874866
0.11258153320154844
0.1131926004034261
0.112597600884531
0.10978926482649634
0.10772678124207055
0.10412059576856478
0.10382240953197792
0.10511281234901582
0.10812008876861773
0.10970607364162696
0.11052815642157254
0.11087363648677019
0.11023572200223053
0.11057383427900738
0.11037070662500702
0.10905410697000592
0.10185000856781348
0.09616751267992865
0.09748227741117949
0.09613439838338642
0.09182260768610455
0.08793160080215737
0.08512612064593583
0.08296685649297446
0.0781167923857475
0.07191071203972499
0.06866853337001082
0.06774501194893107
0.06596748202584317
0.0619528820754617
0.056830308070172406
0.05364804144270763
0.05180099178093389
0.04867055440961065
0.04446090229925369
0.03989735436620784
0.036700591413997445
0.034449108993783395
0.03157578704311373
0.02860618695334749
0.025405385646997743
0.023233680296708754
0.02097322387406971
0.01792855660078336
0.014867448190424938
0.012982439842725213
0.013232141557549796
0.012284816702013125
0.011595981843461918
0.010948092568813267
0.01152767559906992
0.012211362414159401
0.011417814792868911
0.010498435814369829
0.010057790147096126
0.009841199664891193
0.009812784473835092
0.009915965686456429
0.008789388329711646
0.008253433330552725
0.00843487433970858
0.008629958418099192
0.00911054931283356
0.009358567596457153
0.00912839228513774
0.008795205176338215
0.009037690068226155
0.008953573120374947
0.009003144128524923
0.008818041407559256
0.008303092014079215
0.007805431290701931
0.007216774109088085
0.006828330631834195
0.006620948308435198
0.006548022930725469
0.00656618592822557
0.006821743484881894
0.007292538738873511
0.007713227557306213
0.007976231132962554
0.007449238870896424
0.006763451675446446
0.006173822441939205
0.0057446871948628846
0.005183816970607293
0.004819302035748619
0.00480109966413842
0.004568802298438818
0.00433546727286507
0.004010801402623632
0.003686492327448409
0.0034326596632440276
0.00329545175451068
0.003117752435196813
0.002920125654743376
0.0026776688053667536
0.0024359897656691942
0.002173488875911066
0.0019754649503451187
0.0018363041579847117
0.0017043086628517501
0.0015792118435876427
0.0014533227731524931
0.0013252450660521534
0.0012345475567389903
0.0011052684630188524
9.775547970186894e-4
8.55789488344062e-4
7.670725543742061e-4
7.213134539282207e-4
6.736787097955549e-4
6.401020533166038e-4
5.927134394418184e-4
5.469815120540448e-4
4.907526760552484e-4
4.275950038143523e-4
3.718179826536144e-4
3.3871099828337956e-4
3.0916973773394265e-4
2.780451829373377e-4
2.4819394560911723e-4
2.2418616494653692e-4
2.0279333961520705e-4
1.7678426649984715e-4
1.517077026306906e-4
1.3681718077383182e-4
1.2276356256991417e-4
1.084872914084008e-4
9.393724994396374e-5
8.159812827642515e-5
7.207452323964167e-5
6.306189229001626e-5
5.506888806218109e-5
4.796326290980141e-5
4.2727223982063805e-5
3.665788574665868e-5
3.0184416048662902e-5
2.5324443737511372e-5
2.2416871223279328e-5
1.798498336837296e-5
1.4494292570842472e-5
1.238036589470932e-5
1.0772436333905931e-5
9.475772774332497e-6
8.389481992439793e-6
6.898470789767808e-6
