-7.944746993397841e-7
-1.0123413258114693e-6
-1.134841081851231e-6
-1.237139683164564e-6
-1.3463226470922794e-6
-1.469635830527753e-6
-1.5915232403404695e-6
-1.7407489332760509e-6
-1.8915656463388826e-6
-2.0655550926423507e-6
-2.3039422477994387e-6
-2.5583064308698016e-6
-2.7371438800208827e-6
-3.0036327642742034e-6
-3.4179485816687154e-6
-3.84586759337611e-6
-4.224964936199322e-6
-4.683425078763351e-6
-5.615923885872611e-6
-7.001108632523517e-6
-7.37157652695543e-6
-7.543181007376941e-6
-7.865640732733523e-6
-8.236382671159406e-6
-9.92304465088398e-6
-1.2510081689096467e-5
-1.6114506870222056e-5
-2.088549134715306e-5
-2.4458450691852926e-5
-2.835261503557448e-5
-3.0926593973998785e-5
-3.333260077369793e-5
-3.8332182744094445e-5
-4.844378158252346e-5
-5.706149097352285e-5
-6.8964264004177e-5
-8.14203958141484e-5
-9.144391980053592e-5
-1.0484503631851358e-4
-1.341065886164112e-4
-1.5877559578321258e-4
-1.7641948210389688e-4
-1.9449371124931786e-4
-2.12473299844751e-4
-2.1607898378384928e-4
-2.29824812616666e-4
-2.5374252657215697e-4
-2.7235103890684947e-4
-2.923275289378304e-4
-3.254393193751117e-4
-3.8885667688975375e-4
-4.91635245722681e-4
-6.073936495670903e-4
-7.133445563606832e-4
-8.073050118168444e-4
-0.0010097050607361423
-0.0011431189238622554
-0.0012166281474141915
-0.0012193766710653553
-0.0012003592789680373
-0.001254697139309343
-0.001333807073298891
-0.0014484842358142309
-0.0016630704724470906
-0.0019518452801343864
-0.0022580254726165387
-0.002621324559752158
-0.003029472266405944
-0.0035530542450294697
-0.0040086882648831465
-0.004204632318129807
-0.004325735216609162
-0.004388379889168496
-0.004261728458784539
-0.003975548262183142
-0.004147764628798083
-0.004899895567016324
-0.005130705896595908
-0.005640030707083658
-0.006442875460398818
-0.007312025186085187
-0.008127458855410594
-0.00883491036969521
-0.009292279459596377
-0.009425592889771938
-0.009529804525077781
-0.009808167040980382
-0.01033074093718353
-0.011271673262034666
-0.012430820350416254
-0.013648119292518995
-0.014709294455077779
-0.015843055597833562
-0.01630645542013051
-0.01416548323819368
-0.014050438952518063
-0.016301084570070196
-0.016541735051696437
-0.016484554512985243
-0.015773398334860605
-0.014927800727902441
-0.015413155779163952
-0.015835892444549825
-0.016812791328595846
-0.018666853305671582
-0.02178522686115804
-0.023547929910546803
-0.024707456457047677
-0.0260014835540945
-0.026836013532273204
-0.028044345248857704
-0.02892391374826285
-0.02914868732947824
-0.033462104653126795
-0.03502345963096215
-0.03662355703965448
-0.03789969706263943
-0.03918831362965047
-0.041493954734754965
-0.04544341870746406
-0.048611980711985095
-0.04949563714509313
-0.046882794543816136
-0.04348192187511177
-0.044115383347654795
-0.04538506488662389
-0.04873547362768808
-0.05402983120397521
-0.05790549026219015
-0.06289758680914853
-0.06864706771782213
-0.07218595880313258
-0.07165655887907038
-0.07138774422710628
-0.0748945183338729
-0.07935144265946212
-0.08316178637016139
-0.08408153105975612
-0.08034014386627895
-0.0785757615527489
-0.07556909742533885
-0.06785213528775992
-0.0635892470655782
-0.06781582855401613
-0.09313327419837988
-0.10562446978499257
-0.10849421017642744
-0.10589739194860928
-0.10425723269027513
-0.10785325798527312
-0.11356487442287472
-0.11631048293653917
-0.11332744260773718
-0.1166796265326269
-0.11858516755918218
-0.12077535449478019
-0.1254268384461267
-0.12649821063385053
-0.12821219306340356
-0.13150265690629784
-0.13069364184949822
-0.1304824400162765
-0.12937625436653533
-0.12874235594005706
-0.12846479250636555
-0.12854164733299386
-0.12484452559336942
-0.11874567484899529
-0.11405418382119226
-0.1178140342496097
-0.1193007499454878
-0.12232140471079797
-0.1258755656766688
-0.12999237038478006
-0.13131325471342828
-0.12903977458925975
-0.1261622577949401
-0.12331478714918062
-0.12084525982995498
-0.12158490120638499
-0.12174964395317933
-0.11988820359835677
-0.12165351785292632
-0.12425269747669501
-0.12579090446670696
-0.12456856419285647
-0.1229128891610892
-0.11913885853509928
-0.1193595420867235
-0.1196649117345221
-0.11877673758877436
-0.11839538457997838
-0.11593073659790422
-0.11324254887331431
-0.11011093259980226
-0.10696686790358945
-0.10572955663614662
-0.10522894425906931
-0.10391008254947037
-0.09818394856048226
-0.09569981763774849
-0.09094215485697787
-0.08751044134274338
-0.08177819139024843
-0.07578153462443094
-0.07328258809536728
-0.07043428691339562
-0.06721026741776596
-0.06411016203176033
-0.06088210097174926
-0.05736807753798558
-0.05558943640520082
-0.05439346180571549
-0.05163037986514383
-0.04764156151347657
-0.04313310176614188
-0.039874962572767264
-0.039060008530190635
-0.03865151102629702
-0.03645669713726021
-0.034132374902696605
-0.031636599813315
-0.029861737345263276
-0.028468662750682536
-0.02727818075943279
-0.02599417441176829
-0.024389104366215608
-0.022559033594752323
-0.020806155527525575
-0.018880649798475934
-0.01633497290256923
-0.013485208841727457
-0.010877412602067288
-0.009087967328068141
-0.009199754301222118
-0.009262171147482599
-0.008718342819562425
-0.0079130205625438
-0.007762794006510721
-0.007079540308853793
-0.0063568878538162775
-0.005946164632437233
-0.005316259254906346
-0.0047775004237786125
-0.004408914627380271
-0.004314009549097461
-0.003958397405955723
-0.003705363502906948
-0.003405353567309566
-0.0032093553870100795
-0.0030588360658401243
-0.002887819345716936
-0.0026953681635654226
-0.002463717681060096
-0.002224755766074794
-0.0020173398770054083
-0.0018080213566708178
-0.0016332654592327092
-0.001536697046626595
-0.0014587427029447105
-0.00133701702009356
-0.0012066223143807559
-0.0011195273117715634
-0.0010190890928961002
-8.983979693704953e-4
-7.845584737709064e-4
-7.035098634976747e-4
-6.114564176846468e-4
-5.575511171829246e-4
-5.242051811201757e-4
-4.840359630351648e-4
-4.401394554906816e-4
-4.054309445088052e-4
-3.728967728658414e-4
-3.4255256936902375e-4
-3.101537918228193e-4
-2.757441086172447e-4
-2.471863321668336e-4
-2.2620669674261863e-4
-2.0922938305842007e-4
-1.8765344431174292e-4
-1.6979926305109988e-4
-1.5523200472260959e-4
-1.4145652905274143e-4
-1.2672607789158263e-4
-1.1059735998288597e-4
-9.887179391180131e-5
-8.947204935098624e-5
-8.049587719451874e-5
-7.367550477982661e-5
-6.680922754325456e-5
-5.9727046985796173e-5
-5.205815305873649e-5
-4.6903758137941634e-5
-4.4027355986848e-5
-4.052206412927061e-5
-3.617546022848801e-5
-3.1571249295797845e-5
-2.7308789430606697e-5
-2.3792983534825752e-5
