1.1008160425987215e-6
1.3049544675060563e-6
1.5818844256795444e-6
1.6544919680360418e-6
1.8784481674486513e-6
2.3177940921974385e-6
2.329139240118798e-6
2.177189431864943e-6
2.714950926053043e-6
3.4502828198108946e-6
3.7529683825794745e-6
4.377314688455366e-6
5.500887054589652e-6
6.306526466930297e-6
7.108133320049348e-6
8.34692934660586e-6
9.278229162923092e-6
1.0130839579066283e-5
1.166168173097307e-5
1.2779593068009257e-5
1.3259943002122398e-5
1.5183528073025295e-5
1.8467189816999597e-5
2.1245132656761444e-5
2.4362980117393165e-5
2.8746140669491137e-5
3.270347814144218e-5
3.5917065660616276e-5
3.934486186225287e-5
4.2527191985780844e-5
4.686453212752945e-5
5.495236851089875e-5
6.57389702171132e-5
7.772245009244716e-5
8.916338694377655e-5
9.398754552786384e-5
9.442357719999894e-5
1.0597821869499613e-4
1.2967223183769154e-4
1.4837173279592873e-4
1.6338555219669776e-4
1.8886288746882308e-4
2.1479064721958445e-4
2.2810368947526503e-4
2.4147565587007342e-4
2.6128353996444074e-4
2.8176430013413103e-4
3.176098909373815e-4
3.682821956291019e-4
3.886508832651884e-4
3.7098182351073225e-4
3.7220955273096134e-4
4.0681107345350617e-4
4.321021011832917e-4
4.5344743597148493e-4
5.116378911549903e-4
5.929943870662049e-4
6.619860630366713e-4
7.207904179297534e-4
7.747420705118253e-4
8.191376836789208e-4
8.70365750294369e-4
9.448156911392187e-4
0.0010388881380688207
0.001147904000509539
0.001251379919957422
0.001326126314509691
0.001418691812859442
0.001590087524582827
0.0017795223709527672
0.001897120581812155
0.0020108566705407554
0.0022231820514904996
0.0024501719533431563
0.0025670232909594417
0.002653738595312789
0.0028442201353785826
0.003055437722031075
0.0031057207983549258
0.0030079004257272117
0.0029729640643555077
0.0031939581134561956
0.0036906637904193704
0.004289222946066281
0.004788465364576535
0.005213112203634258
0.005760834912726625
0.006460062194592075
0.007141812664596354
0.007791287583763917
0.008609855212422428
0.009684477494514697
0.010895158096681578
0.0121686427797723
0.013530628355840221
0.014871731277548877
0.015990684804568424
0.017000885446653617
0.018307666946167735
0.019972947813324544
0.021636191624794743
0.023265579219678686
0.025180547835978975
0.02720381322344882
0.02880518484106371
0.029965288559730806
0.030922400802177084
0.031710638421562715
0.032634814407647615
0.03398735578514042
0.03533899408580367
0.036763948547814125
0.03944218706497837
0.04303154692769528
0.045172366281921277
0.04565774377945244
0.04725964962675392
0.05087324558088641
0.054328241525439046
0.056713938890374495
0.059424472208651526
0.0630034284238061
0.06649677075299432
0.0692874476589968
0.07151630314447285
0.07345097841315082
0.07503179215709299
0.07589099132339926
0.07639335826901555
0.07781064979701269
0.0804047315955122
0.08301236140165642
0.0850763648288236
0.08699644657749599
0.08899532252079852
0.09133601251249496
0.0941496664226473
0.09679528459067187
0.09927806326470674
0.10229917060008076
0.104549217320696
0.10436790640142056
0.10409116608586887
0.1068011496665524
0.11075880045294602
0.11300525558957673
0.11413817663694288
0.11485111160560725
0.11383649558958368
0.11174907083895005
0.11101573535451165
0.11162194335282995
0.11194759470564968
0.11163614759918213
0.11093061769181495
0.1101416723758054
0.11004441599094403
0.11061096268652601
0.11097624563990735
0.11083393340310445
0.10961478903756561
0.10658716011852115
0.10310992907260008
0.100608736940218
0.09750651122962792
0.0932880381134038
0.091313791994566
0.0926761777927376
0.09372307885255826
0.09263166196525156
0.09103005575763719
0.08924502717974826
0.08702413660175928
0.08584335707230738
0.08527923232939089
0.08257816479973323
0.07827350960161471
0.07538443837215285
0.0732988788019439
0.06940144551364638
0.06459235064951883
0.061337777369717524
0.05931008637760391
0.05687282589426736
0.05367904842185111
0.049903983204088585
0.04574893340373277
0.0420356420171017
0.03913213579682339
0.03608568604296409
0.03242665383334598
0.02931938022073935
0.027449749689563263
0.02554994695644203
0.022605418497428052
0.019745680523027057
0.018268473451996423
0.01753026000841049
0.01639806935565784
0.015064048340746938
0.014086633189775976
0.01325419860404232
0.012254243286359108
0.011145369555662163
0.009998069280099102
0.009041861193129677
0.008718612757477668
0.008981543502015965
0.009303474216272688
0.009528758040408938
0.009834679171851268
0.010055692998780561
0.009898840878695336
0.009538341998956616
0.009390392861431231
0.009548207105634124
0.009761499014089115
0.009806036834667542
0.009698872358794887
0.009571938438618746
0.009458018028911613
0.00931534037865273
0.009159224392265622
0.009014845796662058
0.008840509755972127
0.008607377058743057
0.00835525646030101
0.00811738824663645
0.00786200585489919
0.007543923816665933
0.00720382508607156
0.006943826568647083
0.0067458528950182515
0.006459815448652387
0.006066193365548987
0.005721199619566561
0.00546166359153165
0.005159877567565949
0.004804158813387051
0.004514552157444685
0.0043037829070375795
0.004085101622228602
0.0038419634938450676
0.0036085008173032777
0.0033818889056843804
0.0031529273122869314
0.0029370081735678446
0.0027437417941710927
0.0025675990152421815
0.002400186022090367
0.00223343440923657
0.0020662461926862614
0.0019053901213702208
0.0017556569840346396
0.0016171407590582457
0.0014863873721771502
0.0013607043931069284
0.0012453605146995168
0.001142982975203787
0.0010453257126855878
9.54309204677538e-4
8.815273615839115e-4
8.150254053274009e-4
7.331334080614297e-4
6.475260686012072e-4
5.826251399061818e-4
5.348156224551477e-4
4.906549209939951e-4
4.49137060376295e-4
4.07547557515623e-4
3.6290653873477746e-4
3.234452318785908e-4
2.9248881704070813e-4
2.625829609466989e-4
2.341919722447983e-4
2.1206441523982373e-4
1.9118849341512846e-4
1.686636112713253e-4
1.5001523289278755e-4
1.3462045415117458e-4
1.1766884218670588e-4
1.0216741363915838e-4
9.100365418255209e-5
8.043422035617569e-5
6.971751746422447e-5
6.14649612641704e-5
5.407925369966634e-5
4.6132881224192546e-5
4.008510862534246e-5
3.598916808390935e-5
3.1454047099567845e-5
2.7024116870379843e-5
2.3864656641864818e-5
2.0869835178340284e-5
1.7611587874219974e-5
1.4796805454240518e-5
1.2281083133719699e-5
1.0112910415311487e-5
8.752924852058415e-6
7.577116616451449e-6
