-1.0022547629955847e-6
-1.0052369862908237e-6
-9.88754860672483e-7
-1.2302466111294998e-6
-1.312032032036121e-6
-1.190862190331136e-6
-1.508884713040117e-6
-2.081581953081507e-6
-2.2779319693261353e-6
-2.4746439239683626e-6
-3.0218051847396247e-6
-3.4106310187383155e-6
-3.5971256171764335e-6
-3.94873709944768e-6
-4.359927686225745e-6
-5.0233572696334925e-6
-6.134080916337129e-6
-7.011702122307296e-6
-7.794105114045157e-6
-9.502328852712661e-6
-1.1545233323120489e-5
-1.3148910770448988e-5
-1.5165555292095801e-5
-1.720564608603695e-5
-1.8328444477950794e-5
-2.024837748948881e-5
-2.3270878238203934e-5
-2.523930604616608e-5
-2.8309504471831763e-5
-3.494552810748837e-5
-4.083989230473115e-5
-4.4901764851339174e-5
-5.154257333478615e-5
-5.628485977966913e-5
-5.513185769792279e-5
-6.124104464447213e-5
-8.102131836832542e-5
-9.820432863769983e-5
-1.0598576199294148e-4
-1.1544041221665439e-4
-1.2763819510357486e-4
-1.3989581639867895e-4
-1.5686940948191872e-4
-1.7222168337026434e-4
-1.8726701968462496e-4
-2.271253438891229e-4
-2.7995696268919696e-4
-2.9969766400909383e-4
-3.088297578005163e-4
-3.636666492055037e-4
-4.3501285300689946e-4
-4.892608984556274e-4
-5.796816664549748e-4
-6.995332316036887e-4
-7.532507323960004e-4
-7.737492327328932e-4
-8.832884724698358e-4
-0.0010428491695494604
-0.0011513987196102235
-0.0012621827160214554
-0.0014268727509647672
-0.0015655057374602648
-0.001666488644518358
-0.0018267385080018733
-0.00205329629204752
-0.002275679310527583
-0.002463892253123403
-0.002612317581505793
-0.0027805556258325365
-0.0030753240964428376
-0.0034132895648946527
-0.0036000542195396765
-0.0037527018941638703
-0.004157807628663541
-0.0047211156545767085
-0.005134618609348759
-0.005441055217462036
-0.005897859225799265
-0.006561869323201655
-0.007381648204914312
-0.008308921885234792
-0.009155022195124755
-0.00975813545238345
-0.010226412646097784
-0.010675880354079034
-0.011055137680535279
-0.011453220806052596
-0.012066413605485288
-0.012808296334251389
-0.013505846247008433
-0.014212681040924293
-0.01481344125539893
-0.015003333733045498
-0.015089933951017254
-0.015783185335611415
-0.017000519536843405
-0.018094311929335274
-0.01897301545732605
-0.01977991183116803
-0.02034271457472152
-0.020831034721065914
-0.021534689612954964
-0.021928616742197638
-0.021810682906465328
-0.022251326356960276
-0.023543929792473745
-0.024657522764530666
-0.025878478385380987
-0.02818975376118973
-0.03022946171289891
-0.030597106644775485
-0.031104099072054674
-0.03297745209919366
-0.03419253945955492
-0.0344848692951668
-0.036558006377721775
-0.04002901043709711
-0.04182643079618011
-0.042524697867077486
-0.04449120043553188
-0.046362456816480255
-0.046307521149645245
-0.04635477937722228
-0.048418531294859804
-0.05108850293004919
-0.05290377862825133
-0.05437588628647521
-0.05654701856561212
-0.05999066556208263
-0.06376441082715945
-0.0657694687473166
-0.06636469945716851
-0.06825704485462486
-0.07107183645211711
-0.0719340937633899
-0.07179462548299538
-0.07365549384372662
-0.07597401681280032
-0.07591103979134137
-0.07597293374927344
-0.07963354070603387
-0.08443809043269096
-0.08618607101976673
-0.08576648171306225
-0.08656640758716289
-0.08890421391862761
-0.09113498915608499
-0.09338547585900446
-0.09690192168299429
-0.10125868792620388
-0.10456441969602132
-0.10588021693321331
-0.10618160518563584
-0.107219933864812
-0.1097200162979685
-0.1122535144704932
-0.11256621231015687
-0.11081946878074465
-0.10989517409677586
-0.11138706804628122
-0.11381175911129514
-0.1160784948765076
-0.119427665664636
-0.12423488964732128
-0.12811379222964478
-0.12892553366161863
-0.12716119934617112
-0.12435691154369417
-0.12163182773308036
-0.12048944561136492
-0.1221759272882533
-0.12493429362331998
-0.12487163575688115
-0.12140160109224976
-0.11849792479248547
-0.1184060700519455
-0.11849614442665973
-0.11707502389699082
-0.1169043793770533
-0.11952540934171176
-0.12167328768474475
-0.12063914832021956
-0.11797552091501358
-0.11567328414110001
-0.11370563246872392
-0.11243479345733293
-0.11273967645347584
-0.11355674530028387
-0.11322393506561888
-0.11247330647105346
-0.11272737792252047
-0.1129422619977953
-0.11136149306312085
-0.10879540871355481
-0.10702989708500103
-0.10540470010342948
-0.10210499350590227
-0.09770967237635057
-0.09430004859294337
-0.09195878282627143
-0.08923461398772256
-0.08616569905253817
-0.08387817251029303
-0.08214464804426493
-0.07986815193422875
-0.07684326024288368
-0.07327170354643565
-0.06909434589400706
-0.0648432211424039
-0.06135887391506331
-0.05841433593735928
-0.05538605134909254
-0.05261267646348113
-0.05036730660286095
-0.0478225414320975
-0.04453633827366724
-0.04132234140731392
-0.03867527597344677
-0.036134356951026306
-0.03361615630815388
-0.03159361050662283
-0.02994808839463861
-0.02812035706609215
-0.026092586564323728
-0.024200744969179906
-0.02249428804956613
-0.020890123768927574
-0.01943213328400353
-0.01812929708810919
-0.016890443865605457
-0.015615891938279454
-0.01424427778445495
-0.012893439973206808
-0.011857799925659112
-0.011216469178628126
-0.010661952856946549
-0.009924937520526703
-0.009099141870101952
-0.008401702335288027
-0.007852384050528982
-0.0073033627379689705
-0.006670725958707335
-0.006049637920829728
-0.005569783110524001
-0.005197953962282443
-0.004807556488111218
-0.004382205312600342
-0.003995762301074172
-0.0036671359495471963
-0.003366571568214075
-0.0030803068331682944
-0.0028011612372832286
-0.002540659703535661
-0.002343302351049875
-0.0022096110770706
-0.002065228425933209
-0.0018683034601008673
-0.0016660539227494491
-0.0015081468091163845
-0.001384970711157295
-0.0012709759798706641
-0.0011649089629552284
-0.0010724321334787338
-9.862807796246092e-4
-8.97351131309507e-4
-8.096100312031799e-4
-7.317015291525309e-4
-6.624381221084726e-4
-5.973429005555765e-4
-5.398557666408297e-4
-4.935865866497001e-4
-4.537949999913762e-4
-4.139315562963956e-4
-3.723758036296922e-4
-3.3276466689578516e-4
-3.0080667545545343e-4
-2.760913909251184e-4
-2.518212763880108e-4
-2.269976647105848e-4
-2.0627028626137259e-4
-1.8804519610011306e-4
-1.6899566250894478e-4
-1.528402326038862e-4
-1.4078050712545834e-4
-1.275361603285858e-4
-1.1341448190170026e-4
-1.0272851229764737e-4
-9.30600688019291e-5
-8.189483118749936e-5
-7.303403030855011e-5
-6.682684294956657e-5
-5.911566220804689e-5
-5.125346493569743e-5
-4.6653988557729364e-5
-4.317861549233145e-5
-3.8840700957862854e-5
-3.530404583767031e-5
-3.2316580375985105e-5
-2.8489957825279392e-5
-2.5180270212144916e-5
