1.5355514501635083e-6
1.5947372521018047e-6
1.6145811851486306e-6
2.1003195125888167e-6
2.377124308608182e-6
2.2930036605372608e-6
2.716096576605104e-6
3.2428381039344e-6
3.3029763399028315e-6
3.9243545834748655e-6
4.970675781146811e-6
5.157052992633525e-6
5.574527586306982e-6
7.143206069852487e-6
8.053879080788468e-6
8.491372441351763e-6
1.0341223222557902e-5
1.1996204882808393e-5
1.2523192789835288e-5
1.4685023772581227e-5
1.7685216576300372e-5
1.8861337025968143e-5
2.12119234734357e-5
2.5890254186075774e-5
2.833545271183802e-5
3.0083167129517534e-5
3.5747710261696044e-5
4.124283816687627e-5
4.423643728275535e-5
4.9899928149808744e-5
5.6153716149954086e-5
5.908511922639893e-5
6.606922002537286e-5
7.84031549824508e-5
8.655658334731411e-5
9.376719161813444e-5
1.0729610154893695e-4
1.1925821524160286e-4
1.2933159800867827e-4
1.48077191018866e-4
1.65801929718785e-4
1.7161024481300694e-4
1.8300713147262275e-4
2.0816290470937425e-4
2.2912049054473767e-4
2.4379744525687407e-4
2.617255228711281e-4
2.7676381059152643e-4
2.919208661636016e-4
3.1727869764851306e-4
3.3826430163837076e-4
3.539303012641757e-4
3.955414779949326e-4
4.54795606131111e-4
4.884617729507013e-4
5.032238396238816e-4
5.298589746720747e-4
5.575237235332514e-4
5.719986588858903e-4
5.781527758203811e-4
5.637576370836498e-4
5.288172113760746e-4
5.182671239431891e-4
5.64442692427489e-4
6.431509305852235e-4
6.968453010708058e-4
6.844579037712624e-4
6.344179058219758e-4
6.118704267125708e-4
6.28567306367043e-4
6.721983797509361e-4
7.519829651902931e-4
8.263099561087023e-4
8.523032684716186e-4
9.093182401612176e-4
0.0010455623835043252
0.001149491922560677
0.0011628820426578608
0.0011452489010445014
0.001130139194839061
0.001220531627093107
0.0015102450832030704
0.001758844045952015
0.001779140796755269
0.001934837382994178
0.002430278304356088
0.002820749076832273
0.002986732607767864
0.0034082343722506327
0.004098804719483514
0.004736007524639187
0.005604671329427337
0.006952071702819547
0.008229201980807793
0.009008717509163953
0.009476447000114917
0.00972063986308179
0.009821473580993053
0.010306705008818496
0.011547760302013484
0.013327415185012553
0.015267273419086817
0.017045178941380277
0.018521749341528674
0.019977651482128392
0.02174292507802514
0.023776573673725085
0.025819355337363098
0.027591211656470264
0.02930260493893425
0.03185185944559927
0.03522892718708352
0.03791008209063067
0.03942597506814229
0.04098301314706992
0.04285125771112425
0.045008528357052456
0.04879706250535257
0.05326281707620239
0.054581085418378826
0.05355089859557404
0.05581826575681831
0.06180991289181679
0.06626705450120365
0.06782180671907334
0.06918932803233135
0.07110157420625395
0.07354252584838111
0.07692779760312037
0.07914994588456462
0.07931059577037035
0.08181300244086503
0.08873650409547432
0.09519568536666144
0.09805915226748367
0.09969316767615426
0.1014231871331928
0.10303994783416151
0.10577807313884524
0.10864086392425476
0.10907962632967719
0.11004967156819268
0.11609563723329201
0.12400775716990584
0.1277369693485247
0.12751770284346203
0.12676567660382881
0.12748879767906612
0.13143488096282743
0.13750891691100936
0.14055742139896504
0.13967562216410842
0.14023364603511682
0.14299453699419692
0.14230608104932282
0.13754086412465244
0.13438921398505338
0.13474297177953193
0.13575357376921898
0.13635479452258775
0.13655520321503653
0.13470391970669546
0.13116714986671757
0.12958299507174886
0.1311163497950282
0.1323786624950395
0.13042431206699717
0.1256228648154684
0.11975327916247193
0.11481039341004924
0.1125574896669401
0.11221870893853512
0.11054643921935116
0.10678095887748493
0.10415281468325939
0.1035296773378882
0.1007770284008774
0.09432017063302266
0.08861319205780241
0.08580579759777925
0.08221859289504788
0.07687774813729696
0.07370685386399212
0.07264888791833053
0.06929700407961195
0.06376186737539166
0.059311656382473515
0.054816294626028765
0.048429445047819056
0.04338895839887
0.04190253960963609
0.04048258676137723
0.03683213617188228
0.033185316330482245
0.030498782923146454
0.02742773640686954
0.024583416977509872
0.023060013471056795
0.021502535096774238
0.019257133884234185
0.018046501495318158
0.01798531596501008
0.01693733970712996
0.014699231069496605
0.013187521531595352
0.012793679164972331
0.012302593443796101
0.011474935596489754
0.010965697856667605
0.010740338785125245
0.01035790750697209
0.009892854532356101
0.00956967192852031
0.009334190956282386
0.009291584653870687
0.009689563024343966
0.010228220781802475
0.01031397548402118
0.01003490261772892
0.009938278116996265
0.010023456105118561
0.00987839796991132
0.009491689266867403
0.009172066158064244
0.00901266128375292
0.008878159899428547
0.008639554332437844
0.008300813454002721
0.008007107371905542
0.00783725402781235
0.007703445631789666
0.007572040865883797
0.007444519930372639
0.007144743595572834
0.006604200667567513
0.006130658579125269
0.005939999587958853
0.005827063234405656
0.005577459762181994
0.005220866138904102
0.004835978730147545
0.004510552190225883
0.004320885520446577
0.004159265410247676
0.003886163367074532
0.0035887675118814874
0.003374196445495932
0.0031672793376085286
0.00292361205751617
0.0027091794585108364
0.002526821221928775
0.0023449874245690047
0.0021847942025164505
0.0020336025293201843
0.0018631112887918708
0.001718071508605817
0.0016176596780747698
0.0015073975841593012
0.0013833667621697163
0.0012778613618697977
0.0011649930560617258
0.0010347587973039717
9.316811243995293e-4
8.547635232226966e-4
7.735795127037424e-4
7.060841791278194e-4
6.599662113078881e-4
6.043588538903207e-4
5.443445903992588e-4
4.990258352458005e-4
4.461441049199815e-4
3.8290400242928365e-4
3.4321414564423744e-4
3.199819905505494e-4
2.8381777814983717e-4
2.493683442042449e-4
2.323464246759717e-4
2.1260743016223278e-4
1.8490828276601027e-4
1.646463885059928e-4
1.471115090195981e-4
1.25047856884084e-4
1.0923984235561201e-4
1.0036716354484956e-4
8.794071946494952e-5
7.519438832392385e-5
6.728303841533961e-5
5.847768958446384e-5
4.852798975438029e-5
4.2554473332826316e-5
3.77804291193509e-5
3.1868065461667364e-5
2.8374175381014812e-5
2.6141739137762144e-5
2.181921478770573e-5
1.801284514068148e-5
1.6224395285525526e-5
1.3734093149454568e-5
1.1026874915010128e-5
9.91332713711362e-6
