-1.0118213275435804e-6
-1.2505463516665269e-6
-1.2118692640219997e-6
-1.2502331611085945e-6
-1.5803289376180297e-6
-1.6199236862677514e-6
-1.6109372893138276e-6
-2.1704470733240227e-6
-2.5566102419545934e-6
-2.458713097108591e-6
-2.9145091079288075e-6
-3.6195531405176048e-6
-3.6961359155726404e-6
-4.1823692968904955e-6
-5.306616748105089e-6
-5.6075878221600015e-6
-5.887515557929524e-6
-7.4196146042836655e-6
-8.481801496369152e-6
-8.863227000967046e-6
-1.0757778297979847e-5
-1.2907012460096938e-5
-1.3642439657088652e-5
-1.548343532006855e-5
-1.856435785056015e-5
-2.030541109514919e-5
-2.3013021173808002e-5
-2.7992617383242903e-5
-3.082738090002774e-5
-3.2924000913406434e-5
-3.97839155886971e-5
-4.7623955197656304e-5
-5.280869579236962e-5
-6.073699622775892e-5
-7.102369810291359e-5
-7.927460520913251e-5
-9.138473679854155e-5
-1.0860358392418886e-4
-1.2163863090369076e-4
-1.348268145340168e-4
-1.5637548962775218e-4
-1.749634643393722e-4
-1.8891221239378592e-4
-2.1795883836951091e-4
-2.5929372562859043e-4
-2.9499282879765046e-4
-3.3726674296056174e-4
-3.994938193051696e-4
-4.627066946338836e-4
-5.146820637738907e-4
-5.620401190389054e-4
-6.065848678278867e-4
-6.663268356941584e-4
-7.685357374769045e-4
-8.972529131151608e-4
-0.0010234750728088128
-0.0011575719203235771
-0.0013073107453164378
-0.001465026026148088
-0.0016568649317877835
-0.0019035539601204438
-0.002160236838899195
-0.002363641336719021
-0.0025019711853216313
-0.0026627966592577762
-0.0029983149698130707
-0.0035070424747044283
-0.003966259653708289
-0.004253312797544054
-0.004471237993347592
-0.0046916940980991926
-0.004986155329768579
-0.005531406843767876
-0.006230747849817802
-0.006748471341581771
-0.007192069713028738
-0.007887747673876797
-0.008625581730847787
-0.009219706699170159
-0.010076738182949546
-0.011192242248693415
-0.01196704660085529
-0.012581158732821587
-0.013649750096591355
-0.014730699661056949
-0.015273866972031439
-0.015927590154903
-0.01707434022420173
-0.018010004372653834
-0.018660817733255772
-0.01964852087414327
-0.020556934539154605
-0.020640708436065282
-0.02044371460330938
-0.020827260947812162
-0.021905198782750945
-0.023737809044693838
-0.026133889832052518
-0.02802883698717813
-0.02888532260596547
-0.029541679177581534
-0.030437493062213616
-0.030980187015386164
-0.03137658548173229
-0.03261004657238099
-0.034193492566261634
-0.03466372433809671
-0.03454471745668101
-0.0357643345876448
-0.03799473877786562
-0.039198219197844275
-0.039591024136372374
-0.04073976536591432
-0.04201067896073752
-0.04284966125760764
-0.04519296424101937
-0.04841624571819223
-0.048215380862624425
-0.04533385267592456
-0.046148335539084866
-0.05111392889304488
-0.053748469777883175
-0.05206020111990958
-0.049975051610887875
-0.049904922577497256
-0.0525330511293048
-0.057859245618619534
-0.06200636329365292
-0.061558361710328455
-0.060224720197148716
-0.06228743029667337
-0.06546003677108075
-0.06708449062400137
-0.06787616616794136
-0.06714232099387128
-0.06493624481644414
-0.06568633243709954
-0.07054536715413205
-0.07443162777329182
-0.07567331073465991
-0.07681918072655422
-0.07614831116632677
-0.07137501248634054
-0.06736189569190208
-0.06931382211987533
-0.07515259079628113
-0.08053306502045625
-0.08343823568797061
-0.0827973060769777
-0.07967333305384401
-0.07773551202642524
-0.07856966022024375
-0.0801768204642639
-0.08083820050113844
-0.081131979708316
-0.08294609779607215
-0.08713374365727526
-0.09118965594772875
-0.09200415514023792
-0.09084471253772992
-0.0907490178879654
-0.09123315597609442
-0.09076541301867047
-0.09016167803252018
-0.08999440551207992
-0.08986183734390985
-0.09063181206380924
-0.09264329139424371
-0.09422341361502577
-0.0947376110596454
-0.0949858591211683
-0.09470846313006241
-0.09343088104056296
-0.09139527752552909
-0.08885961146852833
-0.08795306754221166
-0.09152753827575752
-0.09695429744606836
-0.09861907231183967
-0.09742895734351632
-0.0980709498660192
-0.09981829765546625
-0.09998250826500547
-0.09997289352691434
-0.10051559540824516
-0.09964301074514012
-0.09834578098305882
-0.098947182294921
-0.09970448501836815
-0.09852610857131819
-0.09661244277803643
-0.09467817781814836
-0.09267672272464227
-0.09234094835330227
-0.09333513622767871
-0.09198105740656966
-0.08817321302289245
-0.08575214310605432
-0.08480969456373408
-0.08224840472623779
-0.0784367201952888
-0.07587005878562601
-0.07436198998676234
-0.07242945307315606
-0.07002202496987062
-0.06773309543791295
-0.06570127196813953
-0.06344973302714037
-0.06031733590243415
-0.05680087400715872
-0.054133469689811906
-0.05211341002080898
-0.04979271656454616
-0.04742961331901669
-0.045114788515479155
-0.04186448776029559
-0.03803876188774125
-0.03528417067990884
-0.03350719839691461
-0.031447964661422315
-0.029252239504227697
-0.02749810437321245
-0.02574042653633011
-0.023786230288152185
-0.022062120351482303
-0.020472911845933046
-0.018867095271884186
-0.01761048047548187
-0.01658394947518992
-0.015267835634092971
-0.013857595220406355
-0.012703248026557548
-0.01158334535983782
-0.010553269875469727
-0.009973277395636712
-0.009477827016318425
-0.0085449043920307
-0.007538040049663477
-0.0069000234704054845
-0.006387114057065869
-0.005824496933539408
-0.005396486112461173
-0.005048396538282879
-0.004620187026437062
-0.004240027639192906
-0.003960697913202662
-0.003603772954512954
-0.0031885425594890032
-0.0028996606307654885
-0.002710036235560526
-0.002491873691110608
-0.002258000703041407
-0.0020547760354645518
-0.001872449258157229
-0.0017109021501566875
-0.0015666333703817745
-0.0014185826664033071
-0.0012762347614280168
-0.001153500679586583
-0.0010388658688542433
-9.392949060376667e-4
-8.664737697771686e-4
-7.930465827960585e-4
-7.020414556741779e-4
-6.197357333359196e-4
-5.594505231749998e-4
-5.070583715371959e-4
-4.5896007403354905e-4
-4.1806238890092646e-4
-3.82191408217228e-4
-3.557099878169367e-4
-3.37447129324855e-4
-3.12999399797754e-4
-2.8054631453159484e-4
-2.505191109717575e-4
-2.2236437440419928e-4
-1.9489015626249136e-4
-1.7597380652537692e-4
-1.6313561794968918e-4
-1.4673020747674455e-4
-1.3058918468569552e-4
-1.2067940738185896e-4
-1.1136803270664385e-4
-9.990135910130681e-5
-9.066483074430006e-5
-8.297454824407081e-5
-7.448587268631911e-5
-6.74728057789764e-5
-6.18103251049127e-5
-5.519208934462811e-5
-4.938842173817961e-5
-4.546488721313784e-5
-4.109680633309516e-5
-3.668248383710158e-5
-3.379015826435463e-5
-3.063643047403219e-5
-2.669234807605195e-5
-2.4141826312343065e-5
-2.2476946324441107e-5
-2.0016663545226577e-5
