0.0750000000	1.9870943481
0.0754013378	1.9871494441
0.0758026756	1.9872026950
0.0762040134	1.9872541171
0.0766053512	1.9873036108
0.0770066890	1.9873513470
0.0774080268	1.9873972908
0.0778093645	1.9874413283
0.0782107023	1.9874835900
0.0786120401	1.9875239760
0.0790133779	1.9875625812
0.0794147157	1.9875993981
0.0798160535	1.9876343321
0.0802173913	1.9876675251
0.0806187291	1.9876988413
0.0810200669	1.9877283917
0.0814214047	1.9877561427
0.0818227425	1.9877820236
0.0822240803	1.9878060895
0.0826254181	1.9878283272
0.0830267559	1.9878487465
0.0834280936	1.9878673110
0.0838294314	1.9878840661
0.0842307692	1.9878989779
0.0846321070	1.9879120053
0.0850334448	1.9879231748
0.0854347826	1.9879324474
0.0858361204	1.9879398843
0.0862374582	1.9879454011
0.0866387960	1.9879489984
0.0870401338	1.9879507137
0.0874414716	1.9879504559
0.0878428094	1.9879482676
0.0882441472	1.9879441492
0.0886454849	1.9879380338
0.0890468227	1.9879299195
0.0894481605	1.9879198178
0.0898494983	1.9879076720
0.0902508361	1.9878934993
0.0906521739	1.9878772793
0.0910535117	1.9878589586
0.0914548495	1.9878385114
0.0918561873	1.9878159739
0.0922575251	1.9877912725
0.0926588629	1.9877643724
0.0930602007	1.9877353322
0.0934615385	1.9877040124
0.0938628763	1.9876704996
0.0942642140	1.9876346594
0.0946655518	1.9875965165
0.0950668896	1.9875560394
0.0954682274	1.9875132366
0.0958695652	1.9874679956
0.0962709030	1.9874203571
0.0966722408	1.9873702363
0.0970735786	1.9873176016
0.0974749164	1.9872624396
0.0978762542	1.9872047734
0.0982775920	1.9871444385
0.0986789298	1.9870814619
0.0990802676	1.9870158325
0.0994816054	1.9869474566
0.0998829431	1.9868763408
0.1002842809	1.9868023600
0.1006856187	1.9867255846
0.1010869565	1.9866459268
0.1014882943	1.9865632497
0.1018896321	1.9864776620
0.1022909699	1.9863890200
0.1026923077	1.9862972906
0.1030936455	1.9862024282
0.1034949833	1.9861043903
0.1038963211	1.9860031206
0.1042976589	1.9858985801
0.1046989967	1.9857906964
0.1051003344	1.9856794226
0.1055016722	1.9855647144
0.1059030100	1.9854465050
0.1063043478	1.9853247360
0.1067056856	1.9851993429
0.1071070234	1.9850703120
0.1075083612	1.9849375682
0.1079096990	1.9848010593
0.1083110368	1.9846606449
0.1087123746	1.9845164035
0.1091137124	1.9843681904
0.1095150502	1.9842159599
0.1099163880	1.9840596509
0.1103177258	1.9838992315
0.1107190635	1.9837346624
0.1111204013	1.9835658082
0.1115217391	1.9833926951
0.1119230769	1.9832151993
0.1123244147	1.9830333252
0.1127257525	1.9828469746
0.1131270903	1.9826561254
0.1135284281	1.9824607303
0.1139297659	1.9822607183
0.1143311037	1.9820560610
0.1147324415	1.9818467030
0.1151337793	1.9816326043
0.1155351171	1.9814137806
0.1159364548	1.9811901299
0.1163377926	1.9809616304
0.1167391304	1.9807282767
0.1171404682	1.9804900292
0.1175418060	1.9802469050
0.1179431438	1.9799988411
0.1183444816	1.9797458842
0.1187458194	1.9794880030
0.1191471572	1.9792252136
0.1195484950	1.9789575259
0.1199498328	1.9786849553
0.1203511706	1.9784075612
0.1207525084	1.9781253428
0.1211538462	1.9778383572
0.1215551839	1.9775466779
0.1219565217	1.9772503709
0.1223578595	1.9769494755
0.1227591973	1.9766441421
0.1231605351	1.9763344445
0.1235618729	1.9760204757
0.1239632107	1.9757023989
0.1243645485	1.9753803176
0.1247658863	1.9750544315
0.1251672241	1.9747248820
0.1255685619	1.9743918436
0.1259698997	1.9740555114
0.1263712375	1.9737161695
0.1267725753	1.9733739680
0.1271739130	1.9730292276
0.1275752508	1.9726821601
0.1279765886	1.9723330933
0.1283779264	1.9719822848
0.1287792642	1.9716300934
0.1291806020	1.9712768574
0.1295819398	1.9709228734
0.1299832776	1.9705685951
0.1303846154	1.9702143660
0.1307859532	1.9698605865
0.1311872910	1.9695076889
0.1315886288	1.9691561072
0.1319899666	1.9688063091
0.1323913043	1.9684587474
0.1327926421	1.9681138910
0.1331939799	1.9677722489
0.1335953177	1.9674342927
0.1339966555	1.9671005245
0.1343979933	1.9667714904
0.1347993311	1.9664477054
0.1352006689	1.9661296456
0.1356020067	1.9658179034
0.1360033445	1.9655129444
0.1364046823	1.9652153114
0.1368060201	1.9649255326
0.1372073579	1.9646440948
0.1376086957	1.9643715138
0.1380100334	1.9641082592
0.1384113712	1.9638548093
0.1388127090	1.9636116297
0.1392140468	1.9633791542
0.1396153846	1.9631577969
0.1400167224	1.9629479647
0.1404180602	1.9627500149
0.1408193980	1.9625642964
0.1412207358	1.9623911200
0.1416220736	1.9622307768
0.1420234114	1.9620835193
0.1424247492	1.9619495693
0.1428260870	1.9618291124
0.1432274247	1.9617223052
0.1436287625	1.9616292618
0.1440301003	1.9615500706
0.1444314381	1.9614847745
0.1448327759	1.9614333875
0.1452341137	1.9613958871
0.1456354515	1.9613722143
0.1460367893	1.9613622744
0.1464381271	1.9613659405
0.1468394649	1.9613830693
0.1472408027	1.9614134564
0.1476421405	1.9614568898
0.1480434783	1.9615131328
0.1484448161	1.9615818962
0.1488461538	1.9616629110
0.1492474916	1.9617558299
0.1496488294	1.9618603253
0.1500501672	1.9619760457
0.1504515050	1.9621026359
0.1508528428	1.9622396640
0.1512541806	1.9623867606
0.1516555184	1.9625434983
0.1520568562	1.9627094770
0.1524581940	1.9628842526
0.1528595318	1.9630674080
0.1532608696	1.9632584912
0.1536622074	1.9634570836
0.1540635452	1.9636627266
0.1544648829	1.9638750202
0.1548662207	1.9640935133
0.1552675585	1.9643177769
0.1556688963	1.9645474114
0.1560702341	1.9647819859
0.1564715719	1.9650210962
0.1568729097	1.9652643596
0.1572742475	1.9655113669
0.1576755853	1.9657617545
0.1580769231	1.9660151884
0.1584782609	1.9662712694
0.1588795987	1.9665296656
0.1592809365	1.9667900577
0.1596822742	1.9670521195
0.1600836120	1.9673155466
0.1604849498	1.9675800450
0.1608862876	1.9678453454
0.1612876254	1.9681111700
0.1616889632	1.9683772613
0.1620903010	1.9686433893
0.1624916388	1.9689093077
0.1628929766	1.9691748460
0.1632943144	1.9694397076
0.1636956522	1.9697038191
0.1640969900	1.9699668813
0.1644983278	1.9702287931
0.1648996656	1.9704893782
0.1653010033	1.9707484827
0.1657023411	1.9710059775
0.1661036789	1.9712617019
0.1665050167	1.9715155860
0.1669063545	1.9717674839
0.1673076923	1.9720172701
0.1677090301	1.9722649059
0.1681103679	1.9725102700
0.1685117057	1.9727532855
0.1689130435	1.9729938810
0.1693143813	1.9732319928
0.1697157191	1.9734675684
0.1701170569	1.9737005729
0.1705183946	1.9739309016
0.1709197324	1.9741585286
0.1713210702	1.9743835113
0.1717224080	1.9746057013
0.1721237458	1.9748251212
0.1725250836	1.9750417397
0.1729264214	1.9752555418
0.1733277592	1.9754665157
0.1737290970	1.9756746171
0.1741304348	1.9758799381
0.1745317726	1.9760823652
0.1749331104	1.9762819348
0.1753344482	1.9764786706
0.1757357860	1.9766725492
0.1761371237	1.9768635788
0.1765384615	1.9770517373
0.1769397993	1.9772371546
0.1773411371	1.9774196898
0.1777424749	1.9775994536
0.1781438127	1.9777764049
0.1785451505	1.9779506174
0.1789464883	1.9781220617
0.1793478261	1.9782907595
0.1797491639	1.9784567837
0.1801505017	1.9786200705
0.1805518395	1.9787807154
0.1809531773	1.9789386881
0.1813545151	1.9790940512
0.1817558528	1.9792468215
0.1821571906	1.9793969876
0.1825585284	1.9795446171
0.1829598662	1.9796896757
0.1833612040	1.9798322389
0.1837625418	1.9799723482
0.1841638796	1.9801099987
0.1845652174	1.9802451799
0.1849665552	1.9803779665
0.1853678930	1.9805083549
0.1857692308	1.9806363981
0.1861705686	1.9807621100
0.1865719064	1.9808855389
0.1869732441	1.9810066294
0.1873745819	1.9811254604
0.1877759197	1.9812421063
0.1881772575	1.9813565400
0.1885785953	1.9814687496
0.1889799331	1.9815787877
0.1893812709	1.9816867024
0.1897826087	1.9817924718
0.1901839465	1.9818961731
0.1905852843	1.9819977975
0.1909866221	1.9820973466
0.1913879599	1.9821948956
0.1917892977	1.9822904200
0.1921906355	1.9823839222
0.1925919732	1.9824754663
0.1929933110	1.9825650861
0.1933946488	1.9826527885
0.1937959866	1.9827385290
0.1941973244	1.9828224074
0.1945986622	1.9829044006
