-7.1211348652653755e-6
-8.219110958797044e-6
-9.4784754215924e-6
-1.0921707344579239e-5
-1.2574229275709426e-5
-1.4464765496881643e-5
-1.66257401480443e-5
-1.9093719132147065e-5
-2.1909900060082627e-5
-2.512065483941423e-5
-2.877812987473819e-5
-3.2940909231461205e-5
-3.767474651746818e-5
-4.30533716598854e-5
-4.91593791948816e-5
-5.608520514732684e-5
-6.393420005340477e-5
-7.28218061707985e-5
-8.287684742707587e-5
-9.424294117519329e-5
-1.070800413536161e-4
-1.2156612318348409e-4
-1.3789902007602098e-4
-1.5629842396307529e-4
-1.7700806080049727e-4
-2.002980535242694e-4
-2.264674852517232e-4
-2.558471760196687e-4
-2.8880268681911065e-4
-3.25737565124238e-4
-3.6709684651255517e-4
-4.133708273165587e-4
-4.6509912354124946e-4
-5.228750315009357e-4
-5.873502057704329e-4
-6.592396700984752e-4
-7.393271768824505e-4
-8.284709306318081e-4
-9.276096905587486e-4
-0.0010377692669950494
-0.0011600694257308652
-0.0012957312136144996
-0.0014460847177780191
-0.0016125772697022972
-0.0017967821039386101
-0.0020004074796845022
-0.0022253062715157715
-0.002473486033447046
-0.002747119538017811
-0.0030485557893590773
-0.0033803315061494955
-0.0037451830668939006
-0.00414605890626972
-0.004586132347106191
-0.005068814848057887
-0.005597769642190138
-0.006176925736344216
-0.006810492235508534
-0.00750297295032066
-0.00825918123932272
-0.009084255030702886
-0.009983671960981263
-0.01096326456039359
-0.012029235406697194
-0.01318817216074097
-0.014447062388400296
-0.015813308064408067
-0.01729473964445305
-0.01889962958226377
-0.020636705158729108
-0.022515160480424422
-0.024544667494820288
-0.026735385859726606
-0.029097971494676342
-0.031643583632265534
-0.03438389017809205
-0.037331071178923515
-0.040497820189910924
-0.04389734332400565
-0.04754335575873868
-0.05145007546972492
-0.05563221395383153
-0.06010496370091393
-0.06488398216966976
-0.06998537202091995
-0.07542565736147223
-0.08122175575324761
-0.08739094574490514
-0.09395082968950834
-0.10091929161833507
-0.10831444995133235
-0.11615460483771384
-0.1244581799346271
-0.13324365845105876
-0.1425295133053291
-0.15233413126872974
-0.16267573099800872
-0.17357227488864435
-0.1850413747189089
-0.19710019109400836
-0.20976532674078122
-0.22305271375537328
-0.23697749495394071
-0.2515538995354005
-0.2667951133229962
-0.28271314391839625
-0.2993186811665717
-0.3166209534050528
-0.33462758004387594
-0.35334442110360925
-0.37277542441778444
-0.392922471292952
-0.4137852215024637
-0.4353609585815995
-0.4576444364734351
-0.4806277286689713
-0.5043000810658826
-0.5286477698578103
-0.553653965843656
-0.579298606624634
-0.6055582782238169
-0.6324061077267036
-0.659811668590586
-0.6877409003118516
-0.716156044173071
-0.7450155967932385
-0.7742742832129048
-0.803883051211532
-0.8337890885186996
-0.8639358645053923
-0.8942631978570452
-0.924707351609163
-0.9552011567726051
-0.985674165620901
-1.016052835480769
-1.0462607436566504
-1.0762188338423266
-1.1058456940826618
-1.1350578660269912
-1.1637701848730666
-1.19189614902229
-1.2193483180808822
-1.2460387374433037
-1.2718793872650949
-1.2967826532218187
-1.3206618160349266
-1.3434315563287456
-1.3650084709997539
-1.3853115969094834
-1.4042629373790285
-1.4217879866889889
-1.437816247523649
-1.4522817361512304
-1.465123469994358
-1.4762859322218884
-1.4857195080270598
-1.4933808873820622
-1.4992334292656326
-1.5032474826567919
-1.505400659968093
-1.5056780590501972
-1.5040724304440618
-1.500584287153393
-1.4952219549020125
-1.4880015615258855
-1.478946964932689
-1.4680896198340874
-1.455468384226686
-1.4411292674079488
-1.425125122038931
-1.4075152835300977
-1.3883651606508771
-1.3677457819188723
-1.3457333028203333
-1.3224084793862827
-1.297856113990278
-1.2721644794922284
-1.2454247280131319
-1.2177302906651306
-1.1891762745292103
-1.1598588630068631
-1.1298747254613788
-1.0993204417147298
-1.068291946603502
-1.0368839993172956
-1.0051896817500847
-0.9732999295414082
-0.9413030989135444
-0.9092845718143039
-0.8773264012930316
-0.8455069984369377
-0.8139008616347245
-0.7825783483887243
-0.7516054893807649
-0.7210438440359803
-0.6909503963882923
-0.6613774896921722
-0.6323727978760126
-0.603979331675716
-0.5762354770508409
-0.5491750633174299
-0.5228274583046804
-0.49721768776501263
-0.4723665762305431
-0.44829090651414066
-0.4250035950889508
-0.40251388065301985
-0.38082752328072333
-0.35994701168358245
-0.33987177623878306
-0.3205984055974136
-0.30212086484812994
-0.2844307133805728
-0.2675173207680075
-0.2513680791667888
-0.2359686109000244
-0.22130297006886657
-0.20735383719808956
-0.19410270608233648
-0.18153006215108655
-0.16961555181187027
-0.1583381423643524
-0.14767627220030416
-0.13760799111573208
-0.12811109066445314
-0.11916322457126938
-0.11074201930594876
-0.10282517498894403
-0.09539055686122465
-0.0884162776033664
-0.08188077083284419
-0.07576285614405681
-0.07004179608454814
-0.06469734548221495
-0.05970979355435434
-0.0550599992389288
-0.05072942019345205
-0.04670013590786114
-0.042954865373843576
-0.03947697974636867
-0.0362505104238551
-0.03326015296060561
-0.030491267211494394
-0.027929874092524523
-0.025562649323834123
-0.023376914503497617
-0.021360625841321694
-0.019502360862655412
-0.017791303372434425
-0.01621722694994036
-0.014770477225369527
-0.013441953169967921
-0.012223087612727442
-0.011105827178278689
-0.010082611823103464
-0.009146354130140713
-0.00829041850569608
-0.007508600407204147
-0.006795105715829261
-0.006144530354117962
-0.005551840236167532
-0.005012351625717409
-0.004521711966428267
-0.004075881238337562
-0.003671113884984172
-0.0033039413469987955
-0.002971155230035302
-0.002669791127723459
-0.0023971131138499978
-0.0021505989121353244
-0.001927925746809396
-0.0017269568725664089
-0.0015457287784726918
-0.0013824390568611764
-0.0012354349252174878
-0.0011032023864918149
-9.843560110671414e-4
-8.776293218400845e-4
-7.81865762408727e-4
-6.960102272158123e-4
-6.191011316464756e-4
-5.502629994685836e-4
-4.886995446299553e-4
-4.336872242480074e-4
-3.845692396289191e-4
-3.407499623127784e-4
-3.0168976242553184e-4
-2.6690021703395844e-4
-2.35939676694258e-4
-2.0840916898043593e-4
-1.839486184237081e-4
-1.6223336300733222e-4
-1.4297094810549276e-4
-1.2589817953816528e-4
-1.1077841821205109e-4
-9.739909963329686e-5
-8.556946239559301e-5
-7.511847056598618e-5
-6.58929156993907e-5
-5.7755685013448294e-5
