1.2372334062412954e-6
1.3807037347532043e-6
1.4743038560410282e-6
1.7153822313345246e-6
2.022219573604918e-6
2.241237896092113e-6
2.592464887153501e-6
3.1061185744539686e-6
3.506465275649547e-6
3.99391629966523e-6
4.765639481530676e-6
5.36119340659916e-6
5.8392376369012385e-6
6.868384031215274e-6
8.034126265388496e-6
8.65925286763344e-6
9.578715491252466e-6
1.1392765268752282e-5
1.317602616118026e-5
1.4701827850404336e-5
1.6768560665032558e-5
1.9296869829356146e-5
2.2048162541177945e-5
2.5322546200261353e-5
2.8693467846670118e-5
3.204816985291661e-5
3.628684283090873e-5
4.0633717807838155e-5
4.38745698668009e-5
4.79200504000302e-5
5.3890922612654516e-5
5.963846907760825e-5
6.644848105939249e-5
7.751043772030103e-5
8.809133001898453e-5
9.287575953648596e-5
9.862982149262125e-5
1.1134539447735482e-4
1.2295397154517466e-4
1.2904876238108872e-4
1.4041705758893798e-4
1.6143467905959725e-4
1.810842566811446e-4
1.9464162021529916e-4
2.0769317819895977e-4
2.188530806064037e-4
2.2616616459726407e-4
2.3927994495252788e-4
2.589498297655436e-4
2.687880215781943e-4
2.6895872199622704e-4
2.8030742889579555e-4
3.036987894498661e-4
3.235725720912161e-4
3.435781868457235e-4
3.6550230379216154e-4
3.686803264412643e-4
3.555824712546833e-4
3.5178979961626554e-4
3.4600883167589495e-4
3.244646438590088e-4
3.2606138633229514e-4
3.528359397396979e-4
3.3147556137877107e-4
2.6435245221414133e-4
2.4757711611046084e-4
2.817583914622615e-4
2.7945356835520896e-4
2.494438732067184e-4
2.630256165136975e-4
3.2333811343489315e-4
4.096217751929456e-4
5.079492266920772e-4
5.850032551553324e-4
6.825358227260079e-4
8.85287932907694e-4
0.0011048697492262555
0.0012136256768210951
0.0013607484099162344
0.0017234754538548787
0.0021401479811919717
0.0024531503144687066
0.0028570803238784494
0.0034888837117553646
0.004127161701248614
0.00461434722577801
0.005144410013944589
0.0059410063765077915
0.00694028710730812
0.007878714745081368
0.008627333681776699
0.009400094482119285
0.010468631152437487
0.011730103035772295
0.01288590987327062
0.013939993491047404
0.015161119317712897
0.016689072846634664
0.018405182732624238
0.020072899329655336
0.02160798499357574
0.02322743867782077
0.025107272380326746
0.027088782558131484
0.029097764730277014
0.031393011099861215
0.034021826994477936
0.0367256384948931
0.03953656750825163
0.0425082095040928
0.04500472937075796
0.046481258261828695
0.047704841061272464
0.049959838071619744
0.053310998264661305
0.05668831990015277
0.059438107325045564
0.06196190037147147
0.06491240696094529
0.06834324599014124
0.0718000262087493
0.07498132913946398
0.07803341734176267
0.08115443895620807
0.08415833988292433
0.08674605873919258
0.08912699451639339
0.09183919811762442
0.09486121900441735
0.0976766192500733
0.10044494130859202
0.10400695435991517
0.10825645738503865
0.11176412117986792
0.11377387375209046
0.11548440208776095
0.11841386377458223
0.12223543027645564
0.1253753574183901
0.12744986952388604
0.12957690573384023
0.13202178103231238
0.1335453655142335
0.13393841115672972
0.13489139040714973
0.13713208227555423
0.13901407089920534
0.13915839576068909
0.13852528563035482
0.1389789477634413
0.14104536169113918
0.1434127951633331
0.14428856854464547
0.1433701672967225
0.14185658793830258
0.14027999457063586
0.13805975829713332
0.13556914856551833
0.13424268481956375
0.13415438383797756
0.1337432971762975
0.13217519259645827
0.13016138130468702
0.12836504503371862
0.1262874365082765
0.12311523485542403
0.11911310719281419
0.1153675517275372
0.11225422223804964
0.10941113307693576
0.10692382106833417
0.10466334605813697
0.10128637052492397
0.09616770438256314
0.09079307488423062
0.08615374810340728
0.08128737132052098
0.07601556631005152
0.07168423060184441
0.06808199938098947
0.06343107273796698
0.057901547278581336
0.05343846357388746
0.05021224258480126
0.046479933753126215
0.04155119088035788
0.03638843031741672
0.0317812338644342
0.02767965742997377
0.023930509086351002
0.020572588148777146
0.01759547339085905
0.014937166217351484
0.01257661135720199
0.010429187880568827
0.008394686209108815
0.006608406410079312
0.005306427316486633
0.004427622638845636
0.003764163254868792
0.003345136441732379
0.0031901685532132918
0.0030711855494474625
0.0029984625539542045
0.003334597038606806
0.0040503184219060975
0.004647335938375612
0.005030614388049076
0.005610341105603887
0.006494777206024431
0.007357713030420311
0.008018560372813788
0.008563672416769787
0.009064005184806156
0.009545726229172864
0.01005629830656003
0.010574955511482947
0.010995385367958221
0.011254690840529158
0.011402079880503006
0.011522555513140449
0.011622321140062387
0.011642784797565073
0.011588052653769148
0.011520986110808037
0.011424175516036665
0.01122453068076026
0.010941902255068945
0.010647582706997056
0.010333943648321499
0.009972433881838319
0.009604054737659615
0.009259944570454781
0.00890287044869967
0.008512278296943902
0.00812001875971571
0.007739737799887026
0.007352168457111893
0.006953373695477205
0.006552622771367415
0.0061517617100396065
0.005767367256527679
0.0054278316103308485
0.005124151491320132
0.00481569400781813
0.004493492734203269
0.004183560865819713
0.003894662529001358
0.003617268721226301
0.003355495236442044
0.0031138680955253542
0.002880389867927938
0.002652182891058897
0.0024424470484228117
0.0022516280291844126
0.0020691987593178763
0.0018978280114348607
0.001743572103957402
0.0015989377883918517
0.0014570775217930328
0.0013233643692006644
0.0012042358527782698
0.0010994450952726198
0.0010039847652727548
9.117858435048312e-4
8.230700237107379e-4
7.437966184845099e-4
6.737889810909843e-4
6.07322110334273e-4
5.447829640319727e-4
4.895289514300431e-4
4.3928453952736497e-4
3.9179353277810086e-4
3.4915999627502595e-4
3.116026071545887e-4
2.771391637038099e-4
2.459594889053068e-4
2.1786702535795682e-4
1.914952670671077e-4
1.6836545367089587e-4
1.4996829075426436e-4
1.3339364803497837e-4
1.1641938084387634e-4
1.0112380257835138e-4
8.873607411626572e-5
7.763787029731039e-5
6.720078436152548e-5
5.808451675763269e-5
5.0080989914595934e-5
4.281619409620194e-5
3.647925879751691e-5
3.102135256617168e-5
2.6294626418678017e-5
2.2319093693886428e-5
1.8820170891890275e-5
1.5600908016982282e-5
1.2915290877672112e-5
1.0760889274637786e-5
8.836774591408796e-6
7.1960534370571595e-6
