-7.93048095182872e-7
-9.612848671640303e-7
-1.0297226687587598e-6
-1.0393714081004083e-6
-1.3270671310734022e-6
-1.5659763781917333e-6
-1.5229537168306063e-6
-1.7349724462789401e-6
-2.149596261695682e-6
-2.211908762056835e-6
-2.357016948375311e-6
-2.9252492605408826e-6
-3.2342038435668895e-6
-3.410363147549027e-6
-4.1181965903073225e-6
-4.788594530088325e-6
-5.303044850758852e-6
-6.5461246416848e-6
-7.749339049318196e-6
-8.1555849782723e-6
-9.525617487211929e-6
-1.1987637900431847e-5
-1.3144129709607543e-5
-1.3882307009790078e-5
-1.650999867521066e-5
-1.91872502828585e-5
-2.0775130656364132e-5
-2.3911756941149617e-5
-2.8360509746077606e-5
-3.211698312795481e-5
-3.752078397266433e-5
-4.5668675553285225e-5
-5.306226379963941e-5
-5.952567826262167e-5
-6.750400567618787e-5
-7.631849977490741e-5
-8.768307331465968e-5
-1.0526713181341994e-4
-1.2436319390003603e-4
-1.3852876474024212e-4
-1.5274396648037715e-4
-1.750581252408026e-4
-2.0476775536013334e-4
-2.374413005238742e-4
-2.7282898900830914e-4
-3.1353912798493704e-4
-3.543051316843061e-4
-3.8203620697700806e-4
-4.0695930955756413e-4
-4.6814877363642314e-4
-5.720291874411624e-4
-6.752929755019419e-4
-7.616217762287733e-4
-8.591956246402302e-4
-9.775058773507804e-4
-0.0011120364589840863
-0.001265057640137967
-0.0014070918549772423
-0.00152937790973814
-0.0017142617274581667
-0.0019914218571165515
-0.002251662635397724
-0.0024614313047193813
-0.0027185457854898712
-0.003018505272326125
-0.003298807521404898
-0.0036386233136145663
-0.0040625159169992075
-0.004407463129812089
-0.004657440322054421
-0.005004105702273201
-0.005487440014268475
-0.0060188551413385295
-0.006593795384860081
-0.007141065234561519
-0.007556815845723618
-0.00797705715528004
-0.00852057810588757
-0.009036303555999716
-0.009518335499370624
-0.010135813330175717
-0.010728376939295277
-0.011133646313049765
-0.01167370703815554
-0.012451982433857669
-0.013031176477546463
-0.013418457110657664
-0.014076340924158881
-0.014823212191028575
-0.015235780169730442
-0.01569844934411677
-0.01658570248384729
-0.017349928671901074
-0.017603706705221163
-0.017892388321104277
-0.018645946535300835
-0.019557558768617513
-0.020326881506206325
-0.021094322405462412
-0.022028300094220486
-0.022972500729746766
-0.02367102256684165
-0.024275594029490973
-0.025147022473315933
-0.026004183518825642
-0.026247517913301197
-0.026210684244747207
-0.026636060166821733
-0.027218466020205924
-0.027449354847799062
-0.02798725421470556
-0.029350755102905555
-0.030771839974698297
-0.031832392786914555
-0.033188148436631745
-0.0348352314517943
-0.03602410022486839
-0.036937989777057714
-0.03814246932358277
-0.03920134663186878
-0.039843656380408383
-0.04094346931048448
-0.042861727417845615
-0.04475675355500363
-0.04623403976827663
-0.04765970002059064
-0.049010489620171044
-0.0501722233796732
-0.051403173363066136
-0.052373649869070144
-0.05245187923084719
-0.05234805054941463
-0.05340077173369255
-0.05550333446720171
-0.05757304471700461
-0.059144651253818535
-0.06031532955259214
-0.06137281679629872
-0.06271262147529406
-0.06411969180610737
-0.06505747692824745
-0.06596826218529797
-0.06747365244755554
-0.06903787373174604
-0.07039658078168445
-0.07227576284609369
-0.07438998931916953
-0.07586694035570107
-0.07750125799395706
-0.07991034367531767
-0.08156783491131285
-0.08212319309902064
-0.0837484941845477
-0.08687886135423065
-0.08969941048795228
-0.09226109270273421
-0.09566544389998559
-0.09860676764143503
-0.09937943723078495
-0.09877729154751703
-0.09848068227685998
-0.09957142309716187
-0.10259992110147417
-0.1063993673867676
-0.10872129421416818
-0.10933977342675502
-0.10974392594965351
-0.11051068701446169
-0.11165626198277864
-0.11326557693743786
-0.11456200198687283
-0.1153524868317312
-0.11707565955034531
-0.11961196751194327
-0.12096628175390796
-0.1217503846428467
-0.12416673761088999
-0.1268078035990363
-0.12705191607025218
-0.12631244301097325
-0.12691142707591127
-0.12783091786609688
-0.12796968062474262
-0.12849068546718945
-0.12961338057139613
-0.13017514745521327
-0.13043791786962408
-0.1309950659565602
-0.1307517811862836
-0.12924902880717762
-0.1280521894198724
-0.12783758142345042
-0.12735036852820675
-0.12600221252637556
-0.12437419715932677
-0.12231639602915655
-0.11928870688079204
-0.11583555852124003
-0.1125263773885425
-0.10868205129100969
-0.10397942748073571
-0.0996832389654856
-0.09659526015531748
-0.09354125144414294
-0.08936590417950434
-0.08465166158033219
-0.08034907590188481
-0.07643155558394113
-0.07256719179050505
-0.06861945421004512
-0.06438533316556738
-0.05998289581088495
-0.05602167191386777
-0.052654763527974394
-0.04934996992352336
-0.04590586676016851
-0.04263683720411397
-0.0396266943370091
-0.03677394496138802
-0.03421040835133395
-0.0319601727298707
-0.0297201439762362
-0.027368435887233204
-0.02511679585508016
-0.023075449148422966
-0.02119166471751723
-0.019503311517382507
-0.018040906699651107
-0.01667424587194498
-0.015311374529131344
-0.014036133402054429
-0.012932862597798316
-0.011971756309489157
-0.011093143856865134
-0.010253398417411594
-0.009417714992353986
-0.008600874619364655
-0.007848835970091398
-0.007154287331827118
-0.006495249135032905
-0.005928054134753473
-0.005503536315500381
-0.005143456156588609
-0.004732548267660684
-0.004269877900392136
-0.003838985690191039
-0.0034984392297968195
-0.003241699113764431
-0.0030115364535435755
-0.00276251806769115
-0.002518386962461985
-0.002316637764157716
-0.0021369018716708363
-0.0019541212867013316
-0.0017858928881770862
-0.0016354599934857664
-0.0014839145617578146
-0.0013472884320393753
-0.0012455092387277378
-0.001151230378897845
-0.0010426605675152782
-9.406471681499098e-4
-8.573373131130397e-4
-7.812238024347968e-4
-7.119401573316812e-4
-6.538303334878461e-4
-6.012211695735984e-4
-5.538550206274555e-4
-5.129815570105859e-4
-4.705762297159167e-4
-4.26877094628087e-4
-3.904275724249331e-4
-3.5741814873602515e-4
-3.2270451552623736e-4
-2.9318306032829816e-4
-2.6945682780095745e-4
-2.4447819361099216e-4
-2.2173031196439066e-4
-2.0473441397017979e-4
-1.8573395393466416e-4
-1.641088724882761e-4
-1.485844465871349e-4
-1.377648109468159e-4
-1.2537559173182546e-4
-1.1389262212030379e-4
-1.0514022835742969e-4
-9.569363953482606e-5
-8.651069776104664e-5
-7.976919755878967e-5
-7.271244996271576e-5
-6.493359010821687e-5
-5.92869589541549e-5
-5.45426162946557e-5
-4.8956949463112655e-5
-4.4528997818391414e-5
-4.121059529389809e-5
-3.686384139031984e-5
-3.26717341036485e-5
-2.9916093962292722e-5
-2.6958921429219944e-5
