1.0063080202100804e-6
1.1775571871130592e-6
1.3710046579271988e-6
1.6042937776244156e-6
1.8708296084856442e-6
2.1772316806007075e-6
2.5298773305397788e-6
2.9331726843738564e-6
3.394189119781658e-6
3.906736018425333e-6
4.520424660968922e-6
5.21758713809794e-6
5.983839247097168e-6
6.886409741056583e-6
7.91039756844269e-6
9.056548327253693e-6
1.0364763315449322e-5
1.181473082506658e-5
1.3482713263218652e-5
1.5341725348645962e-5
1.7376446824442034e-5
1.9754806579150788e-5
2.2341681599743404e-5
2.5255432105847293e-5
2.8381429215929588e-5
3.20596094427673e-5
3.60067546378923e-5
4.034165913349526e-5
4.524666137834831e-5
5.0552812451183966e-5
5.62466742762181e-5
6.26559239472996e-5
6.956021300064997e-5
7.672948526820527e-5
8.445213642693981e-5
9.330356090957775e-5
1.0228582791025127e-4
1.1203188977372007e-4
1.2213403533593918e-4
1.3327701024181798e-4
1.4457980916962734e-4
1.5599390072238665e-4
1.6768221609686956e-4
1.7909139854296302e-4
1.905313545350962e-4
2.0293529678306417e-4
2.1351986300119732e-4
2.2454769370135815e-4
2.3338603321209202e-4
2.4278381694372452e-4
2.4910230460035656e-4
2.5546521063546607e-4
2.579740318830541e-4
2.5829196547995316e-4
2.5336825375066557e-4
2.4784913049122055e-4
2.3694641735642538e-4
2.1974043981236516e-4
2.087750456511973e-4
1.8801786422662262e-4
1.6641622688542992e-4
1.4301784596128364e-4
1.1321153681347037e-4
8.67278544842915e-5
6.234852938192319e-5
3.7758430144167464e-5
2.1007142797526405e-5
6.857814799355689e-6
5.829699222602179e-6
2.551687074639278e-5
4.941873573881898e-5
1.0035997100373006e-4
1.6973175804303742e-4
2.680984548660776e-4
3.987433421193384e-4
5.722133165733744e-4
7.727291676297179e-4
0.0010164590470749652
0.001327471561554547
0.0016487587906227773
0.0020535046492486464
0.002503087284968482
0.003004764602804924
0.0035754083121677695
0.004240157499436532
0.004933390337868788
0.005677101813088592
0.006535627620441569
0.007462076943791189
0.00849827143389823
0.00960082923753203
0.01082801560019897
0.01207267138245006
0.013362109177706902
0.014699963065883427
0.016285230444786022
0.017868835981717845
0.01949920124960072
0.02134084248346029
0.0231471761248584
0.025271602331718192
0.027250393147241536
0.029473810961386408
0.03172204657237322
0.03398475162784352
0.03654646450567592
0.03908863414715385
0.041563971303820973
0.04414515939120088
0.047093057106402464
0.049806169149365004
0.05288442570410848
0.0560900397580143
0.05906330061776138
0.062370860220835225
0.06555223874542382
0.06843622242847826
0.0719833842658681
0.07516616301143328
0.07877253889570693
0.08222116852512706
0.08595484819603312
0.08934617926918414
0.09321150227586203
0.09623065790625948
0.09981649737486646
0.1035652306057123
0.10699633914010884
0.10995899765507455
0.11378882102678942
0.11712968895934478
0.12046176275816838
0.12379317895513714
0.1268872043941033
0.13048152551396608
0.13328896730570525
0.135713546905236
0.13864078808959118
0.14119547629076384
0.1437817157864107
0.14608112040333068
0.1486565609485963
0.1504910138442
0.152791686880918
0.15384663268573479
0.15515321991009204
0.1568622290818365
0.15760682449971297
0.15849256247299237
0.15950823420366517
0.15957098914190462
0.16005449186239992
0.15994308309194194
0.15914023629431975
0.15870938729641337
0.1578459958943847
0.15673347180810787
0.15575897715049442
0.15432742748890732
0.1521213889790276
0.1497907183872677
0.14755129097440073
0.14515011868023756
0.14225385697854775
0.13890656852923325
0.13590699452160446
0.1322344373119123
0.12854922703895366
0.1244709656800152
0.12013896525363146
0.11546994042052702
0.11112781529379372
0.10627095211683776
0.10143177975697047
0.09625998845289628
0.09137640530148494
0.08621081606838987
0.08090781287404447
0.07554889248241828
0.07047514907586092
0.06474788161564166
0.0593532310089362
0.053917699504813475
0.048870222915961714
0.04389746455338591
0.03895302727899046
0.034219518572999985
0.029870674656235496
0.025646752921860944
0.02156080585703535
0.017781699605031592
0.01452714107087773
0.011327147496874017
0.008713551266332407
0.006366836595753049
0.004563028095284299
0.0030946413914985987
0.0018460796476064292
9.391391552659556e-4
4.2404568994283036e-4
1.3380478031788033e-4
1.5269497393798748e-4
4.630885155351972e-4
9.66199652577729e-4
0.0016355482430279056
0.0025135457517625713
0.0034594676967718866
0.004412612036108705
0.005409541639194043
0.006397870473867466
0.007394855337242342
0.008375386919280541
0.009269729768638664
0.010109123942705946
0.010859335024064599
0.011517677799612023
0.01207689000883563
0.012537720658401256
0.012898601766549389
0.013160245377986044
0.013328350705756251
0.013417617002351964
0.013432032000634852
0.013364657555538072
0.01323788085418152
0.013035830181559053
0.012799842528412672
0.012506348151093112
0.012173002094627492
0.011809783484263755
0.011414450331979456
0.011009389448151337
0.010579715419371758
0.010133819487439468
0.009683772264187911
0.009226394546130359
0.008772847073558902
0.008323774408233325
0.007881814068845375
0.007443974479071427
0.007022834607279266
0.006601204677348557
0.006198372316641037
0.005808014968525659
0.0054352485462353575
0.005073032380882695
0.0047278925303761
0.0044003376843686545
0.004088657287903978
0.0037926401583784886
0.003511651623344028
0.003247271662644285
0.0029966623932129515
0.002760556052975364
0.0025403914476260793
0.002334265932913561
0.0021421391075608512
0.0019619264934762
0.0017947070418247429
0.0016382450678540871
0.0014941197877007164
0.0013613022758859718
0.0012362153212567236
0.0011216093014316173
0.0010160662375666976
9.19528993054096e-4
8.311069284085837e-4
7.494975842706004e-4
6.745163225788725e-4
6.060078468330539e-4
5.436004206699497e-4
4.8686185745184076e-4
4.351257063959973e-4
3.883036082902595e-4
3.4590009305157426e-4
3.075194392071623e-4
2.7275385857505814e-4
2.414176805850124e-4
2.1334359115811802e-4
1.879046128626367e-4
1.651292603446487e-4
1.448040350209042e-4
1.2665271351346347e-4
1.1046997087749961e-4
9.606496440689512e-5
8.330805036741449e-5
7.198907074512633e-5
6.198824959930516e-5
5.317547583898858e-5
4.543361433822929e-5
3.866484825180091e-5
3.272450121047258e-5
2.7598685346609856e-5
2.3147430771745274e-5
1.9297652066340046e-5
1.5985400731987134e-5
1.314647871868739e-5
1.0734625866256256e-5
8.680993848205246e-6
6.957571746731668e-6
