-4.1131094311512975e-7
-4.814477528663038e-7
-5.680890614340988e-7
-6.675331625545785e-7
-7.820683538652098e-7
-9.158994702913535e-7
-1.0712445877929584e-6
-1.2518055880235951e-6
-1.463568158826914e-6
-1.711474506864296e-6
-2.0123892927844365e-6
-2.3456686780049216e-6
-2.7360018205515057e-6
-3.210948865908789e-6
-3.740802230134361e-6
-4.364478694181223e-6
-5.081767490779959e-6
-5.924833206368267e-6
-6.900551767001658e-6
-8.022917610501545e-6
-9.357859584911946e-6
-1.0896482684946597e-5
-1.2638470301237975e-5
-1.466047745521052e-5
-1.713803169014966e-5
-1.9912359490235474e-5
-2.305975104298545e-5
-2.6842284734143288e-5
-3.113880224119773e-5
-3.606450393064374e-5
-4.157493218502408e-5
-4.836365287900553e-5
-5.593517596410716e-5
-6.449669718745912e-5
-7.521556960502845e-5
-8.692421875631471e-5
-1.0025616359279706e-4
-1.1611111369482596e-4
-1.3389464730994866e-4
-1.5427039139061002e-4
-1.7790920590201828e-4
-2.0457625034592686e-4
-2.3578231540337302e-4
-2.70542093999579e-4
-3.124720519286651e-4
-3.5818877003544335e-4
-4.1044220743478545e-4
-4.68420082560563e-4
-5.375414790390303e-4
-6.158725960372124e-4
-7.023694772378764e-4
-7.961881138467308e-4
-9.094764960847796e-4
-0.0010318376311322507
-0.0011708991070482852
-0.0013253573652718814
-0.00149070398772695
-0.0016732621031653237
-0.001889595012186308
-0.0021199827344865986
-0.002359642613411973
-0.002638950051338955
-0.0029291122999522863
-0.0032458710745469363
-0.0035757888928442936
-0.003942675567372512
-0.004308033645912566
-0.004736795195436461
-0.005155461632100747
-0.005600914239136414
-0.0060756190349483
-0.006552421479314459
-0.007074646177500225
-0.007586819313918934
-0.00810262469154863
-0.008627308679575353
-0.009198202262612427
-0.009763337649532015
-0.010283862943351674
-0.010883605363806495
-0.011489369891079926
-0.012065880248124444
-0.012707905770200796
-0.013341901486551939
-0.013903252004417546
-0.014468810242432436
-0.015155776443628532
-0.015839899715700677
-0.01646946992505304
-0.017093433381763667
-0.017739995897524785
-0.018364646176897242
-0.019032803565808387
-0.019599200383580186
-0.02046998610348934
-0.021148009386190075
-0.02171253460593978
-0.02260385096680298
-0.023337213158257514
-0.024061013170486988
-0.024730036744355654
-0.025592468928300954
-0.026329269777076746
-0.0270294586318726
-0.028042376144270374
-0.02882492894876984
-0.029565332638181174
-0.03042852580191316
-0.03151782448101722
-0.03213186695769989
-0.03333503728798194
-0.03429415821715115
-0.035102439928210785
-0.03608182254745301
-0.03712414062387226
-0.03793433948631178
-0.03919201747018394
-0.040262522640919715
-0.04123365271419092
-0.04234553436558369
-0.04352408185294329
-0.04463310841282686
-0.045610372742635144
-0.04683237578533764
-0.04810262753792659
-0.04941287868263745
-0.05053200634034222
-0.05167642401558004
-0.05325452017604511
-0.05455973282740533
-0.05584933683371824
-0.05705241632934859
-0.05849335106083359
-0.05980652077069242
-0.06123023596560427
-0.06252760138753802
-0.06423012333441525
-0.066006743428072
-0.06741496335144859
-0.06884708043827291
-0.07022138568821845
-0.07174509758259837
-0.0733491688523732
-0.07487906263576516
-0.07678019092945568
-0.07833920840337713
-0.08007006192449173
-0.08181606494906227
-0.08359077494824094
-0.0853079858248375
-0.08734461894871964
-0.08883024043256386
-0.0907915945693924
-0.09258694405150841
-0.09438690526409857
-0.09626058273465768
-0.0983883530188277
-0.10027534097429004
-0.10227315804588755
-0.10440852917952956
-0.10613382539450114
-0.10795866711991996
-0.1099615794886223
-0.1120177914982234
-0.11411979860778736
-0.11646753846112559
-0.11834502539223613
-0.12029970482563461
-0.122518828772918
-0.12459977739308366
-0.1265291572908617
-0.12832025183975793
-0.13013399114864566
-0.13207176005234378
-0.1339831795266923
-0.13575048355817965
-0.13763631678987506
-0.13923875670335073
-0.14082918127936017
-0.14223122042545763
-0.14358814953035376
-0.14460472181139766
-0.14567782286298267
-0.14636498672111886
-0.1470837020589844
-0.14762847817045854
-0.1475868002386848
-0.14748815343170918
-0.1470924517080368
-0.14642269565123367
-0.14541776779030108
-0.1440761146261016
-0.14233890722627326
-0.14037562662527642
-0.13801829535618343
-0.1351431956425674
-0.13219449063014616
-0.12887666654508798
-0.12524699081084814
-0.12125245727049797
-0.11702810748006869
-0.11261784692029617
-0.10807262948573354
-0.10338897795878316
-0.09858721233287997
-0.09370140308497577
-0.08889232868232182
-0.08403587928179573
-0.07924778652044853
-0.07450320903895222
-0.06992021866973591
-0.06548711610139309
-0.0611670060887507
-0.057066343458848146
-0.053099786015539614
-0.049354330203102495
-0.045753421996674246
-0.042403450618934545
-0.0392482515093305
-0.03627762581771388
-0.033428368803798895
-0.030870930714685888
-0.028425496091815522
-0.02617867494275656
-0.02409689439765259
-0.0221228871988502
-0.020340904803704412
-0.018684286915590462
-0.017158312312484818
-0.015731034748348027
-0.014434406952407147
-0.013240882625612942
-0.012140007347986852
-0.011125973141214857
-0.010176681539354634
-0.009326293804806249
-0.00854779952121617
-0.007816261539392477
-0.007158119768593494
-0.006551450937116807
-0.00600365930778673
-0.005490774961019304
-0.0050315906367621455
-0.004599949996081043
-0.004214351838449671
-0.003851637105867582
-0.003518535348635033
-0.003223735340031547
-0.0029458587292835875
-0.0026967878404396566
-0.0024704774293162904
-0.002260208547970607
-0.0020649236506659324
-0.0018861301391463756
-0.0017263763462718282
-0.001579398429486701
-0.0014422034774027675
-0.00132162410450274
-0.0012097184859449963
-0.001107104595823373
-0.0010117628944349769
-9.259934788521089e-4
-8.464164314699982e-4
-7.7427875300965e-4
-7.078502019680095e-4
-6.463544969043404e-4
-5.9217053663211e-4
-5.420686367816293e-4
-4.964530114195675e-4
-4.5375720336846497e-4
-4.148171725072014e-4
-3.79201867016829e-4
-3.4674602780298484e-4
-3.164025319210285e-4
-2.8927259982946434e-4
-2.647660469722277e-4
-2.4236671464277827e-4
-2.21509524240925e-4
-2.026082591977662e-4
-1.8523618313740224e-4
-1.6920608133907166e-4
-1.5448358244011365e-4
-1.4096506486412124e-4
-1.2875229032425462e-4
-1.1766107224127904e-4
-1.0760091489603804e-4
-9.816967995162634e-5
-8.949053445313972e-5
-8.168347693598045e-5
-7.428256818004192e-5
-6.767363301785932e-5
-6.156087960323088e-5
-5.601371796834266e-5
-5.097507649992117e-5
-4.6285187707818345e-5
-4.202491405966189e-5
-3.808517742986008e-5
-3.4454070493503686e-5
-3.115023599771249e-5
-2.809996605383406e-5
