0.0750000000	1.0845414341
0.0754013378	1.1056405875
0.0758026756	1.1039797732
0.0762040134	1.1136538567
0.0766053512	1.1366786831
0.0770066890	1.1378255104
0.0774080268	1.1381725583
0.0778093645	1.1533186185
0.0782107023	1.1574658009
0.0786120401	1.1589269177
0.0790133779	1.1740426103
0.0794147157	1.1834339895
0.0798160535	1.1812657451
0.0802173913	1.1666060045
0.0806187291	1.1385307330
0.0810200669	1.1143603625
0.0814214047	1.1128420238
0.0818227425	1.1150333890
0.0822240803	1.1091677466
0.0826254181	1.0992135558
0.0830267559	1.0879688343
0.0834280936	1.0729001311
0.0838294314	1.0680079447
0.0842307692	1.0709268415
0.0846321070	1.0670927800
0.0850334448	1.0645480430
0.0854347826	1.0672055862
0.0858361204	1.0626529897
0.0862374582	1.0567613900
0.0866387960	1.0566585164
0.0870401338	1.0534390124
0.0874414716	1.0508604116
0.0878428094	1.0563990737
0.0882441472	1.0600724612
0.0886454849	1.0585287904
0.0890468227	1.0573743401
0.0894481605	1.0532563305
0.0898494983	1.0474407728
0.0902508361	1.0483531892
0.0906521739	1.0514706852
0.0910535117	1.0520580477
0.0914548495	1.0567278499
0.0918561873	1.0625409156
0.0922575251	1.0635416824
0.0926588629	1.0661383161
0.0930602007	1.0721383979
0.0934615385	1.0782929456
0.0938628763	1.0875584117
0.0942642140	1.0924164082
0.0946655518	1.0866697901
0.0950668896	1.0822064570
0.0954682274	1.0857328683
0.0958695652	1.0915649824
0.0962709030	1.1007679665
0.0966722408	1.1156783204
0.0970735786	1.1265971428
0.0974749164	1.1248777961
0.0978762542	1.1193787955
0.0982775920	1.1108675615
0.0986789298	1.1001211525
0.0990802676	1.0956648464
0.0994816054	1.0931102290
0.0998829431	1.1135561955
0.1002842809	1.1038815597
0.1006856187	1.1122290947
0.1010869565	1.1185835051
0.1014882943	1.1247108887
0.1018896321	1.1303423863
0.1022909699	1.1327516783
0.1026923077	1.1382408509
0.1030936455	1.1495015709
0.1034949833	1.1592672318
0.1038963211	1.1951428663
0.1042976589	1.4363797675
0.1046989967	1.4674247406
0.1051003344	1.1628609866
0.1055016722	1.1330979081
0.1059030100	1.1434182785
0.1063043478	1.1424650938
0.1067056856	1.1335637648
0.1071070234	1.1302222777
0.1075083612	1.1342410521
0.1079096990	1.1472290085
0.1083110368	1.1068146054
0.1087123746	1.0951130893
0.1091137124	1.0880176403
0.1095150502	1.0788237800
0.1099163880	1.1005066832
0.1103177258	1.1074155069
0.1107190635	1.1153692540
0.1111204013	1.1313416529
0.1115217391	1.1448445011
0.1119230769	1.1507887979
0.1123244147	1.1590100529
0.1127257525	1.1759809006
0.1131270903	1.1898522423
0.1135284281	1.1904799795
0.1139297659	1.1798704367
0.1143311037	1.1674851046
0.1147324415	1.1595495066
0.1151337793	1.1522215488
0.1155351171	1.1429856451
0.1159364548	1.1382233005
0.1163377926	1.1423686818
0.1167391304	1.1484118637
0.1171404682	1.1517224208
0.1175418060	1.1609933059
0.1179431438	1.1854883279
0.1183444816	1.1532072870
0.1187458194	1.1491028325
0.1191471572	1.1442569303
0.1195484950	1.1260969227
0.1199498328	1.1207459813
0.1203511706	1.1129331503
0.1207525084	1.1069180737
0.1211538462	1.1021648278
0.1215551839	1.0979651979
0.1219565217	1.0943358748
0.1223578595	1.0908138479
0.1227591973	1.0859113125
0.1231605351	1.0798971789
0.1235618729	1.0752057478
0.1239632107	1.0735200813
0.1243645485	1.0768045865
0.1247658863	1.0873718515
0.1251672241	1.0880716560
0.1255685619	1.0842047982
0.1259698997	1.0781038206
0.1263712375	1.0846279520
0.1267725753	1.0957005588
0.1271739130	1.0998976166
0.1275752508	1.1077348249
0.1279765886	1.1191852897
0.1283779264	1.1268049859
0.1287792642	1.1288211492
0.1291806020	1.1226383877
0.1295819398	1.1156132029
0.1299832776	1.1118091768
0.1303846154	1.1080100537
0.1307859532	1.1040510173
0.1311872910	1.0999092728
0.1315886288	1.0970231700
0.1319899666	1.0958515010
0.1323913043	1.0974889035
0.1327926421	1.1008844824
0.1331939799	1.1050086159
0.1335953177	1.1094577144
0.1339966555	1.1149123374
0.1343979933	1.1197760159
0.1347993311	1.1240595203
0.1352006689	1.1279385561
0.1356020067	1.1319143878
0.1360033445	1.1383977008
0.1364046823	1.1462600501
0.1368060201	1.1513785827
0.1372073579	1.1564922131
0.1376086957	1.1626062194
0.1380100334	1.1680332921
0.1384113712	1.1708137325
0.1388127090	1.1703888624
0.1392140468	1.1693442648
0.1396153846	1.1685980436
0.1400167224	1.1669641339
0.1404180602	1.1645062884
0.1408193980	1.1624364451
0.1412207358	1.1615775792
0.1416220736	1.1633108739
0.1420234114	1.1676378203
0.1424247492	1.1713915662
0.1428260870	1.1713760565
0.1432274247	1.1703117132
0.1436287625	1.1710967005
0.1440301003	1.1720064419
0.1444314381	1.1718869104
0.1448327759	1.1735033648
0.1452341137	1.1803223211
0.1456354515	1.1910660181
0.1460367893	1.1980609483
0.1464381271	1.1964767678
0.1468394649	1.1890648647
0.1472408027	1.1819635961
0.1476421405	1.1785846589
0.1480434783	1.1780472061
0.1484448161	1.1811919909
0.1488461538	1.1873920980
0.1492474916	1.1876998698
0.1496488294	1.1789413777
0.1500501672	1.1701972993
0.1504515050	1.1670387076
0.1508528428	1.1688500661
0.1512541806	1.1731456745
0.1516555184	1.1800418092
0.1520568562	1.1901300889
0.1524581940	1.2003378455
0.1528595318	1.2076102397
0.1532608696	1.2106076013
0.1536622074	1.2088010155
0.1540635452	1.2030340655
0.1544648829	1.1965148282
0.1548662207	1.1905194064
0.1552675585	1.1864338088
0.1556688963	1.1838446718
0.1560702341	1.1813898237
0.1564715719	1.1798324406
0.1568729097	1.1787746618
0.1572742475	1.1774335343
0.1576755853	1.1770113982
0.1580769231	1.1792658795
0.1584782609	1.1848316451
0.1588795987	1.1926395249
0.1592809365	1.1972650535
0.1596822742	1.1941865196
0.1600836120	1.1864364293
0.1604849498	1.1762533909
0.1608862876	1.1674729208
0.1612876254	1.1613662513
0.1616889632	1.1572443091
0.1620903010	1.1553534137
0.1624916388	1.1556336408
0.1628929766	1.1566272832
0.1632943144	1.1573777476
0.1636956522	1.1571554247
0.1640969900	1.1550571583
0.1644983278	1.1513099507
0.1648996656	1.1485935193
0.1653010033	1.1486095762
0.1657023411	1.1495542420
0.1661036789	1.1493729817
0.1665050167	1.1487003489
0.1669063545	1.1493316646
0.1673076923	1.1524568711
0.1677090301	1.1579937526
0.1681103679	1.1622628720
0.1685117057	1.1649193825
0.1689130435	1.1664851040
0.1693143813	1.1673252927
0.1697157191	1.1674520662
0.1701170569	1.1682493165
0.1705183946	1.1703458042
0.1709197324	1.1722360441
0.1713210702	1.1736556090
0.1717224080	1.1747127163
0.1721237458	1.1755397951
0.1725250836	1.1773184298
0.1729264214	1.1801236912
0.1733277592	1.1819874718
0.1737290970	1.1812989194
0.1741304348	1.1799312135
0.1745317726	1.1804880261
0.1749331104	1.1815496759
0.1753344482	1.1821335410
0.1757357860	1.1830589614
0.1761371237	1.1838181890
0.1765384615	1.1832035443
0.1769397993	1.1802770048
0.1773411371	1.1766632951
0.1777424749	1.1744723734
0.1781438127	1.1745048769
0.1785451505	1.1759220617
0.1789464883	1.1774877907
0.1793478261	1.1783550263
0.1797491639	1.1786593770
0.1801505017	1.1787784931
0.1805518395	1.1788541091
0.1809531773	1.1789471843
0.1813545151	1.1789958272
0.1817558528	1.1784844909
0.1821571906	1.1765788228
0.1825585284	1.1757385967
0.1829598662	1.1768806341
0.1833612040	1.1779417570
0.1837625418	1.1792037227
0.1841638796	1.1814951074
0.1845652174	1.1831644023
0.1849665552	1.1833143882
0.1853678930	1.1822634750
0.1857692308	1.1784566104
0.1861705686	1.1723172108
0.1865719064	1.1679808678
0.1869732441	1.1647973831
0.1873745819	1.1587857754
0.1877759197	1.1535262282
0.1881772575	1.1558319183
0.1885785953	1.1574224427
0.1889799331	1.1583175197
0.1893812709	1.1619954590
0.1897826087	1.1673390661
0.1901839465	1.1714540540
0.1905852843	1.1723706121
0.1909866221	1.1713357528
0.1913879599	1.1655141658
0.1917892977	1.1631681970
0.1921906355	1.1582055244
0.1925919732	1.1533263529
0.1929933110	1.1556914975
0.1933946488	1.1591711214
0.1937959866	1.1580000144
0.1941973244	1.1578379959
0.1945986622	1.1582533473
