-8.324875967709242e-6
-1.0467934230523296e-5
-1.2676462701003243e-5
-1.457604182624709e-5
-1.6559233776215893e-5
-1.8627831489472252e-5
-2.0718117337735056e-5
-2.2852327542289323e-5
-2.4965062089797512e-5
-2.7131257982712326e-5
-2.9829271419475364e-5
-3.448322247974063e-5
-4.227449278459919e-5
-5.156066938055698e-5
-6.038380031348163e-5
-6.845694793326514e-5
-7.69503261168414e-5
-8.770960728030018e-5
-9.90525391868391e-5
-1.1009742576483374e-4
-1.2165908632056354e-4
-1.354100229109155e-4
-1.5266013003946842e-4
-1.7235380928565477e-4
-1.957431275449982e-4
-2.2158771323829842e-4
-2.4829397512318507e-4
-2.756171279762004e-4
-3.032612084757011e-4
-3.3420181119308884e-4
-3.7383204837820687e-4
-4.21231789171849e-4
-4.756847111082745e-4
-5.534234227891961e-4
-6.439158801343632e-4
-7.313647288922263e-4
-8.147737084453078e-4
-8.943680295484621e-4
-9.738776246366478e-4
-0.0010558528918581636
-0.0011462124442723118
-0.0012642072875191947
-0.001425181165107043
-0.0016255207896583546
-0.0018500775389493898
-0.002044563906655437
-0.0021820826663448093
-0.002306820078157457
-0.002536333409790478
-0.0029037940197790754
-0.003346147520635484
-0.003796395457332524
-0.004283559056118371
-0.004853538629299924
-0.0054098176674478365
-0.005920933407154816
-0.006424797180423147
-0.006973461744312275
-0.0075857382014737065
-0.008244745160398281
-0.008910154299607934
-0.009557401403303863
-0.01021923988348761
-0.011303162143379963
-0.012517956557838716
-0.01363537950181772
-0.014632023574305415
-0.015652219488011297
-0.016869693917523125
-0.018350457637344927
-0.02007536254192478
-0.02213658821907958
-0.022582811606613677
-0.025259582699887956
-0.024918645607323053
-0.0283707374120016
-0.030415172196090478
-0.03232031299702492
-0.034876598156978154
-0.03809281810165462
-0.04138112736093727
-0.04511597373618688
-0.049502894292280115
-0.05445181613150885
-0.059153129880306514
-0.0648174275249176
-0.06993676937438088
-0.07519466375023326
-0.0801408852645383
-0.08504957611785628
-0.09072784169692062
-0.09718436426039652
-0.10354983961476513
-0.10946655245659234
-0.11465292163152822
-0.11937219845245946
-0.1258819819723699
-0.1346288518451269
-0.1433034885952851
-0.1502748184850053
-0.15666058849330705
-0.16547343864488356
-0.17819737195009525
-0.19073235783784462
-0.2117294194937166
-0.2292545390325263
-0.2445817336139674
-0.25899715585761357
-0.2787350013319544
-0.3003466266788633
-0.3168372963722573
-0.3292378623863111
-0.3394184924816397
-0.35199543005210604
-0.36869796973414615
-0.38799674901536346
-0.4068422575448978
-0.42667776292731313
-0.45127638171832074
-0.48076837272439493
-0.5091800227123828
-0.5317769178721007
-0.5465342113249535
-0.562274768230596
-0.5844147187037589
-0.6052722277732904
-0.6169370878881943
-0.6222416252838162
-0.6219008717308564
-0.6323233753780494
-0.6563192469518043
-0.6846429129021533
-0.7078128480538652
-0.7238205381423087
-0.7354267360587877
-0.7451733185442091
-0.7606946151375473
-0.7911952095383129
-0.8253843705293841
-0.8467650767919532
-0.8623833435288113
-0.885539128235018
-0.9178673019470482
-0.9496738840975911
-0.975036003309727
-0.9866058023025465
-0.9837044561555685
-0.9821791724349831
-0.9833456496117051
-0.9874003715574583
-1.0013506761564661
-1.0164063927529239
-1.024097860963208
-1.028256057970833
-1.0228518815266536
-1.009836368471511
-1.0173520001958802
-1.0469972655614392
-1.0794482893524657
-1.0951351636279554
-1.0958158453867928
-1.0916768732543853
-1.0798505734832038
-1.06860160825869
-1.0664822317903924
-1.068449580642533
-1.0682551223617534
-1.068824574873303
-1.0703472518095491
-1.0705794666984743
-1.0666598497247803
-1.0535201558491034
-1.034837943850624
-1.0173814002451886
-1.0015731439089555
-0.9819133289738943
-0.9581182962087081
-0.9324780928250866
-0.9021966797414286
-0.8654091638445477
-0.8277366099619485
-0.798157598882006
-0.7768254749976589
-0.7621310807911942
-0.7528162429362695
-0.7451329894979907
-0.7361672211558898
-0.7232461571387194
-0.703727746316484
-0.6772722870446422
-0.6481484466756479
-0.6212877362484446
-0.5953027242322936
-0.5702331919196747
-0.5510977242712961
-0.5364315424371185
-0.5195299392109988
-0.5021403181045212
-0.48640319522035164
-0.469301881855259
-0.44835340522057177
-0.4263073698869667
-0.4043197639660498
-0.3820571466155302
-0.35924684934084666
-0.3371621320878852
-0.3189851894450757
-0.30633538564847823
-0.2963742508027185
-0.285236588853181
-0.2714640953173327
-0.2549602172794817
-0.23803604706469736
-0.22291415734728956
-0.2089383559875481
-0.1955361303899162
-0.18350325953579544
-0.17310385707531947
-0.1633488750669318
-0.15424631391700713
-0.14561411162255172
-0.13703932498015542
-0.1288873295196244
-0.12115405667667792
-0.11305616316965438
-0.1042103467702451
-0.0954844031421685
-0.08743026256005658
-0.08005067080259513
-0.07398754320161281
-0.06948299120154322
-0.06561533724346803
-0.06114596389181014
-0.056537713795689885
-0.05237324655871023
-0.04832699928316655
-0.04441559906264561
-0.040838492239639444
-0.03777906924832149
-0.03491737778055315
-0.03207046038632709
-0.02933753291455397
-0.02679618207834297
-0.02461331751033969
-0.022783956744633394
-0.021175154409553178
-0.01962524266579192
-0.0180581463037442
-0.016523210384192955
-0.015097072715785555
-0.013815179507972649
-0.012654717348044624
-0.011524093749684874
-0.01041809282857156
-0.009427317268260441
-0.008578343820720714
-0.007786865809268633
-0.007010221005129928
-0.006294716101479844
-0.005653759363327798
-0.005095091891584216
-0.004607107851211802
-0.0041898458581365585
-0.0038206548755484303
-0.003469954812055196
-0.003135966977115764
-0.002829165233717351
-0.002567173898795893
-0.002336350524356147
-0.0021170169603468097
-0.0018963463722384702
-0.0016864536798756801
-0.0014969962895136739
-0.0013261371129977685
-0.0011763763430286379
-0.0010447412066886673
-9.299280838438795e-4
-8.326626759590451e-4
-7.49934958788207e-4
-6.757969938128276e-4
-6.04520453930877e-4
-5.430393837269453e-4
-4.8697052834990027e-4
-4.345019397885794e-4
-3.8646361755951625e-4
-3.4515151017369797e-4
-3.091472856769342e-4
-2.7582593100272163e-4
-2.456276076456732e-4
-2.1853993409967496e-4
-1.935591602359912e-4
-1.7221860677236092e-4
-1.5374224049952628e-4
-1.3622997499450915e-4
-1.1945157521758146e-4
-1.0426890257521528e-4
-9.093273739967708e-5
-7.94193008863956e-5
-6.954565258379264e-5
-6.109709027383192e-5
