-1.1861740360756277e-5
-1.4530789794131472e-5
-1.6351264870731135e-5
-1.7822600151330985e-5
-1.981587091209469e-5
-2.1990765003297032e-5
-2.4056199548356383e-5
-2.6692706913765922e-5
-2.994080661895906e-5
-3.3615304412518985e-5
-3.9192788170615565e-5
-4.78862674543906e-5
-5.787283525267674e-5
-6.708714679209134e-5
-7.61463982651642e-5
-8.491099695461032e-5
-9.464738933800558e-5
-1.071218248317391e-4
-1.1847379453914857e-4
-1.292521817136143e-4
-1.4359797516179016e-4
-1.6249799686847622e-4
-1.8404421164213997e-4
-2.0696588207839962e-4
-2.3275458881989917e-4
-2.599509291540881e-4
-2.9102133839692304e-4
-3.255766470600598e-4
-3.625822937888075e-4
-4.0842197261179146e-4
-4.6713980753298757e-4
-5.384002844903644e-4
-6.291805693428653e-4
-7.358150207875115e-4
-8.242126325221688e-4
-8.997500567820621e-4
-9.775832723234739e-4
-0.0010560111829739176
-0.0011439717155050017
-0.001250688804969138
-0.0013804425683758763
-0.0015635768297390877
-0.0018200211057327318
-0.0021128133022945933
-0.0023830144441651614
-0.002604191090691121
-0.0028257650501294354
-0.0031389471373081757
-0.00359631591742663
-0.0040990339036324095
-0.004571911981435171
-0.005027944790842407
-0.005550386145908071
-0.00611934300594535
-0.006653780569320898
-0.007171678667572544
-0.007728845567997629
-0.008405750794214203
-0.009164866315028615
-0.009935842590386816
-0.011058757185218548
-0.011563570901383541
-0.012659491136440472
-0.014071382756249367
-0.015569630852134168
-0.016834878359945064
-0.018001429937273047
-0.01952980692216272
-0.021480724028492344
-0.023789627898314358
-0.027186105492180073
-0.03372217291380893
-0.04819897640944485
-0.038364778760023296
-0.03955141571673493
-0.03348563663616423
-0.03557380824314334
-0.03800702614564467
-0.041224379250579986
-0.04462704211557969
-0.04748658193498764
-0.05054834765595836
-0.056088935539437376
-0.06298544814155795
-0.06861793744335476
-0.07172561227582576
-0.07700279695804528
-0.08344201027736878
-0.08986368594707626
-0.0944922965945372
-0.09811346741180005
-0.10273197957765239
-0.10835206823279125
-0.11454136901025465
-0.1231528227540528
-0.1338366670374758
-0.1446880060859596
-0.15765223988610655
-0.1718064680703957
-0.18571721317636108
-0.2009320167842554
-0.21989363690124453
-0.2476684984092338
-0.2686223159224328
-0.2809055911911439
-0.2992519691190172
-0.3174372505750455
-0.338649265549076
-0.36420697418841175
-0.38699244792846993
-0.40171942649970216
-0.412789066677482
-0.42143965974098996
-0.43455587123319545
-0.4551943900444431
-0.47775920382614206
-0.4985856431321979
-0.5216341744289513
-0.5504285764176076
-0.5818789609580473
-0.6102447584498347
-0.6361335577105648
-0.6593185658267862
-0.678642304680152
-0.7000530281919861
-0.7222873396493449
-0.7416597431044559
-0.7556620139675234
-0.7654756454763002
-0.7655640217014068
-0.7772869032043171
-0.7991633088739987
-0.818105572874027
-0.8315110576279265
-0.8504876848989351
-0.8776541999012789
-0.9177942450046132
-0.9665636583209891
-1.0068348057178353
-1.0310692102103078
-1.0426876561856508
-1.0568762780442722
-1.0834106990724528
-1.1141345519514338
-1.1409099439053052
-1.159137883644544
-1.1670351080217347
-1.1705676384327435
-1.1793847866748655
-1.1931746507503134
-1.2113789347101898
-1.224319707328495
-1.2340739773069602
-1.2485082549477458
-1.2641697096804247
-1.277016402575655
-1.2958928605209783
-1.3250675183076854
-1.3518186660154083
-1.3607525307572876
-1.3526409461670446
-1.344162235799984
-1.336872047787785
-1.3313082425177654
-1.3306651341221811
-1.333634763050805
-1.333560765807498
-1.327542354720965
-1.3221286313983103
-1.3198877987724718
-1.3121269457735403
-1.29271134377935
-1.2637817161925395
-1.2332870046338957
-1.206861912463806
-1.1811930397461845
-1.1551126368372897
-1.1315283682848962
-1.109746154396483
-1.0874941230641628
-1.0655651102578139
-1.0441654642544307
-1.0175635694282106
-0.9880459564091362
-0.9624716303781587
-0.9416438236632492
-0.9230651311425176
-0.9029842245961844
-0.8756060493090004
-0.8425992614718149
-0.808174624264522
-0.7766484164600137
-0.7487152253051393
-0.7223419465250103
-0.6970309648468185
-0.6728550173457866
-0.6493865094371275
-0.6279226464244038
-0.6078800264559102
-0.5862165046937119
-0.5619639686376493
-0.5378425752960319
-0.5125261947054324
-0.48639045293324845
-0.46133274013502806
-0.43779806711911845
-0.41609016319034775
-0.3967292750723923
-0.37981666147306237
-0.36313418189025404
-0.34477285585525935
-0.3252297469592764
-0.306840448511269
-0.29049640288565426
-0.2749547697672468
-0.2600200170889273
-0.245501110893767
-0.23079488196502124
-0.21629560610883813
-0.20280550536603348
-0.19047210729428693
-0.178888904848915
-0.16792550042853027
-0.15766338660511964
-0.14786775964602417
-0.13817283124863436
-0.12862901909870791
-0.11952691302985748
-0.11116019158149373
-0.10354339121082189
-0.09637061709958895
-0.08933687527328601
-0.08248579861595706
-0.07664256353840099
-0.07136398407374538
-0.0659415237399912
-0.06063483727320058
-0.05586307029236026
-0.05163328535465212
-0.047808269908373544
-0.044269492304606035
-0.04086426428169958
-0.03754777682980977
-0.034484314215517266
-0.03180139512900218
-0.02942354391886165
-0.027176344870512435
-0.025024554478784194
-0.022997461166878817
-0.021050973950244637
-0.019194481359019962
-0.01750551490743831
-0.01589407811953012
-0.014345918625634384
-0.013015571611001465
-0.01193766184971222
-0.010989339532511225
-0.010058538571446896
-0.009129112224138482
-0.008248347220202795
-0.0074418983321902395
-0.006702006673917798
-0.006057548758454176
-0.005492870858756446
-0.004980601672705459
-0.004509444810138513
-0.004077891443249256
-0.003690994544562125
-0.003345183525609889
-0.0030415779337966656
-0.00274811579336578
-0.0024579288419178482
-0.002196102521452083
-0.00196221315868536
-0.0017540073371092528
-0.0015663455062168417
-0.0014042756185647062
-0.0012623329228569772
-0.0011295233934659726
-0.0010046113282992945
-8.889323641868021e-4
-7.848637117045012e-4
-6.974355102870284e-4
-6.208191358669946e-4
-5.52801536265721e-4
-4.92480996892854e-4
-4.385961335676484e-4
-3.9029073239046957e-4
-3.4577771150090596e-4
-3.0381910097674496e-4
-2.6640577569694157e-4
-2.373939496979929e-4
-2.1217375123153294e-4
-1.875950314299396e-4
-1.6491560891375307e-4
-1.4490063229599234e-4
-1.2705450170018585e-4
-1.1149991429012534e-4
-9.800403078462025e-5
-8.62522308470587e-5
