9.866450580620462e-7
1.1709631959181667e-6
1.3763155087040426e-6
1.5984181156100666e-6
1.7645393298755018e-6
2.0933636221607377e-6
2.484213052088156e-6
2.9047836464834405e-6
3.377181219889994e-6
3.909013227258342e-6
4.485870009927853e-6
5.094783341753829e-6
5.981523371727415e-6
6.917616386895695e-6
7.757787846781534e-6
8.916011295861933e-6
1.0111055573874172e-5
1.1779204300203215e-5
1.356410590712758e-5
1.549091894302249e-5
1.7076519033830462e-5
1.910239202981911e-5
2.1053516432711716e-5
2.4585967609002074e-5
2.8311037382110544e-5
3.212990686812346e-5
3.478711260156353e-5
4.020393891028492e-5
4.579963044240066e-5
5.092753499455784e-5
5.439502601799531e-5
6.0674304418645506e-5
6.758668517706175e-5
7.665250576871557e-5
8.539263989316257e-5
9.393065661445223e-5
1.0339470960077696e-4
1.0558514026081402e-4
1.1681090559007805e-4
1.2913643745223719e-4
1.4205299220714665e-4
1.5255635956463862e-4
1.6632338969092435e-4
1.8424647954788295e-4
1.9657549285658667e-4
2.02474821783512e-4
2.1837044917572318e-4
2.1372899977190803e-4
2.3786790218149076e-4
2.505095283701207e-4
2.5565597843316064e-4
2.4950432723163535e-4
2.6634579579452075e-4
2.7092166290476535e-4
2.65418971376915e-4
2.590281815637122e-4
2.3550408457099716e-4
2.3246052545193254e-4
2.129524808768779e-4
2.1327616827986588e-4
1.9376055637925263e-4
1.7040742702827453e-4
1.4863766631112796e-4
1.5213904428059075e-4
1.0400641957578956e-4
7.699625217380703e-5
4.648219029649845e-5
3.2733805585503903e-5
5.989333278347262e-5
6.784301037810088e-5
5.478568473237571e-5
9.930271037656197e-5
1.943472146578793e-4
2.93077999422382e-4
4.055565116094734e-4
6.216642281540288e-4
7.872770563902026e-4
0.0010325752553690122
0.0014149176407827603
0.0017735259418381276
0.0020907074629222967
0.0025237755331221
0.0029965641042805757
0.0035342439080483365
0.004160449923546104
0.004923386779268836
0.005579987285228122
0.006398619648463189
0.00718827666608703
0.008132344083553521
0.009171457378609336
0.010362503494016309
0.011779754482237522
0.013054359393112613
0.01438658442327427
0.015706497120879615
0.017499344793280157
0.01922608755172442
0.020539206930748004
0.022287130600046487
0.024137589972093393
0.026370591683139325
0.02857654701284386
0.030594457372464082
0.032825132727386463
0.0349484512511143
0.03729455406573151
0.04004780091018812
0.04271128536753578
0.045200240113020075
0.04880515117817523
0.05223433320477221
0.05393768760732565
0.056697968995099914
0.060708589726879654
0.0632549387571287
0.06628654838327211
0.06964239446140999
0.07285548549629187
0.07557912373744631
0.07883880458155568
0.08249100916718308
0.0857403048290127
0.08962660954227032
0.09305794004781087
0.09626710028354088
0.0996530644240857
0.10292074682460478
0.106114122304191
0.1097325046033556
0.11304209232027206
0.1164171943208834
0.12084380096117822
0.12242799592868837
0.12523561310644865
0.12785514747191978
0.13096730872361767
0.13539227584310587
0.1363960060488472
0.1384443104929095
0.1408528249095174
0.14341939944428334
0.14612290425716196
0.14686262429387348
0.14982206168106582
0.15168478741214608
0.1518799428137506
0.15259080588266077
0.1529422241857581
0.15370971834415958
0.15420319593537918
0.15490483600410335
0.15576081503270311
0.15652521870809827
0.1554001860083991
0.153581735956303
0.15203195830586186
0.15042261136492613
0.1486363014834645
0.1471226020459624
0.14512814195619328
0.1427526545634677
0.14008215683248493
0.13709105789465464
0.13458938895851624
0.13146199289158236
0.12895183159671336
0.12480731416762418
0.12127524198016991
0.11889315461686774
0.11431235092950941
0.10889918612835651
0.10374478412551222
0.09895368574453504
0.09417588362579561
0.08933233105542243
0.08407952997300493
0.07874004551243974
0.07343535199906075
0.06873132783350856
0.06376535830603808
0.0593151177933169
0.05497922414647471
0.04912438279722965
0.04368684435290393
0.038979129104173164
0.034736515414691145
0.02996570160637397
0.025570903979702842
0.021669221576532456
0.018168471051790487
0.015233046814301212
0.012345562462744507
0.009351630333630344
0.00714749696712456
0.00567111250795436
0.003533583876137251
0.0024331953244305375
0.0015416496998411661
9.51092539575711e-4
7.392517952287856e-4
7.512828110801319e-4
0.00104878345926875
0.0011733572701406736
0.0017283519484706845
0.002560730230223528
0.003386290743881199
0.004227945370564253
0.005206496359365032
0.006208337832535208
0.007152619642371207
0.00817655648674657
0.008847613202790117
0.009583203481525606
0.010343153780669164
0.011047353887588695
0.01153362571505288
0.012045407745689681
0.012390784204215865
0.012600824464108469
0.012745243919661708
0.012883219632055217
0.012913164959000786
0.012764120762409764
0.012724119400400538
0.012551923614695648
0.012269987008288229
0.012003790109954738
0.011736428881853826
0.011393091866901014
0.011018648041423974
0.0106531640885531
0.010229266066842277
0.00976153375646122
0.009361449718310343
0.008881500302394681
0.008455310971258324
0.008054974622916843
0.007607187433492071
0.007178973142273493
0.006773589854756396
0.006369439886519178
0.005980433345344047
0.0056189967970656125
0.005250365723311388
0.004913653017856867
0.004579088219902216
0.004258850189696683
0.003953285693663015
0.0036524623770508545
0.0033885143758388006
0.0031410818722862775
0.0029050139542404216
0.0026769014223125063
0.0024619555399143156
0.0022541113045849866
0.0020659041331381315
0.001894084147362837
0.0017354560446023726
0.0015825924504430777
0.0014410095420010834
0.0013152852037836772
0.0011982975504433906
0.0010858918234003935
9.846322526913729e-4
8.904567270792498e-4
8.030862361503449e-4
7.230154406254147e-4
6.53158147940661e-4
5.875617751414587e-4
5.261397542730198e-4
4.711718129367466e-4
4.2176159640036485e-4
3.7735817646336557e-4
3.35929557982612e-4
2.9739037098268004e-4
2.650262275299296e-4
2.3521267223662186e-4
2.0778306122320588e-4
1.828102790525976e-4
1.604007898945952e-4
1.4118028446427307e-4
1.2346569583649933e-4
1.0736327047892192e-4
9.364771536903227e-5
8.11689183114097e-5
7.044545829776955e-5
6.074933618127807e-5
5.222686479994079e-5
4.4568977792863086e-5
3.789329646127717e-5
3.213192736981421e-5
2.719359342436576e-5
2.2812745295603876e-5
1.897798615252429e-5
1.575711524306139e-5
1.294380901083188e-5
1.0625985307137488e-5
8.639879627435239e-6
6.965833544976329e-6
