-4.1277786021124233e-7
-4.79610095722778e-7
-5.510302089123254e-7
-6.259277857931844e-7
-7.668328309395718e-7
-9.462795587890214e-7
-1.088834110029876e-6
-1.2529527730715942e-6
-1.4468707518494391e-6
-1.6759397352579837e-6
-1.9178882137161403e-6
-2.3281124349930993e-6
-2.6873326358612534e-6
-3.0629954828488584e-6
-3.5573297692377906e-6
-4.210410613091819e-6
-4.987566177088451e-6
-5.742882864215676e-6
-6.586449341176263e-6
-7.488187380754329e-6
-8.750221355380029e-6
-1.0286942020209542e-5
-1.2803788165070951e-5
-1.473777531536265e-5
-1.670575632071268e-5
-1.888913942745557e-5
-2.2177265418462516e-5
-2.5870622229759987e-5
-2.9437704368556882e-5
-3.3491757693829155e-5
-3.9418554703843284e-5
-4.5732925342591677e-5
-5.3909302041801165e-5
-6.189787147279696e-5
-6.997275333349701e-5
-8.104103325644786e-5
-9.232089802079714e-5
-1.1292277377525824e-4
-1.322218093636815e-4
-1.5105839439244001e-4
-1.711629630197046e-4
-1.9843717303574788e-4
-2.2877490280945686e-4
-2.5801065394609013e-4
-2.9574057480483937e-4
-3.41062413863051e-4
-3.906538384922416e-4
-4.463719753160664e-4
-5.090606569264722e-4
-5.843375048883997e-4
-6.683557933600472e-4
-7.652333792553741e-4
-8.671545263130975e-4
-9.830664755265477e-4
-0.001119832704415913
-0.0012720625458740888
-0.001452723925589032
-0.0016159827800009006
-0.0017771562549164222
-0.0020148449813251314
-0.0022520361927867594
-0.0025406560078116277
-0.002810729742109065
-0.0030796665533625142
-0.0034322464674851182
-0.0037948061106858407
-0.004188658657825497
-0.004520040608309296
-0.004952153405043853
-0.005411127662710407
-0.005891899394834001
-0.006393545406663092
-0.00687054767003468
-0.007386047417940814
-0.007957533845695697
-0.008455683180927005
-0.008916254565460963
-0.00942732136725356
-0.009928674009630732
-0.010553075458256003
-0.011229418928470977
-0.011702789862802241
-0.012389238294909127
-0.012972398889417548
-0.013505631919089595
-0.01401095969467889
-0.01470403383959368
-0.015490166737947507
-0.016201680255313988
-0.01690384791470257
-0.017456760290720744
-0.017849219296615083
-0.01846029507008252
-0.018967164225737944
-0.019649846579616475
-0.020424066873285112
-0.02100420489658914
-0.02164250670078017
-0.02247281099242518
-0.023319560522649652
-0.02390854287451361
-0.02474316018970908
-0.02582719758421179
-0.026693893062480524
-0.02723721453203403
-0.02815187977319325
-0.028824766807438854
-0.029409375704464964
-0.030656501306506406
-0.03196987686229014
-0.032004542838398924
-0.03286014343914548
-0.034698227519700364
-0.03641547193595886
-0.03598900504322825
-0.03794521056193687
-0.03958609739709359
-0.041049400658311086
-0.04220854997060643
-0.04304557023936914
-0.044014605166423124
-0.04408888883789633
-0.045867472795164316
-0.046218535091046106
-0.04877375447806579
-0.05075880748910562
-0.05228256612442636
-0.05339192441972499
-0.05445096317830063
-0.05594283624211155
-0.05674458453408365
-0.0575839227087802
-0.056962373826063124
-0.06217618816969161
-0.06389896249044283
-0.06418219671213213
-0.06449261046659277
-0.06431823680241289
-0.06862789103078398
-0.071285708168162
-0.07244614027654897
-0.07495385743388305
-0.07399683583272051
-0.07832779904288699
-0.07725274403888835
-0.07790010722969934
-0.08114963670091785
-0.08433690618259693
-0.08566367867008345
-0.08694787133289847
-0.08865128740803942
-0.08950877190165966
-0.08924820769364808
-0.09074703805548763
-0.09564643012714677
-0.09869579694942592
-0.10060589217288005
-0.10276130355498311
-0.10394494555426857
-0.10490650699730078
-0.10919545910487578
-0.11114504017725202
-0.11272651272581881
-0.1126383991620036
-0.11422413551591801
-0.11717304649814887
-0.11697854555901943
-0.11906403160883211
-0.12082123521770939
-0.12077755652456477
-0.12325946395931861
-0.12756577827657947
-0.1298381492053371
-0.13198215259061508
-0.13324523255627854
-0.13457626416429486
-0.1360175875625061
-0.1374400069130195
-0.139334737910907
-0.14082507557329738
-0.14179762797263112
-0.14155923551183072
-0.14098555510865812
-0.1438872345162744
-0.1454615028403276
-0.14521944395443484
-0.14437805213518834
-0.1449050001333326
-0.14533859820318645
-0.14468690263050632
-0.1429039763295737
-0.14021012960883664
-0.1387823955226651
-0.1377981043999577
-0.13517952485022283
-0.13154526700908617
-0.12990988240977835
-0.12617868347903252
-0.12246197636291861
-0.11865416741611806
-0.1146790447425402
-0.1107029915075726
-0.10582084720048905
-0.10173417549807215
-0.09678741593127928
-0.0920212163302195
-0.0873303603722001
-0.08289765497927395
-0.07837674119807317
-0.07343276269939344
-0.06925374845604995
-0.06458044041553387
-0.0605854212713241
-0.056819946754332135
-0.05296227663339171
-0.04909637707652832
-0.0453443991883679
-0.04217353366294691
-0.038613239398946814
-0.03600613673940642
-0.03306715988862348
-0.030876661526469753
-0.028120843906159914
-0.0262672019503219
-0.024187502546070508
-0.022087126639734535
-0.020262962855818186
-0.018761120867125593
-0.017247007412128566
-0.015881755892535175
-0.014513269285898817
-0.013275827460213755
-0.01211401993578362
-0.011141542552021544
-0.01027186808785201
-0.009333571535949253
-0.008609268182039111
-0.00789026251143482
-0.007222952933466771
-0.006586158312865768
-0.006069358749060428
-0.005550581241479004
-0.0050987787087438015
-0.00464282968662103
-0.004262098462530919
-0.0038860572330502267
-0.0035375060136324703
-0.003244834455124137
-0.0029703281306917616
-0.002727529348049852
-0.002511034057324121
-0.0022950866668352424
-0.0021007843322346544
-0.0019156054909919232
-0.0017506069877431026
-0.0015992278797396415
-0.0014659752319661967
-0.001341773345420838
-0.0012190944962994464
-0.001107505133688064
-0.001019350438644952
-9.357053397570736e-4
-8.59181037097957e-4
-7.803265200694425e-4
-7.121522602408989e-4
-6.486030658965991e-4
-5.93739213824434e-4
-5.488619750284147e-4
-4.996957468723113e-4
-4.536157688033698e-4
-4.130379357547794e-4
-3.788803010325873e-4
-3.4751651808272144e-4
-3.182251065789222e-4
-2.9184444184664367e-4
-2.682601788902765e-4
-2.4356723827954386e-4
-2.2270984319348929e-4
-2.0373509482328586e-4
-1.868151627484663e-4
-1.704059493305717e-4
-1.551166569227037e-4
-1.4160815684409158e-4
-1.2992654103146427e-4
-1.1820810499191088e-4
-1.0760446344461444e-4
-9.829601324051845e-5
-8.945125659563097e-5
-8.136992127765938e-5
-7.417931037561397e-5
-6.781396128961639e-5
-6.155423855091914e-5
-5.5540037959379116e-5
-5.0621780165375345e-5
-4.582913009163666e-5
-4.1751792862464485e-5
-3.777523900443576e-5
-3.4254154116554785e-5
-3.092070307216377e-5
-2.785429405352242e-5
