9.135758277880602e-7
9.901524647889724e-7
9.890277858370929e-7
1.2741483629509172e-6
1.4705034283136653e-6
1.412340407942517e-6
1.775777968374344e-6
2.446188841400681e-6
2.6000972114840146e-6
2.483864201025858e-6
2.6441986183619523e-6
2.942430113018908e-6
3.670391933128661e-6
4.9084577093017905e-6
5.656632310306189e-6
6.170305196427563e-6
7.69993109804145e-6
9.274315666675988e-6
9.869313167276913e-6
1.1111911167461007e-5
1.3257072487427145e-5
1.4673266051541075e-5
1.6635011652743182e-5
2.0268992654754588e-5
2.252575411572677e-5
2.28175896023515e-5
2.502198774443682e-5
2.9502696351988407e-5
3.402080986298219e-5
3.9271917394429056e-5
4.46774915660545e-5
4.8485235475856446e-5
5.443682375806971e-5
6.51023095974681e-5
7.509303261689823e-5
8.278938914612908e-5
9.45430379968733e-5
1.1068678714750727e-4
1.2459386286387363e-4
1.3582106506453362e-4
1.5030527864807894e-4
1.7050871375150575e-4
1.9172989220967744e-4
2.0870364144565448e-4
2.266979433932229e-4
2.5555692863524714e-4
2.8995531875554155e-4
3.1778948232320787e-4
3.4569334583698454e-4
3.8840373667607697e-4
4.440901144454948e-4
5.011049643616137e-4
5.553232624791072e-4
6.188191708806044e-4
7.058806210940546e-4
7.85887225566669e-4
8.03885369340413e-4
7.935803915078427e-4
8.481842907089238e-4
9.422563746173193e-4
9.770786989710186e-4
9.906997176475476e-4
0.0010789387755820044
0.0011989312858113935
0.001280893490156983
0.0013534683327758182
0.0014242320940543488
0.0014848911127372758
0.0016046690434885788
0.0017639533166779453
0.0018156039550728173
0.0017915534560228737
0.001888163535068232
0.002121765252115777
0.002378305124714851
0.00261611521796928
0.002737714310325075
0.00262998385290867
0.0024297667129905224
0.00235394651654313
0.0024264035437312316
0.002645440197721764
0.0030397445582644638
0.0035036406853624284
0.003975119316457705
0.004520849793614782
0.005012216002080556
0.005228608779497339
0.005261834241074418
0.005367229499809282
0.005787122469762761
0.006760806632258031
0.007967537697341227
0.008539163410993018
0.00853062534251962
0.009109991517591998
0.010536724950707699
0.011788375648902229
0.012514090941069951
0.01329124234338053
0.014211559070309548
0.015065315189839936
0.01614649645984766
0.017675809857811742
0.019420643802283796
0.021131287609002465
0.02254767528413174
0.023684187092398404
0.02528448503108194
0.02759710999120892
0.029478345149010817
0.030394909654162642
0.03159079226299894
0.033778971044926685
0.03600985461642859
0.03763920674443024
0.03899541330227555
0.040353084019465954
0.04234771916190481
0.04594119873948145
0.05024397348731885
0.05267926992649856
0.05273142564880075
0.05295042331920586
0.05499330365189599
0.05718139366445378
0.05755216746343274
0.05728556772228072
0.0588122264133459
0.06184881732105456
0.06428864386494977
0.06612009741815755
0.06884293144039967
0.07184349849950586
0.07330905513972379
0.0735905171907213
0.07390159482955073
0.07366606349654821
0.07270579809224649
0.0735415386945522
0.07833259145304744
0.08562463698267425
0.09196000225286993
0.09506470923713191
0.09526141181995994
0.09521198207459852
0.09745636842651381
0.10122796498771418
0.10319791320680477
0.10186874891645782
0.09931813415185846
0.09821788504437014
0.0990731227663576
0.10089997560510174
0.10274584221049668
0.10369325511948282
0.10321854057149832
0.10272092934395613
0.10457629849943158
0.10830759073711885
0.11040881265755761
0.10944274063568259
0.10807122596677925
0.1087419366094189
0.11079882832074228
0.1126133562244072
0.11338196936228583
0.11269540139486775
0.11072218221882853
0.10854506513937354
0.10731180903369748
0.10733300317950803
0.1074502144510491
0.10564763234461048
0.10210809297676171
0.09970118631378606
0.09872952697333343
0.09547248963563526
0.08933186701005552
0.08516926388941956
0.08519224957622894
0.08579252075384321
0.08462428996987958
0.08321382688241605
0.08190549382006959
0.07916351263914574
0.07517608054434008
0.07124120804320454
0.06776910515650558
0.0653550820229542
0.06438958201351115
0.06303317136850102
0.05923715449396475
0.05398526429299933
0.04963094970244783
0.04681318087372594
0.04496758706154888
0.04378117558959145
0.042967984493963135
0.04212741522937276
0.0411062540031022
0.039735446914602915
0.03767160315942816
0.03490653801930419
0.031927351315774656
0.02928870284198785
0.027298900274456542
0.025966974123940292
0.02508453279751152
0.024375729170558635
0.023546113508690177
0.02234037349350347
0.02075910381888883
0.01912029520834426
0.017771784421830493
0.016765608715449288
0.015833269885162662
0.014721053642901162
0.013506114324596374
0.01241736823116302
0.011492771074880448
0.010683728421034735
0.010049069205306039
0.009600106258402236
0.009258870770830667
0.009024437987163821
0.008847592094258911
0.008525708073826565
0.008017630152135809
0.0075164470593617775
0.007074413365717405
0.00658338141112166
0.006072637773664553
0.005632750971975033
0.005234255263280415
0.004853720248275589
0.00452287273012856
0.004220552168913529
0.003938631469894745
0.0037203696829054547
0.0035321165276876476
0.0033201347722323026
0.0031386490102429947
0.0030056700298651817
0.0028275940091813637
0.00260517835493959
0.002444775770889454
0.0023371126066405487
0.002190404025707484
0.0020126154285771167
0.0018598057677180855
0.0017271214564768998
0.0015985605256577766
0.0014796841357137063
0.0013590506109056573
0.0012261692787237286
0.0010987036727953005
9.954368847770085e-4
9.224737892882884e-4
8.764977563224151e-4
8.363896650042708e-4
7.817158559539207e-4
7.169948782227957e-4
6.518073474124902e-4
5.84802870691639e-4
5.194979389420702e-4
4.629172036190344e-4
4.1384654626508253e-4
3.721684547182407e-4
3.3996981365815493e-4
3.109028062198764e-4
2.800570115919651e-4
2.524821174513013e-4
2.2986863686605394e-4
2.0797611344266267e-4
1.8707384041840997e-4
1.6861535652535383e-4
1.5101515205209997e-4
1.3524144442483605e-4
1.221612038761474e-4
1.0853273972177565e-4
9.456060705188951e-5
8.442380504362039e-5
7.739545673755109e-5
7.004722143454632e-5
6.24040005699198e-5
5.478854485259164e-5
4.689301161857199e-5
4.060041019481108e-5
3.6410268156560656e-5
3.197340866744299e-5
2.7267540050195673e-5
2.3838935608316368e-5
2.074276344755154e-5
1.7465853102443136e-5
1.5463958878147244e-5
1.4164823400510594e-5
1.1992297717945662e-5
9.9732817685166e-6
9.067886486325918e-6
