-1.0207507185179124e-6
-1.115319148348349e-6
-1.2012137195702649e-6
-1.3814617382357752e-6
-1.5501195762174872e-6
-1.7501807822360765e-6
-2.1366124453593475e-6
-2.3753809096223505e-6
-2.2620911374717235e-6
-2.5311490205618896e-6
-3.6123044810936443e-6
-4.701105861652455e-6
-5.2514846528768615e-6
-5.7339211577889975e-6
-6.450118159189234e-6
-7.272127756231048e-6
-8.148348805705484e-6
-8.977954470497814e-6
-9.959324751717472e-6
-1.1521670350700392e-5
-1.3207813302058815e-5
-1.4574772868729134e-5
-1.6400394392954525e-5
-1.8627533124438696e-5
-2.0570444049299123e-5
-2.4148791707192707e-5
-3.052168258289594e-5
-3.58871358284643e-5
-3.849756533746341e-5
-4.26457864760388e-5
-4.9511029860237995e-5
-5.604101893009059e-5
-6.354819405456027e-5
-7.32744263056795e-5
-8.142768578866542e-5
-8.939183866798837e-5
-1.0131278208768942e-4
-1.1111574062386631e-4
-1.166396178213348e-4
-1.3148252307913557e-4
-1.5766943044174972e-4
-1.7858633851448332e-4
-1.9485625108926015e-4
-2.2240600293791147e-4
-2.5673414856500757e-4
-2.861861659337666e-4
-3.182454338885441e-4
-3.578897740859861e-4
-3.9738582216409824e-4
-4.3676177233056704e-4
-4.777174689674747e-4
-5.197872719684914e-4
-5.745395539013872e-4
-6.344613019264827e-4
-6.660272472240958e-4
-6.940588803178196e-4
-7.913680965359623e-4
-9.394253728495712e-4
-0.0010572665415773952
-0.001166277742690938
-0.0013366235738945815
-0.0015390795063651556
-0.0017237118882854094
-0.0019103674091637854
-0.0021049712338544425
-0.0023118044911797347
-0.002600937977409712
-0.0029651772122150487
-0.0032793145917249817
-0.00356184519036203
-0.003985678430828161
-0.004541868234372124
-0.005029131418367416
-0.005356533714119539
-0.005575769547336537
-0.005783532318339351
-0.006189241415404616
-0.0070048142304993235
-0.008145740165486044
-0.009284741969329808
-0.010196864963507945
-0.0108729200810459
-0.01138618510804521
-0.011811044424264158
-0.012269583527302898
-0.01294040304638477
-0.013878867534804887
-0.014963119619964832
-0.01620195220090567
-0.01762986938510529
-0.018687781756990107
-0.018805974757060643
-0.018867978046739075
-0.02030278307232009
-0.02252772976531695
-0.023705174148237713
-0.0239431385715893
-0.024868176494793538
-0.02654355369893686
-0.02785169589622163
-0.028960868419112294
-0.0306025963282451
-0.03223331652272244
-0.03310932714773797
-0.03367793242170394
-0.03456391566673375
-0.03566562126108214
-0.03679506801016361
-0.03800688893384639
-0.039311572558806136
-0.04079371137440769
-0.04272184980094736
-0.04515658711077304
-0.0475836944487087
-0.04926518996553865
-0.05035101765553402
-0.052005499107670904
-0.05437935049899643
-0.05579028240768848
-0.05558763541515449
-0.055794770921927396
-0.05809498719015077
-0.06164113004420848
-0.06499351105542174
-0.06768266942903754
-0.0699232044969283
-0.07271753107490524
-0.0766204705761342
-0.07984095596200039
-0.08077804982373725
-0.08126548854137405
-0.0832291366158829
-0.08520364313236249
-0.08605764528780713
-0.08750097071643809
-0.09031700070659134
-0.09348238191247961
-0.09705088155374375
-0.10055482641126594
-0.10132882033323608
-0.09887703041391156
-0.09629925988832588
-0.09550293936529217
-0.09658732074262226
-0.10012096077182411
-0.10407876068780138
-0.1038404701270351
-0.10036664358115628
-0.10047806465847206
-0.10584230800061441
-0.1110459280415891
-0.1133008778520971
-0.11441165353471935
-0.11452130211382525
-0.11269129991337351
-0.11120824562872023
-0.11249090533945855
-0.11434288745508163
-0.11291676800398191
-0.10859163945151104
-0.10590447334073196
-0.10759998191602684
-0.11064016543496573
-0.11028470066110992
-0.10671596433886442
-0.10376724812351741
-0.10269162930439137
-0.10203701715337055
-0.1016602230655459
-0.10189628660525783
-0.10099636967530523
-0.0976075948688311
-0.09372822937862894
-0.0922263775230104
-0.09293266697558114
-0.09314396180913663
-0.09155557752059333
-0.09013626905863727
-0.0908881857636139
-0.09219247112949343
-0.09112230320369086
-0.08788880251770187
-0.0846363390620521
-0.08187158920614833
-0.0793289427306413
-0.07777872991450364
-0.07750595132814085
-0.0775598766114668
-0.07726885978527873
-0.07619779253236568
-0.0738638483383497
-0.07147630522517662
-0.07130617064551086
-0.07306896640809794
-0.07413854749896485
-0.07341792876790296
-0.07173960264461153
-0.06942842262469154
-0.06635287615968671
-0.06300999626831814
-0.05980007083704239
-0.056724073999415245
-0.054247059167088434
-0.05293187233703033
-0.05245979826930316
-0.05198632377006222
-0.050862955643422476
-0.048812445427946646
-0.04612711549395747
-0.04345882392599721
-0.04113720961783083
-0.03925274838341395
-0.03798642764866303
-0.03705325529234273
-0.03569449929727895
-0.03388054724920024
-0.03238499044710372
-0.031412628790652194
-0.030413726455982712
-0.029144356558071852
-0.027773702580068397
-0.02630500243176769
-0.024708380056611436
-0.023154398863471443
-0.021700275410918953
-0.020221313581602403
-0.018739802796823767
-0.017423089629838292
-0.016322662048839757
-0.015348864859807415
-0.014410229452164814
-0.013505570074166546
-0.0127075858474757
-0.012024247563892762
-0.011354686165499147
-0.01065334174184989
-0.009978047276540513
-0.009333370785562825
-0.0086618774852382
-0.007972208932592328
-0.007301200240728365
-0.00663628109652731
-0.00600176775835957
-0.005487018784198
-0.00510067453211396
-0.004726577258950465
-0.004283414294171699
-0.00383588791464844
-0.0034968357590994324
-0.0032656679945869227
-0.003032947857961734
-0.0027442679507993332
-0.002467062067310674
-0.002265948267722276
-0.002114536023507529
-0.0019643065870577764
-0.0018059595698766916
-0.0016431811317769223
-0.0014771080369785081
-0.0013184165890673272
-0.001178692571732881
-0.001061415757419118
-9.64298681481731e-4
-8.780261492631297e-4
-7.992213528740787e-4
-7.398563125146366e-4
-6.98392491808678e-4
-6.496022442901506e-4
-5.869307796381633e-4
-5.312551924158409e-4
-4.8734832240449256e-4
-4.41578332044222e-4
-3.956689503591635e-4
-3.578655079166916e-4
-3.217185617035594e-4
-2.836606407996224e-4
-2.525219820278355e-4
-2.2916555746379535e-4
-2.0572231928121419e-4
-1.8260660291563824e-4
-1.6395057580050192e-4
-1.4729851788975343e-4
-1.3031114088704176e-4
-1.1487346851955658e-4
-1.0174140205318111e-4
-9.072579625813177e-5
-8.253916631128915e-5
-7.605310782875916e-5
-6.926225144602434e-5
-6.236082181270927e-5
-5.5924142472277637e-5
-4.978916733703729e-5
-4.467141517152499e-5
-4.073824451388483e-5
-3.656728041488621e-5
-3.206493648220856e-5
-2.863698745428273e-5
-2.609401656907714e-5
-2.327786063305926e-5
-2.0410390473950658e-5
