-7.153766899162217e-7
-7.364915184553492e-7
-8.660293692660466e-7
-1.0690618869801644e-6
-1.1796059978001801e-6
-1.334055082032997e-6
-1.572832932672069e-6
-1.8256505183873037e-6
-2.2848320471915425e-6
-2.4591563024261497e-6
-2.756760202032869e-6
-3.3228976684377424e-6
-3.7779553640517304e-6
-4.381518171743145e-6
-5.01153754737745e-6
-5.672527450253742e-6
-6.446748292854575e-6
-7.204608038523475e-6
-8.233331074069438e-6
-1.0098880808858293e-5
-1.1067653897437119e-5
-1.2529335030325409e-5
-1.5249104640802123e-5
-1.8637441093491398e-5
-2.0861391394755553e-5
-2.408823634614989e-5
-2.8628278369588517e-5
-3.3619676078491955e-5
-3.742535870768751e-5
-5.4133599435585396e-5
-4.902872363445623e-5
-4.075342673924995e-5
-4.664878027154001e-5
-5.6749931447033864e-5
-7.357832672905709e-5
-8.213001649311632e-5
-1.1699950994334694e-4
-1.3526280198360952e-4
-1.4455157904246576e-4
-1.619689496885463e-4
-1.7690058768617763e-4
-1.9884573548802705e-4
-2.229200606350716e-4
-2.426611852825311e-4
-2.6962081771645703e-4
-2.8792789133834314e-4
-3.2776407127569165e-4
-3.7053824808620616e-4
-4.28028050014047e-4
-4.8533684055058915e-4
-5.647241965947956e-4
-6.819034840320531e-4
-7.442710172213179e-4
-7.625217533899571e-4
-8.807308767109155e-4
-9.762022554462001e-4
-0.0011064750326151096
-0.0012759285425934846
-0.0014322655390789512
-0.0016675853503714802
-0.0018585597096582257
-0.0021017210940774992
-0.0024125156959251158
-0.002646640966427057
-0.002893729715347937
-0.003207217478353704
-0.003506149264593513
-0.003874176639972207
-0.0042611134191752964
-0.00464554552272562
-0.005302762364216857
-0.005819565923482339
-0.006328898245773973
-0.006933572621212878
-0.0077371727406202505
-0.008329263598611764
-0.008972879520961619
-0.009682938336563354
-0.010324461482797368
-0.011058067562802346
-0.012057387966443855
-0.01287919374368202
-0.013617869516222333
-0.014558381250706676
-0.015560290233267696
-0.016303949306492708
-0.016778858144325524
-0.017856993936088642
-0.018883931704560743
-0.019914145829952747
-0.021139011028692704
-0.022180161984744734
-0.02343529983089893
-0.024924269909591196
-0.026140095281056215
-0.027106122121919023
-0.02821799933502768
-0.02915107859637583
-0.029981077925245198
-0.03200667113528998
-0.033868860488564044
-0.03514447840769387
-0.036009564078205374
-0.03671478833777116
-0.038431043872385016
-0.04037107488107428
-0.04179706136528679
-0.04216103577452084
-0.04339403411049298
-0.04610292669337138
-0.04940526973286768
-0.05128602816951191
-0.0528026637307371
-0.052831007027049764
-0.05339825208909223
-0.05603415029642938
-0.05969309991345118
-0.0627690105791035
-0.06406252854324722
-0.06732590827425129
-0.07069189960207235
-0.07364632323085808
-0.07658192079928886
-0.0784109156589454
-0.08018742821078147
-0.08117993080101049
-0.08338671595058604
-0.08428504183946493
-0.08475907597249277
-0.08743242337586904
-0.09003313733641764
-0.09176408708145439
-0.09306163465396679
-0.09741214649837879
-0.10214124097570672
-0.1072667044570249
-0.11062069956563311
-0.10986168041006225
-0.11136332563758584
-0.11309256377325404
-0.11429093989553231
-0.1153920087788424
-0.11924624867019845
-0.12308135320766998
-0.12697241557882766
-0.12909010517511355
-0.1303857417259683
-0.13064141995586945
-0.13223860683296118
-0.13525715509301228
-0.1406582457154436
-0.1443406010541739
-0.14090760290974622
-0.1395399716240894
-0.13678781707453305
-0.134554949960857
-0.13615054042124622
-0.13953160350915184
-0.13989264206216992
-0.14051412573593805
-0.14239891139212302
-0.143873015575552
-0.14249688303899163
-0.14078895570033234
-0.13868053558484542
-0.1405443006116984
-0.144655321803361
-0.14581240412033733
-0.14659074160128727
-0.14724424270469302
-0.14901851322509135
-0.14702976945748933
-0.14646049915617226
-0.14853774952945645
-0.15011176298905143
-0.14823505945024423
-0.14575324885427082
-0.14632988066697156
-0.1449957525146449
-0.14432196371245296
-0.1438524861295996
-0.1426087291312688
-0.14032123094256382
-0.13947451601059552
-0.13979264133724126
-0.13979736405544854
-0.1396614080994963
-0.13896643242270987
-0.1368466744841322
-0.13564608526223543
-0.1338032550487597
-0.13250098504177799
-0.12896166370938583
-0.12622847092047326
-0.12424709812104849
-0.12259738397099434
-0.12069789709558287
-0.11826460642002634
-0.11544147566418822
-0.11125200026071824
-0.10670291837467352
-0.10310392074073367
-0.09991991796886711
-0.09646189804433666
-0.0931501499963503
-0.08924870509161217
-0.0855750073903035
-0.08252180376728205
-0.07873646261810324
-0.07506704301876516
-0.07155387273530359
-0.06781693465696359
-0.06366048667297491
-0.06003603562323582
-0.057100038372165915
-0.05395398083969845
-0.05079744155046526
-0.047247031186055034
-0.04416238134232527
-0.04148861323270925
-0.03886105957865899
-0.036395982574205586
-0.033986535580214715
-0.03153735701171026
-0.029304080446818
-0.027238292500819265
-0.02539268702838545
-0.023470852501326
-0.021661113074001353
-0.020072110434090153
-0.018712746415004356
-0.017338589120538053
-0.01603487479813189
-0.014872453940338023
-0.013816655733824245
-0.012816313178661916
-0.011846206374613191
-0.010982693475196512
-0.010176288620869754
-0.00938730509595912
-0.008683044795887603
-0.008043591455875706
-0.007422418786522649
-0.006794491724283979
-0.006240220512833242
-0.005742141228146801
-0.005274153011998302
-0.004844665857528607
-0.004473160251358052
-0.004109152158165127
-0.0037322995434174878
-0.0034145025078797676
-0.003104690555468612
-0.002860635325050418
-0.002619801545663119
-0.0023851268278935966
-0.002177909878463226
-0.001973517775021574
-0.0018133425448725912
-0.0016628309847895389
-0.0015241626230331315
-0.0014019335533148765
-0.0012714713524340283
-0.0011461691771974488
-0.001033616938531195
-9.432336279965591e-4
-8.706683501229231e-4
-7.951927959284131e-4
-7.19659721303064e-4
-6.512588908654525e-4
-5.894715562486547e-4
-5.333589525552244e-4
-4.8417563648918784e-4
-4.381970100799111e-4
-3.9612839338401616e-4
-3.5949445617787593e-4
-3.2677674671608374e-4
-2.952340409856119e-4
-2.667318236817338e-4
-2.4004071873731162e-4
-2.176595170209119e-4
-1.9721451507555193e-4
-1.7737252864115545e-4
-1.5929852493343612e-4
-1.4393973047944393e-4
-1.3035220567945966e-4
-1.1765362857827528e-4
-1.0605236462878594e-4
-9.532989040960879e-5
-8.618089210326275e-5
-7.780879994198059e-5
-6.992441693337387e-5
-6.302218616198828e-5
-5.645857879814134e-5
-5.060064936025303e-5
-4.541001566641958e-5
-4.067988244297032e-5
-3.643589556888158e-5
-3.2553970971024495e-5
-2.9028049426484028e-5
