7.212880855335731e-7
8.821356775753192e-7
1.2696739415667958e-6
1.169408310572676e-6
1.1971932994531638e-6
1.7455522716731176e-6
1.818575728314055e-6
1.7223300345630566e-6
2.4613641946540193e-6
2.94822428275037e-6
2.765109553273908e-6
3.5121737217616515e-6
4.5307524272664895e-6
4.392231513977034e-6
4.990662232235681e-6
6.827602632829042e-6
7.3338504945741405e-6
7.554232743589611e-6
9.610554238430157e-6
1.0876543646699224e-5
1.105219127051854e-5
1.3792070867463266e-5
1.700911162736488e-5
1.766653957737971e-5
2.0105081331252942e-5
2.5141278937692702e-5
2.7668125050083254e-5
3.0217175431715374e-5
3.6632168545862174e-5
4.154981464623087e-5
4.423926486333262e-5
5.032614453693024e-5
5.647399611148461e-5
6.072933280784215e-5
7.076622368679097e-5
8.350978857524077e-5
9.110825099061483e-5
1.0268651878587691e-4
1.2135994585964835e-4
1.3264475870602166e-4
1.4015276189904065e-4
1.5932542819627147e-4
1.822317635540693e-4
2.0143015012461792e-4
2.2669117834131966e-4
2.526466277132526e-4
2.733482738100939e-4
3.0588538775136e-4
3.45689256207079e-4
3.732064093737295e-4
4.133152367012044e-4
4.8326219266830463e-4
5.419776576701532e-4
5.81221620364473e-4
6.391040107590963e-4
6.972125154179054e-4
7.300525301562359e-4
7.908372546587191e-4
8.97959678124463e-4
9.818203642355037e-4
0.001024102223802853
0.0010776766057808908
0.0011659435889647784
0.001284984402109191
0.0014156082425848039
0.0015256530444850357
0.0016392373615856646
0.0017728537704013014
0.0018472815222297034
0.0018906619511450614
0.002075036859877683
0.002344194914381992
0.0024851961494694124
0.0025914534542062296
0.002820342719065238
0.002998035803953492
0.003094044813920275
0.003380843862291382
0.003693235574408255
0.0035972527585042967
0.003380677727168929
0.00362397199855984
0.004099036315341976
0.004273667750335284
0.004244295184189
0.004270747878675897
0.004233834823153273
0.004068394873860799
0.003972477886447547
0.0040874824145176935
0.0044528411685786215
0.005038628142277041
0.005626073570480404
0.005981334291291426
0.006098835139874281
0.006077129000063662
0.005986598519575483
0.005955466380556642
0.006223568178159359
0.007039253728929078
0.008313028119210248
0.009377256717574467
0.009586121580836068
0.009133717592928248
0.008704875589723753
0.008603739423878825
0.00882864769464493
0.009447424239457818
0.010341027428815396
0.011284871143404948
0.01268310699627385
0.015345891648006184
0.01911680598591334
0.022624553005939622
0.024922825180219595
0.026439954213471863
0.027683757522646013
0.02832381371998745
0.028584948870004616
0.029868557505564955
0.032546845944428866
0.03503623541632352
0.03649165002720017
0.038084051554724434
0.040326161590174825
0.04201868446314555
0.0430459979607584
0.04502128622651128
0.04826854451604966
0.051557618557877306
0.054996709429694104
0.05938097386590968
0.06347592774284318
0.06613917417563629
0.0688797096771156
0.07194003409444931
0.07227880814331579
0.06990575503784462
0.06955399108565534
0.07240230374764291
0.07485839709821498
0.07704705763083415
0.08180028896024832
0.08636373149732567
0.08646258863319894
0.08464735124893434
0.08475549712341655
0.08514097409092428
0.08454300913985076
0.08572296138085166
0.08949931988367857
0.09342360623637927
0.0959353987509733
0.09620042386915925
0.09417698465045828
0.09313921616678077
0.09619915075855023
0.10186510197061793
0.10771311482343243
0.11283120154861448
0.11464034880556448
0.11151810326275371
0.10741091335922517
0.10591731593554157
0.10475567433052825
0.10222910711256238
0.10131470365076999
0.10321238421052298
0.10488119047918384
0.1046546482144007
0.10396306738201964
0.10373052774456284
0.10295521271516109
0.10033256699590205
0.09620657988386125
0.09276740329355197
0.09148294310610666
0.09144819542636026
0.09119793598577902
0.09004220438819945
0.0879156276890921
0.08620904324465078
0.08651690781656993
0.08716034109194891
0.08502626301310871
0.08075845005784735
0.07744612352436558
0.07600494579751411
0.07554942464701718
0.07502766079755661
0.07294884422071524
0.0692899256131191
0.0663967803050714
0.06482690927352923
0.06230969928284869
0.05873899768562414
0.056554808507059684
0.05580258461613422
0.05447591823283225
0.05246041363582808
0.05055807085950124
0.048168866191490974
0.04503107089108642
0.042355095143913446
0.04069613981534924
0.039168766659461805
0.037054277950830466
0.03447162791178293
0.03178600567444408
0.029333834058914935
0.027398799785705415
0.025998769856431344
0.02475718394368706
0.023260777506179147
0.021656039757591117
0.02039337200137439
0.019281067802722165
0.01772327095755574
0.015875150444869108
0.01439056987416595
0.013332208073469057
0.012452949856066183
0.01187832686488196
0.011615312773162887
0.011242613373072589
0.010569091441980821
0.009782400330814454
0.008962388430874987
0.008143758810672995
0.007537575738898698
0.00721627734461079
0.006968544607726933
0.006643773030251629
0.006292975595113516
0.005988476091760647
0.005730402205030012
0.005455871493256227
0.005080848914886397
0.0046045787411489025
0.00413096665795713
0.0037581494302701057
0.003509242673509249
0.003348756950545679
0.0032152516937278643
0.003059641444126071
0.0028669446184446264
0.002651971953886429
0.002448247140751963
0.002266544953902095
0.00207279301503856
0.0018603435214441858
0.0016836289122599062
0.0015625785990466886
0.00145399983707886
0.001345265769806746
0.0012559028595627356
0.001163770920903299
0.0010437060185916965
9.28958332909645e-4
8.568705445052881e-4
8.166642666594957e-4
7.795834425816333e-4
7.265149815777331e-4
6.552320596868921e-4
5.867708208795974e-4
5.381928255935374e-4
4.983637973126364e-4
4.566625522595913e-4
4.2042774650207686e-4
3.899644203429037e-4
3.5680235436296375e-4
3.228576160133434e-4
2.9188000023417336e-4
2.60502824945084e-4
2.3019435154204086e-4
2.0597324646845012e-4
1.862257255951746e-4
1.6846701621633266e-4
1.5317523814407916e-4
1.3877317790280132e-4
1.2474009918354322e-4
1.1312983990059908e-4
1.0231068844439542e-4
9.032642852621622e-5
8.037147716780659e-5
7.373176940612174e-5
6.732204531216072e-5
6.090138709778897e-5
5.544285919992024e-5
4.876595365141088e-5
4.091920478968225e-5
3.5240482335093085e-5
3.171239933494132e-5
2.8199360060952793e-5
2.507985841955538e-5
2.2578421294220016e-5
1.961026839738705e-5
1.6870664227424686e-5
1.5208526650515332e-5
1.3475602663317034e-5
