-1.182182872214486e-6
-1.2688731059449688e-6
-1.4819072335218037e-6
-1.688435528374846e-6
-1.813918037468927e-6
-2.0807648939779144e-6
-2.4530451698290355e-6
-2.7318089633791432e-6
-3.0862922178771255e-6
-3.5998625939243956e-6
-4.049997212769882e-6
-4.5426563229143825e-6
-5.252638363133192e-6
-5.978362152029562e-6
-6.7893366590179355e-6
-7.856331453301424e-6
-8.787595188895405e-6
-9.655095667051214e-6
-1.119302873635758e-5
-1.317053738792273e-5
-1.5029757621898048e-5
-1.7231455281032917e-5
-1.9680149164666636e-5
-2.1819030720231503e-5
-2.4733174003554253e-5
-2.87903339277608e-5
-3.2095584988010625e-5
-3.510348531217407e-5
-4.005020799685459e-5
-4.5152034435362145e-5
-4.8844377388690714e-5
-5.527234697346424e-5
-6.604204265922521e-5
-7.637712949741411e-5
-8.533508722216911e-5
-9.65478129706885e-5
-1.0923422880543451e-4
-1.2110771966511547e-4
-1.3367665148815138e-4
-1.482174821675302e-4
-1.6643213516545543e-4
-1.9142126964448173e-4
-2.192064546573124e-4
-2.4268484894833346e-4
-2.6646309160945834e-4
-2.993184528830267e-4
-3.384612612068646e-4
-3.778254031003579e-4
-4.194162518862389e-4
-4.679857274526635e-4
-5.242480819294681e-4
-5.814340472069229e-4
-6.316633536895089e-4
-6.837652562824512e-4
-7.558403250357981e-4
-8.497907669136081e-4
-9.594742611977788e-4
-0.0010783854209140576
-0.0011861954258522653
-0.0012888137777826332
-0.0014382296236730649
-0.0016258611647178656
-0.0017760509619708879
-0.0019267689322663404
-0.002183851407804175
-0.0024706404028126704
-0.0026635309491106294
-0.002883144981698808
-0.0032497845381101614
-0.003613332789606011
-0.0039024929386508567
-0.004291570677270698
-0.00477658567565314
-0.005184008445487105
-0.005605771983985755
-0.006167056540408853
-0.006648261441325081
-0.006940114702852848
-0.0073620429791875575
-0.008143156647153378
-0.00915735189723954
-0.010162520579947869
-0.010865221421669772
-0.011244681242346058
-0.011945790647212708
-0.013475551643512202
-0.01535892837854307
-0.017060163211705615
-0.018708826249707315
-0.020117572108041517
-0.020806313231372886
-0.02138942623591656
-0.022842541404324807
-0.024778578846950818
-0.02656233782728121
-0.0287185667941556
-0.03134651056150258
-0.033335810695320385
-0.034357476519650536
-0.0351112496108148
-0.03567003483271423
-0.036211398516676326
-0.03807081325234741
-0.041726369347734056
-0.04574965793598507
-0.049033984633083685
-0.051785377410418165
-0.05436341336241766
-0.05695348795812748
-0.05916062085819234
-0.05967697322621488
-0.05867474934507864
-0.05873694665367992
-0.06062941860804042
-0.06206176371399329
-0.06292251188631777
-0.06591226968043674
-0.07075431569023517
-0.07435010180271902
-0.07626748107932715
-0.0782132679139052
-0.08037368203786475
-0.08230205035092483
-0.08401025471104603
-0.0851335023105307
-0.08637525805711821
-0.08930622354390659
-0.09261069620232182
-0.09381807944534994
-0.09426220385740694
-0.09566623277346432
-0.0958394859807595
-0.0940653051747217
-0.0935627270649494
-0.09489015039139366
-0.09616692765935259
-0.0991284369719804
-0.10504294967545821
-0.10978466350906012
-0.11090401855122325
-0.11073900915256663
-0.1093021282281384
-0.1058206458703374
-0.10519422236907792
-0.11059288350096542
-0.11633932153797975
-0.11770821837712415
-0.1175004330222823
-0.11804553487833963
-0.1184179770109273
-0.11927751668087058
-0.12064800247038933
-0.12031845823423523
-0.11977168642283671
-0.12209162506683878
-0.123849639659501
-0.12030712588888197
-0.11411146621158323
-0.1093266692945792
-0.10548883206797499
-0.10349235720006614
-0.10633689710486789
-0.11197737582258821
-0.11575170353779442
-0.11770568989222861
-0.11955218753024617
-0.11989146963619349
-0.11789034153599709
-0.11561697633362633
-0.11429484566025401
-0.11294876411522464
-0.1105644690851724
-0.10712871569509938
-0.1039420404811079
-0.10271668258313747
-0.10292546476184795
-0.1022447494753064
-0.10016230794803888
-0.09807146000007484
-0.0964866470221343
-0.09490313989929239
-0.09287598751687426
-0.0899837949261829
-0.0866313291295931
-0.0843164854377735
-0.08333187353776782
-0.08198865430521984
-0.07914873276555702
-0.07555184480421726
-0.07270666889228276
-0.07160295671956285
-0.07142422222318982
-0.06997746036525403
-0.0670350395402809
-0.06491330621209758
-0.06413937989727932
-0.06248219051038279
-0.059333239118764855
-0.056399325829827616
-0.054082398099423105
-0.05166032361924504
-0.04974265561318239
-0.04883376991651741
-0.04771400548159558
-0.04571145914923444
-0.0438991519705246
-0.04292638790043839
-0.04222981641237185
-0.041414869702637976
-0.04042556143103986
-0.038981323502467996
-0.03705733450116107
-0.03514104770692212
-0.03358801202673489
-0.03230766113658526
-0.030992806682397515
-0.029479620332526137
-0.02810861746359289
-0.027375492918855455
-0.027036148418734775
-0.02626948763503275
-0.024773208857710446
-0.022961247214185906
-0.021283790653767534
-0.01994943092072646
-0.01897440314329637
-0.018176017549551195
-0.01738524670900948
-0.01658250271181994
-0.015668324553295733
-0.01451635654567745
-0.013308044564243785
-0.012315576544674878
-0.011465037704596132
-0.010548986289997911
-0.009613330554949229
-0.00882552178510463
-0.008242366543889209
-0.007831337282847881
-0.00749027627438064
-0.007078873147022822
-0.0065583527822705235
-0.005993134618088981
-0.00543208120734176
-0.004924332915376603
-0.004533947141249191
-0.004230695948050619
-0.003918061513876146
-0.003593990738543436
-0.0033246033895908836
-0.0031011457665073476
-0.002861999150352363
-0.002595600161221032
-0.0023368206376335036
-0.002114087208717335
-0.0019318688707490653
-0.0017770453147751097
-0.0016376299687329752
-0.0015064947624702793
-0.0013656707294042347
-0.0012079244999628038
-0.0010675496151961237
-9.760915361055935e-4
-9.102281500374791e-4
-8.328830800090937e-4
-7.470391938935396e-4
-6.712663891053129e-4
-6.05692144884903e-4
-5.451223831930912e-4
-4.907241604120291e-4
-4.412463915036734e-4
-3.9424326977691415e-4
-3.5262911486458873e-4
-3.196131526524167e-4
-2.928306692088197e-4
-2.667850833035039e-4
-2.38797328434137e-4
-2.1186570784140752e-4
-1.8962752804847115e-4
-1.7066915945229108e-4
-1.5242125354129576e-4
-1.3557238835921274e-4
-1.205411891542605e-4
-1.0644076293253962e-4
-9.419998232672201e-5
-8.419371860530171e-5
-7.433873118425089e-5
-6.465489157644593e-5
-5.7341217298233334e-5
-5.1808506588118184e-5
-4.627059656512433e-5
-4.127252562879231e-5
-3.702337460846984e-5
-3.237457397361081e-5
-2.792767712310405e-5
-2.4927658075784106e-5
-2.2603005089320472e-5
-2.015690522190635e-5
-1.8006564723610285e-5
-1.5966903534737022e-5
