1.072178678391332e-6
1.1638913406096788e-6
1.3940206273177651e-6
1.5690337374413868e-6
1.672744258398704e-6
1.9619962225451263e-6
2.2785362662852565e-6
2.5193475702084685e-6
3.061558036725796e-6
3.735261792542977e-6
4.138864092001583e-6
4.812027415354584e-6
5.815290819871416e-6
6.191960316071702e-6
6.5652569468536304e-6
8.208611137049729e-6
9.707813509682871e-6
9.821805418908477e-6
1.055522008809842e-5
1.2687038740133532e-5
1.4473141512117745e-5
1.6645042061253403e-5
2.036707144027167e-5
2.2991060509214336e-5
2.393968045410641e-5
2.7052740642825998e-5
3.240494174300164e-5
3.7194754366149195e-5
4.3194207563604786e-5
5.102835550239409e-5
5.5906363413111185e-5
5.864286604614348e-5
6.587367861103024e-5
7.51626334866093e-5
7.86076701780081e-5
8.029836502555707e-5
9.158266806285202e-5
1.1166624797063758e-4
1.2770469602574712e-4
1.3377706227963638e-4
1.3944876721740958e-4
1.545323885091895e-4
1.7447702679656226e-4
1.923193138171891e-4
2.1306300302426965e-4
2.409312396888907e-4
2.680835171302173e-4
2.876771051096782e-4
3.032669368545452e-4
3.2530744301999465e-4
3.6198791099489554e-4
4.002533479271867e-4
4.1920226715858603e-4
4.384829024812631e-4
4.8675355457323307e-4
5.257752926084182e-4
5.244401834408624e-4
5.57279906969346e-4
6.736672646746394e-4
7.943632573758943e-4
8.839145377546174e-4
9.981553512991106e-4
0.0010808564999751382
0.00104520266635092
0.001015933051567844
0.0011029679760198152
0.0011614966192103088
0.0011555042456776118
0.0013154852363618228
0.0016407684305076232
0.0018770830121172582
0.002095409395747542
0.002509395169523543
0.0028447891177877096
0.0027509263864990436
0.0025098663491927215
0.0025597450226732
0.002838214097879815
0.003178036828134007
0.003658386375235755
0.00419753917691234
0.004532093810084067
0.004709098373382974
0.004930990449584565
0.0051031728343872065
0.005149747756872322
0.0053900069930550186
0.0060521864175929075
0.006854426339440729
0.0075053695662614444
0.008202003134258895
0.009265187369110956
0.01056948866025476
0.011663264290294944
0.01238794675831227
0.013109404343229287
0.014235578614986609
0.015757241094653728
0.01739478611023772
0.018847247692875723
0.019862487658758296
0.020580988875495997
0.02163479117926848
0.023313548928911382
0.025234212465215254
0.027351055569387293
0.030028507637063443
0.03275305122093137
0.03461544442595896
0.03599510186586859
0.03762648788737215
0.03901007368208179
0.04004902906917019
0.04212713847562941
0.045388512014260855
0.04801672124161443
0.04968081544959258
0.05189274710403049
0.05457655111472811
0.056480469671930926
0.05826789796162269
0.06121356159428528
0.0643756211922809
0.06616618848110105
0.06681924711697404
0.06759301277405617
0.06938243692982415
0.07240833002215923
0.0758650847197855
0.0785220668316946
0.08022432679581136
0.08176083159339374
0.0835671091640835
0.08543342628921116
0.08686870176075691
0.08779230816912077
0.08927491627395034
0.09222444942634259
0.09553256932432844
0.09799541544894366
0.10074279368774051
0.10442939675299878
0.10654996997244631
0.10542027967633891
0.10363974544643159
0.10394522184346992
0.10524257787588362
0.10592993510432268
0.10719351167176035
0.10977769976038136
0.11124901071699819
0.11001297858643153
0.10872126396408958
0.10991359893739155
0.1117078816891001
0.11188620109476528
0.11201683964285435
0.11312104835183308
0.11266553612052024
0.1102114810904084
0.10942145530286373
0.11086794112898145
0.11051227097182292
0.10751302274309418
0.10530637719790627
0.10441260452979344
0.10219420318003346
0.09871929089335861
0.09606316173032495
0.09420038931925284
0.09246553996626485
0.09149533510920071
0.09070555450575876
0.08808374304953992
0.08412908721556638
0.0817986057683855
0.08171806769561073
0.08115940752787486
0.07833791149284937
0.07457323467123889
0.07132509054755033
0.06780748822801429
0.06318061156950106
0.05884344148475297
0.05615389429374533
0.05368617655622431
0.04949430717106771
0.04455764715261242
0.04124441635191258
0.039661982706708156
0.03794000678502546
0.03512077110595852
0.031894013992456526
0.02909157346588331
0.026759618343710965
0.024627142113077292
0.022763532621607106
0.021358420448262968
0.020109882048057734
0.01856725616057381
0.016996601302029315
0.015974744377411774
0.015302231721759279
0.014391194746335868
0.013373938774515147
0.012716408880854636
0.012240812915043257
0.011537093530303619
0.01076558120433061
0.010296132222760183
0.010122275344389727
0.010056520199460997
0.010001800853019637
0.009908014078547656
0.009805035561692352
0.009769885181184951
0.00975587532491394
0.009716548838910379
0.009761081470793763
0.009883641015016318
0.009871024627671502
0.009701581967022593
0.009577992401333973
0.009498876168652921
0.009298849450190386
0.009017322509356215
0.008784419535557595
0.008559130246445786
0.008281143093383462
0.007997270261128724
0.007700716867228777
0.007321041463715152
0.006875432242156869
0.006441572875419
0.006069459367708726
0.0057871256725603405
0.005568325322591227
0.005328041452070919
0.005043872842541018
0.004776166528432223
0.004535099080002526
0.004268626167167838
0.003974597814219436
0.0037046999950293875
0.003479151985863542
0.003264944892748711
0.0030287038406382806
0.00279325635906773
0.0026136491374722792
0.002482210981933491
0.0023274749254412835
0.0021285667502266457
0.0019360511245409813
0.0017783109065514077
0.0016429369406626374
0.001522221140931694
0.0014055182859186582
0.0012776646263861326
0.00115334082204974
0.001053533799072516
9.648491233310454e-4
8.737841959401766e-4
7.936698797470106e-4
7.27798615284862e-4
6.627588092480372e-4
6.0022056977419e-4
5.477804686407229e-4
4.994837739884459e-4
4.5242434211549115e-4
4.110049792801133e-4
3.7119542796628497e-4
3.2963006189894243e-4
2.9373468119821733e-4
2.6543151651387426e-4
2.37749608804767e-4
2.1054665710153666e-4
1.8787100509458268e-4
1.6778094318903032e-4
1.484850508813432e-4
1.3185214648466813e-4
1.1725762732863521e-4
1.032806331515609e-4
9.122351483815e-5
8.0951375784603e-5
7.094196586897054e-5
6.221498544829169e-5
5.536533463623659e-5
4.852595017776438e-5
4.16838245575326e-5
3.650482396936932e-5
3.234124114607844e-5
2.7933056286113576e-5
2.3938688604455466e-5
2.0755291801316875e-5
1.7747831424457637e-5
1.5040711010449595e-5
1.2970059858823013e-5
1.1113777218485061e-5
9.363913713029398e-6
8.035989596243955e-6
