-1.2668331077731162e-6
-1.0496525151199662e-6
-1.2729632295460165e-6
-1.710428994679652e-6
-1.5794713586756913e-6
-1.6696261888757095e-6
-2.3468301180356185e-6
-2.4496734502386812e-6
-2.287120044441548e-6
-2.9134258327954957e-6
-3.312500891507734e-6
-3.0647434901147764e-6
-3.5568785905974715e-6
-4.312110891616679e-6
-4.385654877526222e-6
-5.185164091710253e-6
-6.561587288516845e-6
-6.887797874543948e-6
-7.960465140375186e-6
-1.0777007397532916e-5
-1.2064269277700396e-5
-1.1890961605787115e-5
-1.3437208299906568e-5
-1.5429545839904855e-5
-1.734608623144812e-5
-2.2038143905732902e-5
-2.626065621853265e-5
-2.644965262243562e-5
-2.836753088919776e-5
-3.307783085316148e-5
-3.4593753139714844e-5
-3.858370501164433e-5
-5.0574130413025824e-5
-5.9364962315454634e-5
-6.413487545698508e-5
-7.864594132264509e-5
-9.398302702382483e-5
-9.615186825810697e-5
-1.0399593781115733e-4
-1.2939189501627197e-4
-1.522060902035821e-4
-1.707338908920294e-4
-1.9935401262185184e-4
-2.2566223081075252e-4
-2.44443184891996e-4
-2.727289660097356e-4
-3.006267329551912e-4
-3.265736248506779e-4
-3.9167346394077473e-4
-4.7898797747951275e-4
-5.210638173312114e-4
-5.503884767042714e-4
-6.275303432490965e-4
-6.949708575177997e-4
-7.388026596393154e-4
-8.671540532792336e-4
-0.0010444481047895595
-0.0011142589341339802
-0.001128355152936553
-0.0012161048437670295
-0.001308324681678588
-0.0014048985695432005
-0.0016799499925029366
-0.0020343702454855258
-0.0021942462760983963
-0.0023019402620907377
-0.0026243615223420238
-0.0029291150977850955
-0.0029672125224034177
-0.003029585917875398
-0.0033016580772369858
-0.0034547289058167586
-0.0034363754167662046
-0.0037458605843492016
-0.004552799466178531
-0.005419621276578813
-0.006022157810763277
-0.006386998158210742
-0.0065436291693734125
-0.006598920968656816
-0.006892733190511158
-0.007578978778287101
-0.00840819248546108
-0.009231624742000516
-0.010196467005912029
-0.011203424486301898
-0.01184098063941607
-0.012144251808179917
-0.01271720180403448
-0.013773349520027333
-0.014729707694989241
-0.015131163216894486
-0.015414399555193551
-0.01631083798577493
-0.017807383291991417
-0.01913999767171059
-0.019770959100924426
-0.019973512446075394
-0.020351321871621163
-0.021230859650629194
-0.02261701107796814
-0.024114713918527268
-0.024972697123501923
-0.02505803842694269
-0.025300833521334876
-0.026138387330979805
-0.02671840915698733
-0.0268568650211893
-0.027782537575192424
-0.02973856802501913
-0.03153262106109915
-0.03312892921918923
-0.03531913608793715
-0.03713141373320598
-0.037516453854577844
-0.03812575366701718
-0.04031897547609902
-0.04226022465550221
-0.04278222464658689
-0.043915907342259405
-0.04639959155665813
-0.047822575787178606
-0.047494566384924816
-0.047887804235653475
-0.05027863150804819
-0.053565296056884155
-0.05679564004800454
-0.05931410559749452
-0.060274965828804275
-0.060241886810534474
-0.0609120169509857
-0.06263048858488161
-0.06441543017748988
-0.06573078186343168
-0.06675080435972086
-0.06821173312832586
-0.07097965159812865
-0.07428835237776532
-0.07607905303104676
-0.0761761700326252
-0.0762339528461096
-0.07652932337206042
-0.07657010549604847
-0.07771897232111503
-0.08121596236389024
-0.08552485295971259
-0.0887291356042194
-0.0908121100334598
-0.09189137971759712
-0.09183629642832278
-0.09225689120496988
-0.09495420075019763
-0.09862009783052318
-0.1006371900416589
-0.1009851904127262
-0.10125601912347418
-0.10182273984509067
-0.10268544473688943
-0.10453400532673028
-0.10686013521332063
-0.10784028608992018
-0.10709920220608943
-0.10574773993201092
-0.10443333570204089
-0.10417372201644635
-0.1064136951554043
-0.10982467142041291
-0.11133689059090285
-0.11125410367166177
-0.11168321223330634
-0.11137054950377838
-0.10875545039992852
-0.106373995598955
-0.10597828330838274
-0.10511900427086823
-0.10290867466241244
-0.10179216046412666
-0.10203078621500933
-0.10206097438297883
-0.10264996573707524
-0.1042000874702488
-0.10453165818620953
-0.10348963379488327
-0.10326488897079927
-0.10319788162310774
-0.10148934830111817
-0.09999516501146084
-0.1006983692835624
-0.10161731042506288
-0.10103970199106795
-0.1005212449760477
-0.10098333650194526
-0.1009862647707434
-0.09970738369464398
-0.09766211058833395
-0.09503497601747594
-0.0919274004999672
-0.0892354280459474
-0.08771382466332571
-0.08672382560937304
-0.08473690071417757
-0.08124386721315534
-0.07747591051844922
-0.07451414229623954
-0.07181254429023542
-0.06865416063916162
-0.06549842867700835
-0.06290016478698657
-0.06067941155274425
-0.05850394885807596
-0.056044645953497
-0.05307140000883892
-0.050078365928647964
-0.0476878122715951
-0.045502327557513184
-0.0428911984020048
-0.04014723052216762
-0.03768739301232097
-0.0352802398825675
-0.03279187665796114
-0.030481254487858604
-0.028360240828105326
-0.026235931061199882
-0.024188752127493295
-0.022400853415062018
-0.020836162908108097
-0.019352442619728787
-0.017907945681195865
-0.016587992728595517
-0.01543528824143989
-0.014328602029754731
-0.01321986739457833
-0.012292804367427582
-0.011629143118373948
-0.011033901050912188
-0.010331810718838296
-0.009495728484084295
-0.00858136378387054
-0.007774123634746713
-0.007186006105620757
-0.006623571717588585
-0.005981951158873426
-0.005507941323034213
-0.005255946751933384
-0.004916163956602682
-0.004442988893818959
-0.004093479526305466
-0.003834968212856559
-0.0034560651764107995
-0.0030473931497298394
-0.0027931388003785682
-0.002630742688100566
-0.002448216755875642
-0.0022580359072937673
-0.002075252279945904
-0.0018925834489454815
-0.0017270924940542905
-0.001578370814715931
-0.0014447711067794744
-0.0013476584735879463
-0.0012638389518427175
-0.0011506527871319974
-0.0010335215568608668
-9.43048596520788e-4
-8.530023432187012e-4
-7.597947229257516e-4
-6.930641881623228e-4
-6.404674292137868e-4
-5.802886311764994e-4
-5.288442854471402e-4
-4.880378936181794e-4
-4.3966343295609987e-4
-3.954120898067696e-4
-3.664352287307528e-4
-3.328312675066032e-4
-2.925457916937822e-4
-2.657708071915864e-4
-2.473214929872202e-4
-2.2305412189720195e-4
-2.0088763182311332e-4
-1.8496483153015238e-4
-1.6679098622255313e-4
-1.4878195143704762e-4
-1.3561146810204137e-4
-1.2149832141507337e-4
-1.0678938602823441e-4
-9.739112270597093e-5
-8.951698501850884e-5
-7.962392008442435e-5
-7.20403274492884e-5
-6.625013837409552e-5
-5.8458159999651754e-5
-5.148009209540797e-5
-4.7121846060832e-5
-4.230049090451415e-5
-3.760445555512745e-5
-3.483839652367541e-5
-3.149361084659068e-5
-2.7166973763039655e-5
-2.4519625495440087e-5
