9.920400003802846e-7
1.1734825157165086e-6
1.3729234346226862e-6
1.5671599473815732e-6
1.8099132180832037e-6
2.1406463202465414e-6
2.5090491763432733e-6
2.921383898143829e-6
3.3810658648179615e-6
3.91886882582834e-6
4.461765053601559e-6
5.162165920544956e-6
5.996117090331118e-6
6.8492539411362405e-6
7.74599803602275e-6
8.942276503005833e-6
1.0228818715203291e-5
1.1807725128668967e-5
1.340694959440848e-5
1.4942002690175672e-5
1.7173274744226684e-5
1.9202963064707033e-5
2.2067295658475306e-5
2.5212287579201387e-5
2.8623952086341732e-5
3.190844594858479e-5
3.540859367143162e-5
4.0584878317133714e-5
4.5014726325889515e-5
4.870425680261186e-5
5.456593889292965e-5
6.146659625156392e-5
6.903535556853044e-5
7.679634703252434e-5
8.448949437048824e-5
9.197432206014915e-5
9.905728546353773e-5
1.1023439413740849e-4
1.2010463256326517e-4
1.324827092729641e-4
1.4232277788099043e-4
1.5488193811161175e-4
1.671399932469502e-4
1.7566971086659333e-4
1.8912913316790589e-4
2.014996599282971e-4
2.1111328118542295e-4
2.2195416958234202e-4
2.300658487627278e-4
2.4343335737619018e-4
2.4921357763003406e-4
2.56050960335004e-4
2.598441620672133e-4
2.5618594394409566e-4
2.594031796919426e-4
2.479022195587458e-4
2.35010886312815e-4
2.2846468799272328e-4
2.2392034465252317e-4
2.134328904903734e-4
1.8532675413681797e-4
1.6061517595392663e-4
1.2738804731285576e-4
1.0413612737695177e-4
7.525162321664183e-5
5.9321005229407656e-5
3.825314903288757e-5
3.911969306357416e-5
4.729178019519626e-5
3.684077593665478e-5
6.904181519916972e-5
1.0652187900531094e-4
1.9101222406142526e-4
3.004163117178877e-4
4.0055574991008995e-4
6.097994079721652e-4
7.781162244869087e-4
9.857999449702504e-4
0.001307855863239193
0.0016607996490606565
0.0020210779731341137
0.002459254902498047
0.0029683525979823317
0.003523710504911334
0.004198949500854616
0.0049031630906480415
0.005586203084685347
0.006359284789772693
0.0072892339238575694
0.008325802339391185
0.009444035440288344
0.010627513153684657
0.011813264576694616
0.013156849201828857
0.014290333758104463
0.01584579242824688
0.017552431185825636
0.01909816817608883
0.02084572350974675
0.022679437149573153
0.02466654523329385
0.02671600482577126
0.028667428866027776
0.030642837556447075
0.032933523984627566
0.035419502133105116
0.038182237086647745
0.04081323147282963
0.0432574482639458
0.046118476862907376
0.049671874641380176
0.05247731831997331
0.05448478451627192
0.057491918467577716
0.06141878789451231
0.06399686394482912
0.06698508622295167
0.07014322287890842
0.07325733971027651
0.07680617549681215
0.08029851803861357
0.08372371968040665
0.08719865454471909
0.09078266171207883
0.09382141056117627
0.09748231257816307
0.10124685507589853
0.1048268077287896
0.1076635851174222
0.11084549176348035
0.11430550957985088
0.1174307472764208
0.12158861232986529
0.12396657227313428
0.1271058963642418
0.12979514688627258
0.13261175081474272
0.13618199410967188
0.13873416991664053
0.14134126808048614
0.14325179987105857
0.14507713843307762
0.1469948815925932
0.1491504392146439
0.1514357048385543
0.1526397883283632
0.15340421124401868
0.15452055830067296
0.15541876638479563
0.1563420931096807
0.1565607200403864
0.1573989184522292
0.15787534135167403
0.15754113986144302
0.1565521760089371
0.15532185310914254
0.1538965366225507
0.15278534038372907
0.15158583070229417
0.15019571168728688
0.1474446345785531
0.1453469747771784
0.14279770013347248
0.14012324999294992
0.1371421897627824
0.1337030063690716
0.13090012377765053
0.1266387261511249
0.12279866007507213
0.1185034854591513
0.11473046371127302
0.10988944986889318
0.10487085727040972
0.10019540076284564
0.09536363574507307
0.09030850929878359
0.08502950849453172
0.07984474000397815
0.07481121912327726
0.0697324691519423
0.06451560328309236
0.05925515365976765
0.05365996380832937
0.04857934986906351
0.043585359168039954
0.03883749773257973
0.03430316133516488
0.03003515534902238
0.025747013000136394
0.021673444689990492
0.018168214833472945
0.01474865413409594
0.01166960397071816
0.009160285932575219
0.006755511262068802
0.005042473974284613
0.0031580142983943325
0.0020069743579233003
0.0011240444060616626
6.092544190455655e-4
4.8181048160684945e-4
4.267031472655784e-4
6.891691749684641e-4
0.0010670632243404282
0.0016825322452335028
0.0025031660869964324
0.003374418909007922
0.0043132781543341586
0.005253618352750435
0.006287451261196165
0.007239870139203677
0.008229611829055886
0.009045685661834434
0.009873571623291345
0.010598615453330861
0.011249795694982497
0.011786496091314543
0.012229372301324655
0.012612156652866295
0.012849524656303651
0.013030222562381693
0.013095649922875152
0.013110221197117989
0.013059915625226346
0.01295064996205723
0.012744407786154701
0.012532841133297827
0.012217031185970607
0.01188024140003446
0.011550498563640207
0.011166594648229817
0.010785550044984287
0.010345756450776985
0.009917281634241082
0.009459460746802817
0.009012778595432355
0.008585177535951252
0.008155996167909385
0.007723372080768738
0.007294955871474412
0.006866694791358484
0.00645685436387169
0.006062216755688617
0.005680177284908345
0.0053168607177375175
0.0049755455070307035
0.0046299904219740985
0.004309705443715049
0.004006534620909886
0.0037198078477208235
0.003438059460806309
0.003181095822055877
0.00294074056503194
0.0027056639385056973
0.0024910252537474293
0.002290776018666302
0.002100970060994941
0.0019229794625192213
0.0017601552152848438
0.0016086616263171708
0.0014669968781986214
0.0013346159395607909
0.0012146000882164475
0.0011015488759193387
9.970441424685746e-4
9.01805010918878e-4
8.14978900786608e-4
7.352353273675023e-4
6.614489417244159e-4
5.951840735087463e-4
5.339135844432564e-4
4.7786143715390937e-4
4.269701786541235e-4
3.8164507393158265e-4
3.401519119693616e-4
3.020603792730927e-4
2.6774295934473414e-4
2.375273135704021e-4
2.0950995560810646e-4
1.84457256222909e-4
1.6259300253675568e-4
1.4230237072649697e-4
1.2455842502041874e-4
1.0857695592454822e-4
9.464532513896325e-5
8.192707212886288e-5
7.081814846022968e-5
6.107792762707727e-5
5.239361524009211e-5
4.474139619334732e-5
3.821297022275173e-5
3.234011292909389e-5
2.7264765176598666e-5
2.286637852012748e-5
1.91023503051062e-5
1.5805572177141884e-5
1.3016812176435353e-5
1.0655738171787586e-5
8.633931329685349e-6
6.93906765203338e-6
