-4.113240641969911e-7
-4.781760235482674e-7
-5.493545390799602e-7
-6.420173929551869e-7
-7.98902963802898e-7
-9.327722912075617e-7
-1.0785321543985204e-6
-1.248852577026853e-6
-1.449961804498049e-6
-1.6805788100166519e-6
-1.9547206913153172e-6
-2.3338437927972105e-6
-2.6846234733502363e-6
-3.082172136264177e-6
-3.706673346039715e-6
-4.270402695533491e-6
-5.047165534551367e-6
-5.792960970734717e-6
-6.628711494428999e-6
-7.878111913480329e-6
-9.159592602895908e-6
-1.0825243573333914e-5
-1.2629632950200995e-5
-1.4506734643517843e-5
-1.6625440252499574e-5
-1.9045486110364843e-5
-2.2669052559551623e-5
-2.5809538202380347e-5
-2.9533987208245096e-5
-3.5560240250428714e-5
-4.102331737952359e-5
-4.7379276415904625e-5
-5.469995528423255e-5
-6.259757542151335e-5
-7.236138001066853e-5
-8.341252572319041e-5
-9.936624187099426e-5
-1.137009252608034e-4
-1.3251028570443493e-4
-1.5011152694716442e-4
-1.7412089072085885e-4
-2.0032356564957416e-4
-2.2852391864735933e-4
-2.657381755464613e-4
-3.0693797541874357e-4
-3.496465016941784e-4
-4.025092598355534e-4
-4.557338551237907e-4
-5.235437721148543e-4
-6.010419371577428e-4
-6.886461643633949e-4
-7.760701311585625e-4
-8.892771834911083e-4
-0.0010179867392524722
-0.001145740433756932
-0.001301373424306999
-0.0014748250246951469
-0.0016475907905644722
-0.001814954113209983
-0.0020580879873972205
-0.0023005537459369675
-0.0025875903902914696
-0.002866082550871283
-0.0031800292696776825
-0.0035076721621117163
-0.0038578461625569955
-0.00422014850291959
-0.004636680465868687
-0.005047103687037929
-0.00546079577379703
-0.005980334717901164
-0.006462753570306156
-0.006956429137705589
-0.007432863129568198
-0.007949924370555191
-0.00845396796694111
-0.009026639377323308
-0.009641843132093706
-0.010088442955986281
-0.010682001501907595
-0.011305606931154264
-0.011850565328005856
-0.012454597909994149
-0.013104695789314334
-0.013684023355098301
-0.014187396118984308
-0.014931566948090091
-0.015641877290153577
-0.0162343536678154
-0.01678968231083389
-0.017413611191821658
-0.01799296394620474
-0.018673857920626948
-0.01938554870720228
-0.02010688075994117
-0.020753379187274427
-0.021349113334285005
-0.022085149578196753
-0.022897014655470446
-0.023676857684434317
-0.0243146830650351
-0.02491503146033735
-0.025933728240113384
-0.026729535128323975
-0.027566294848278432
-0.028402571342637056
-0.029133948136012104
-0.03019230969046837
-0.031306722956800086
-0.03177002588556114
-0.03245779962006658
-0.03345852910678386
-0.034717275848037354
-0.03586193538289136
-0.03643394830109854
-0.037778326493010564
-0.03950905063785398
-0.04090971012139293
-0.0415502704451741
-0.0424259422849293
-0.04323169088395576
-0.04474993560311542
-0.045652019618563744
-0.04682476262630466
-0.04807812837650411
-0.04958882514688212
-0.050741523173515025
-0.05175151391877353
-0.05313522499466669
-0.054764981332603706
-0.05572676787142497
-0.057686752518181575
-0.057900093979857806
-0.059981820959886106
-0.06160839554397865
-0.06260889642746703
-0.0641201181848097
-0.0653648330528083
-0.06695095197906044
-0.068828460874919
-0.07044794383348901
-0.07180902406997408
-0.07346681395656457
-0.07515825778639076
-0.07619531783536412
-0.07879000753798451
-0.08077044038030995
-0.08237644426479052
-0.08371319515915879
-0.08580186272278875
-0.08704831342824038
-0.08898202839406605
-0.08974872721052014
-0.09236187620022923
-0.09526693678967985
-0.09698636655560462
-0.0983581752703379
-0.10092649456475267
-0.10251971761823223
-0.10288244740997486
-0.1063656797879834
-0.10858803541837653
-0.1106295842078391
-0.11263507528834805
-0.11397766071917635
-0.11639246560567046
-0.11746593184750616
-0.12033320924308401
-0.12149448035276696
-0.12353104624981723
-0.1242507696720497
-0.12771124971962353
-0.1298821032684375
-0.13187013230868458
-0.1334848120812847
-0.13513523994398974
-0.1367428548378579
-0.13802813451226045
-0.1398362875277861
-0.14143260098027943
-0.14215895080542412
-0.14300743074466127
-0.14417245121852973
-0.14463473198195195
-0.14597565807615315
-0.14611724698298723
-0.14589709365467368
-0.14540776729868835
-0.14545460403813895
-0.1447710690943069
-0.1437798020059029
-0.14284078306435535
-0.1409041763532371
-0.13884511383520604
-0.1365001190794526
-0.13283992396268235
-0.13037455711786938
-0.12759767728401297
-0.1238762956430258
-0.12016411174889265
-0.11565348379586031
-0.11125435775204223
-0.10671474692645133
-0.10232743432116034
-0.09768480560857784
-0.09266274734176397
-0.08792641432419468
-0.083148485820088
-0.0785730694786463
-0.07378131525945714
-0.06931122128927725
-0.06489059999736904
-0.06058963981898072
-0.05644577906909863
-0.05271889768111193
-0.04895528283358614
-0.04538286499762762
-0.04222735121771344
-0.03892486254250736
-0.03601418174691409
-0.033157253322716074
-0.030653016375418077
-0.028285386706244094
-0.025980412970225446
-0.024003848795705652
-0.02209926340612947
-0.02023300375484053
-0.01853512713551681
-0.017103476287307545
-0.015751925019217496
-0.01444250537196367
-0.013263423936041303
-0.012088597150944836
-0.011120954458131879
-0.010190875844813471
-0.009322096787414556
-0.008559759525886355
-0.007874734024295527
-0.007207074707127118
-0.006572996881968188
-0.006021100206016399
-0.005502314540111287
-0.005062247830608592
-0.004634995954463398
-0.0042478961377184375
-0.003889385908682601
-0.0035526808350339915
-0.0032584588198219916
-0.002972020282579906
-0.0027215957098812756
-0.002488929819260958
-0.0022828283542416393
-0.002084459925921292
-0.0019073996998258869
-0.0017444555087046238
-0.0015980880649785294
-0.0014563731066889224
-0.0013365256409130326
-0.0012187788203514148
-0.0011111084891246036
-0.001015666705534438
-9.351263777184861e-4
-8.589127929729428e-4
-7.82176694091564e-4
-7.1527949024169e-4
-6.510812682367071e-4
-5.960493208017534e-4
-5.478831331522669e-4
-5.008627711366173e-4
-4.5667968572297394e-4
-4.1694253635087225e-4
-3.810553676281234e-4
-3.476246733386645e-4
-3.1717739862442213e-4
-2.9040701119069747e-4
-2.6557217712137307e-4
-2.4327755532027067e-4
-2.2121947255652834e-4
-2.034662913531621e-4
-1.8509377688531438e-4
-1.6905016862082034e-4
-1.5475779595350574e-4
-1.4113659545524564e-4
-1.2906975452910114e-4
-1.173671012099052e-4
-1.0746815080646399e-4
-9.775300874700904e-5
-8.897321397180039e-5
-8.137589727000844e-5
-7.395676032027912e-5
-6.749542473333976e-5
-6.153910744095482e-5
-5.5776650399358e-5
-5.0603700544224454e-5
-4.5870535779695464e-5
-4.178714276667427e-5
-3.7775176140061944e-5
-3.422606811139182e-5
-3.0952524110945085e-5
-2.7899020422074823e-5
