9.017858921732723e-7
9.200470373993372e-7
1.081948432520962e-6
1.3527146086407165e-6
1.437971490424029e-6
1.5931213274053269e-6
1.959443878782297e-6
2.0521243327147632e-6
2.054966256574298e-6
2.5921398542531986e-6
3.14915801964822e-6
3.265412050680887e-6
3.7382893546624213e-6
4.673529680475388e-6
5.351024004312372e-6
6.184359282460163e-6
7.4192014516779985e-6
8.227283542197438e-6
9.105274614813179e-6
1.0893677090447326e-5
1.2568472002917171e-5
1.4187508846872082e-5
1.6925163423597986e-5
1.9057280330532646e-5
1.9808181111084935e-5
2.2718965328663534e-5
2.789455398529653e-5
3.147539881981355e-5
3.491018838788981e-5
4.0822219448054024e-5
4.638245152258102e-5
5.20668314146748e-5
6.146064886764505e-5
7.121521888818605e-5
7.994156169978529e-5
9.199607431227985e-5
1.0076765897081699e-4
1.0046264989530454e-4
1.0815355605955037e-4
1.326768306789865e-4
1.5336578546850608e-4
1.6439157608154727e-4
1.836964885200772e-4
2.0769654078322633e-4
2.2647717164795905e-4
2.5751609308630516e-4
3.0257115282241885e-4
3.319721180994557e-4
3.4413386396697424e-4
3.6634449486014033e-4
4.0773623477695494e-4
4.6614287505370626e-4
5.307812911160918e-4
5.753184988855766e-4
6.104149910131093e-4
6.763576094946322e-4
7.535716578905961e-4
8.058059612827723e-4
8.70282383097925e-4
9.676269567852788e-4
0.0010529151472307744
0.001136268187272739
0.0012544484538709573
0.0013622064260474104
0.0014498754931029283
0.001584677588575984
0.0017307146036975305
0.001820074098063369
0.0019274805984813518
0.0020759507578519175
0.002158226708380811
0.0022077019885776107
0.0022891200783669388
0.002263154783807024
0.002191293166065244
0.00246189508573705
0.0030439699453064474
0.0034178828237711534
0.003479396130494419
0.0035834826350630887
0.003794069085678446
0.0039274219747371265
0.003955690579694684
0.003886209052795643
0.0037822577138085568
0.003880369147753345
0.004160872759101652
0.0042725357950003295
0.004186215254175744
0.004203685442503894
0.004360565196091031
0.004528895849462148
0.0047875703472684775
0.00525585277064874
0.005949890032991284
0.006791724664839854
0.0075147018338503555
0.007937032028762673
0.008294871667653182
0.008951872576705357
0.010197909377405402
0.0122202482548658
0.01447563038860948
0.015861602137774586
0.016339463413496468
0.016948636314979462
0.01785921802391777
0.018416651516522282
0.01878879848930611
0.019532558383348265
0.02059575921504536
0.022089358245724465
0.02422168599074829
0.0261376694530224
0.026996140843768338
0.027502484006279783
0.02855258115783724
0.029981074042403043
0.03171297099112261
0.0340382115951788
0.036508222679422137
0.0385037645529408
0.04044212910868234
0.043039556741103616
0.046027418280533645
0.0484174432772795
0.050014533787967594
0.05230039534350164
0.05662867129748345
0.06170241672467987
0.06519353426734817
0.06728172699697875
0.06936166300550507
0.07083050716790311
0.07100857688595352
0.07184196993438005
0.07498542433545038
0.07903217537006135
0.0822740102911123
0.0848684941384881
0.08666338477284762
0.08656198494900076
0.08537025113050555
0.08599569212202048
0.08953643776873886
0.09374911261939321
0.09645936555234962
0.09793271726786969
0.09877237922628301
0.09852809019048199
0.09777259328977694
0.09834899337180164
0.10058595534000542
0.10330132002570934
0.10619357124212489
0.10933526338463624
0.11184505652676748
0.1130559256188086
0.11285087776062973
0.11098608630428035
0.10864262368643454
0.10824905437576321
0.10959841818027767
0.1101509302904778
0.10964755086895467
0.10947935870430435
0.10931114507451414
0.10899442634246544
0.10971968075069558
0.11026091240022519
0.10809862423903778
0.10492652312915725
0.10406798395467808
0.10406409831653206
0.10153465276130813
0.09730518226357324
0.0944523128627264
0.09362198797139792
0.0933132983233898
0.09228044605227873
0.09065851090790668
0.08942273519729747
0.08836661775030909
0.08611751628596562
0.08304387368405436
0.0809717781636151
0.07966539726029115
0.07744533854253667
0.07432942711481967
0.07111403129662665
0.06784688963594569
0.06535308727475095
0.06458983758644371
0.06405457692982133
0.061810607991952655
0.05874565596721347
0.05639360372470473
0.05425065823606581
0.05166548070460893
0.04917930149675499
0.04689843960809354
0.04440579302429967
0.04204445701465023
0.040133495631912736
0.037986664302161875
0.035048400493655915
0.03179664477120969
0.028966631253553646
0.0267721356842925
0.02497694001693337
0.02337902268153787
0.022184654087635185
0.021597166407680325
0.021132235653440936
0.020068310822143765
0.018469798450121665
0.01707372329721241
0.016292970761734086
0.01576243666068889
0.014855405332152733
0.013538328294667109
0.012430909297148787
0.011835620861161432
0.011330138717547315
0.010641882509180389
0.010045752894424803
0.009623519077608542
0.009083854747852189
0.008397822919422952
0.007804401655332267
0.007363620022055477
0.007023540564446531
0.006746724130223617
0.006375691243699308
0.005806995926878844
0.005206948965247728
0.004737541339937231
0.004368661644229933
0.004084942587782418
0.003895317679058567
0.0036917499063455475
0.0034127159566121577
0.003155224118813841
0.0029589367914971253
0.0027437130850468984
0.002497491716071483
0.002287660091573203
0.0021313106567826725
0.001998540601601063
0.00186927052433573
0.0017385479014694102
0.0016144990928376225
0.0014977465981865655
0.00137376362938511
0.0012559642030671842
0.00117133044848691
0.0010990308667947024
0.0010133987290306184
9.419651723751598e-4
8.975573613664989e-4
8.414611668004973e-4
7.635607053517211e-4
6.947249014679328e-4
6.373303327767119e-4
5.758454460542676e-4
5.198605556029546e-4
4.773528793092278e-4
4.3859497349920843e-4
4.034072278118539e-4
3.750099662332242e-4
3.4420421834083616e-4
3.0973130174142573e-4
2.8108899738939723e-4
2.5653340621269855e-4
2.2996205292481536e-4
2.0453343766265147e-4
1.8168726279639642e-4
1.5935247954595774e-4
1.4076894115653922e-4
1.2654883019454075e-4
1.1196876129218227e-4
9.86775154623029e-5
8.985742994201453e-5
8.06139959607254e-5
6.909992218148482e-5
6.107260890591006e-5
5.636916977119098e-5
4.9763769934556274e-5
4.2547854071482744e-5
3.769715885467067e-5
3.3094806958989564e-5
2.8137528117183074e-5
2.5256483799240775e-5
2.362229792403289e-5
2.1134797621914756e-5
1.8645882449797112e-5
1.6767169539532157e-5
1.4569337588937665e-5
1.2423435823810978e-5
1.0990786011448363e-5
