-1.015183769094963e-6
-1.3564088767662013e-6
-1.2514660346823312e-6
-1.3451231153991316e-6
-1.8609791632148986e-6
-1.8352967918715333e-6
-1.7080376759539278e-6
-2.4550119770457973e-6
-3.058221541313911e-6
-3.0723491982749623e-6
-3.7436780011885914e-6
-4.6078102281533e-6
-4.829820145601101e-6
-5.777955319515117e-6
-7.195715387651805e-6
-7.321401885194178e-6
-7.850975818155427e-6
-1.0068366493646242e-5
-1.1292796387593305e-5
-1.1897806037482226e-5
-1.464313208490275e-5
-1.689791679714648e-5
-1.7044963455751267e-5
-1.9584059421813415e-5
-2.4317503432726406e-5
-2.7091174343596504e-5
-3.0541342629234823e-5
-3.615670914999156e-5
-3.956909980279883e-5
-4.3623249695609084e-5
-5.229226216758341e-5
-5.832055242827985e-5
-6.102622915102988e-5
-7.000132043230035e-5
-7.96803621051207e-5
-8.102543391201305e-5
-8.775587610298746e-5
-1.0971175729764546e-4
-1.3302476349694924e-4
-1.5021007188022496e-4
-1.6620514790901064e-4
-1.8130856088232564e-4
-2.0219270096641845e-4
-2.351613418794602e-4
-2.661131832919448e-4
-2.899042105003517e-4
-3.1969861508894195e-4
-3.4962675090429894e-4
-3.8012717705167455e-4
-4.41354736521489e-4
-5.204756518997746e-4
-5.708771254056586e-4
-6.154657830404667e-4
-6.943426443051433e-4
-7.776348962416288e-4
-8.580435365427221e-4
-9.670468267978141e-4
-0.001069931657152919
-0.0011557585319752449
-0.0012963462050924774
-0.0014544703690284996
-0.0015456067327412049
-0.0016820713252315748
-0.0019395658130712265
-0.002154343298578336
-0.002311008456340356
-0.0025692465635203227
-0.0028109727871023535
-0.002928467981232313
-0.003221428052009631
-0.003753489546048386
-0.004166899921194958
-0.004565357083857367
-0.005251032570033578
-0.005740125204153034
-0.005651695349105294
-0.005743950542283622
-0.006553349694376623
-0.007450474910343923
-0.008061333577575191
-0.008782960604879255
-0.009616779159456143
-0.010335363026924763
-0.011291164572973482
-0.012638986318972872
-0.01389090030832563
-0.014967641598497235
-0.016298168180644165
-0.017853070423786404
-0.019277166260370876
-0.0205480476876966
-0.021859528116755303
-0.023328529915104593
-0.024819903297587424
-0.026006201886724895
-0.027041260085849103
-0.02851514899600668
-0.03029627260852626
-0.03173355437351381
-0.032845662991299145
-0.0336733419848163
-0.033740767478146416
-0.033695535456120994
-0.03507018751917336
-0.03757476951891772
-0.039716032353482186
-0.04166034214788632
-0.04425064534709175
-0.046860609799242205
-0.04872595509294301
-0.04999684146322593
-0.05072162179450413
-0.05149871085651353
-0.05384980215698318
-0.05760361689129738
-0.06080472698698641
-0.06328319292633695
-0.0663414824735806
-0.0693698993259931
-0.07092225754315148
-0.07154118820484884
-0.07241316544361917
-0.07349830757477152
-0.07448555906265714
-0.07557455208162801
-0.07736093400297091
-0.08039718626766186
-0.08336189786191911
-0.08345907228010958
-0.08112852271369514
-0.08060136184865532
-0.0835233765198904
-0.0873185311000479
-0.09075311935705181
-0.09462502550444686
-0.09746394675088235
-0.09719463001218885
-0.09556426469305586
-0.09561163562023471
-0.09720584106073905
-0.09868801399413657
-0.1000229594170183
-0.10194821423084739
-0.10406323707879085
-0.10511141147255089
-0.10468592118280882
-0.10410014676754076
-0.10468736659019139
-0.10583394630764378
-0.10648865957540665
-0.10720056249336317
-0.10838707860612438
-0.10895678331719416
-0.10865688108380996
-0.10866476311472828
-0.1089190577362946
-0.10851907405014306
-0.10831472182374427
-0.10928138534846168
-0.1099860414312014
-0.10908736934477437
-0.10780532589769691
-0.10730198073592394
-0.10675424514085688
-0.10583252758113633
-0.10571462491481723
-0.1063553644755741
-0.10595680563040516
-0.10412019652142668
-0.1026369746836293
-0.10231277506986129
-0.10166200817446883
-0.09971947167604425
-0.09777084585199436
-0.09711908930559543
-0.0970117850134927
-0.09594192752765565
-0.09374121335844185
-0.0914228299442489
-0.08953637536571281
-0.08749988250617917
-0.0847894939961912
-0.08203882769335381
-0.08005723615662427
-0.07867207151153134
-0.07766076752916154
-0.07725884837180118
-0.07677731517775534
-0.07514013893160638
-0.07312219845382525
-0.0718668674423941
-0.07002956808383036
-0.06624898717316038
-0.062506619176054
-0.06112846562502341
-0.06115161031427131
-0.06066160680643045
-0.05947993381819536
-0.057889678486660184
-0.05596002080617724
-0.054324297770241475
-0.0531078896528677
-0.0513789486424689
-0.04916850107026881
-0.04775688267659375
-0.04743407813447209
-0.047316773457516434
-0.04691682245862274
-0.04612036883016528
-0.04476226556687562
-0.04305798765430121
-0.041181626976409404
-0.03877392200381761
-0.03601649897956706
-0.03391532598056284
-0.03268448357299295
-0.031448162810661644
-0.029810725826926555
-0.028179470949031803
-0.026762545481881186
-0.025447726666926816
-0.024212132073393438
-0.02300628174772561
-0.021725845560285718
-0.020413503052392375
-0.019121325223052807
-0.01782478705426365
-0.0166374237979316
-0.015686198711423075
-0.014785650483571687
-0.013667925567702245
-0.012436933491260358
-0.011449899755411974
-0.010846291959546225
-0.010437753707237834
-0.010012001333052283
-0.009531016881700856
-0.008997885181827288
-0.008363593311429208
-0.007678697698177436
-0.007098247763784201
-0.0066332587408590524
-0.006148639707896931
-0.0056378940240224
-0.00522699480784618
-0.00492836878047976
-0.004631881126863876
-0.004285179458586122
-0.003919812199195129
-0.003568521484530616
-0.003243281775174142
-0.0029449499695836066
-0.002671094229751516
-0.00242727270708146
-0.002214450941667092
-0.002018593362226551
-0.0018315900650572275
-0.0016566358333956678
-0.0014934227771348832
-0.0013430798529755967
-0.0012102807313690781
-0.0010922225187713576
-9.887594034260318e-4
-9.073441496456286e-4
-8.388325151203494e-4
-7.61051418867761e-4
-6.735693206328326e-4
-5.94737330333819e-4
-5.319532325033627e-4
-4.799232171866913e-4
-4.325020462467387e-4
-3.8564335315268474e-4
-3.4164213867521e-4
-3.0626941019253827e-4
-2.7792174229354373e-4
-2.518063558366068e-4
-2.28643138328006e-4
-2.08734792070662e-4
-1.8997370622909313e-4
-1.7346911187984354e-4
-1.586318155055105e-4
-1.4142863154206498e-4
-1.2427060954681894e-4
-1.1230693197516259e-4
-1.0220057968309862e-4
-9.008956555049178e-5
-7.982941998674373e-5
-7.303490443369258e-5
-6.606691084339916e-5
-5.9038896333030326e-5
-5.375431811084105e-5
-4.815375919434262e-5
-4.170235780697135e-5
-3.677926629471417e-5
-3.2789168173250405e-5
-2.8225173786153584e-5
-2.457356077388688e-5
-2.22537059411312e-5
-1.9592220013453255e-5
-1.696956530349715e-5
