1.1601854437589434e-6
1.1360578617878717e-6
1.1788790378352578e-6
1.5092199827977548e-6
1.7470833556659102e-6
1.8841579576491832e-6
2.387637582652147e-6
2.9713950888554237e-6
3.2142028338371816e-6
3.590079823546696e-6
4.244778062802153e-6
4.6779995808152e-6
5.064002700137378e-6
5.607741433986602e-6
5.957212675273979e-6
6.633427143313803e-6
8.13916396933839e-6
9.433021937114195e-6
1.053324702368927e-5
1.3041801429690587e-5
1.614546972286619e-5
1.7844043598030087e-5
1.9271103407327862e-5
2.176642229795063e-5
2.4066432143641333e-5
2.6721820074977005e-5
3.22532453775993e-5
3.9457823070652505e-5
4.500249393153199e-5
4.9471135476472164e-5
5.58313610266462e-5
6.367079023686832e-5
6.942716784746741e-5
7.311436003413708e-5
8.02808868981063e-5
9.324758592889134e-5
1.0853480102199796e-4
1.2643086699889582e-4
1.4711834105261864e-4
1.6172719625344803e-4
1.7142963924436083e-4
1.9447752394204234e-4
2.2910136394714686e-4
2.5360622037985214e-4
2.761977199032708e-4
3.1902539106441605e-4
3.6717814010356787e-4
4.0499168381926055e-4
4.4861016213862e-4
4.902875838050447e-4
5.053236379301993e-4
5.213538381871504e-4
5.638206666496938e-4
5.890392096584305e-4
5.793964263020806e-4
5.902096273553688e-4
6.372458312970651e-4
6.774865796711744e-4
7.019933991195686e-4
7.390629178583739e-4
8.214186987408018e-4
9.638760623339735e-4
0.0010945897247325105
0.0011261358875866868
0.0011373752164036946
0.0012504980742558682
0.0013895381679344134
0.0014451590652074548
0.0014715449153319294
0.0015019842403597302
0.0015311472073422732
0.001719133714193819
0.0021343747332558554
0.00248375156194289
0.0025835170286920457
0.0026782733874738617
0.002909279680631788
0.0030490484411670577
0.0030006567168853974
0.00298853803059445
0.0031927686381347125
0.0035933313646580303
0.004090906893515103
0.00463915791317832
0.005354610810142349
0.006305352329261138
0.007183478820157234
0.007701608147623595
0.008173937030941849
0.008965182488943324
0.009734682993329422
0.010148500845371257
0.010728929389663992
0.011937384442787897
0.013261160737626418
0.014316810424665845
0.015686032794295594
0.017552319580005214
0.01905412012998919
0.01994815726564849
0.02103719133257324
0.02247146667793358
0.023791274075922148
0.025360856910692432
0.02752049391657311
0.029454189016243897
0.030638166178874278
0.0314962950645544
0.032117048019224735
0.032822077488021364
0.034853075728629196
0.03803726671146417
0.04062241798658616
0.04283667406310399
0.04623434420640258
0.04980932009655807
0.0518912413063818
0.053728637035977196
0.05665209711745246
0.059589693493656906
0.062210261626751626
0.06556877227379862
0.06899245093522434
0.07102031386062543
0.07202529407295172
0.07277841850811632
0.07316782040204382
0.07343756098608237
0.07418597605707217
0.0759829863761228
0.07955350914369264
0.08397123382287913
0.0865584167272601
0.08705054710254641
0.08788000991483765
0.08952855439545429
0.09093964905599286
0.09297571162975138
0.09630498035365165
0.09934233582113315
0.10125544493712771
0.10251837194912389
0.10286724529743876
0.10301730874751575
0.1051689129921938
0.10921510559599133
0.11284278558307127
0.11498240166130201
0.115482737169879
0.11470003095039472
0.11457936163465962
0.11539088698230494
0.11416379772735612
0.11074049255634501
0.10874412647881232
0.10831823775467271
0.1068587528551595
0.1056402658752903
0.10665239535750225
0.10785408959361685
0.108345168607379
0.11032821610420296
0.1128502770862085
0.11276210326779172
0.1112389554507663
0.11117963990271415
0.11171347899229997
0.11087446754311855
0.10884879808227932
0.10617013264767766
0.10300447965394732
0.0998345602270297
0.09654591500815266
0.0929123758634756
0.08971741280258794
0.08693709337454866
0.08322458970590373
0.07887033841248964
0.07570973653357536
0.07369916742917901
0.07104562760248394
0.0670079543500081
0.06227250293670671
0.05785867791192426
0.05436167494993105
0.05118932124843884
0.04736795614968804
0.043409681516209796
0.040503977984101235
0.038415387030780485
0.03625761464383569
0.03402851720643099
0.03181152287060231
0.029316483442259986
0.02700448903914632
0.0256593225003714
0.02477137689362339
0.023144417367100316
0.02071094833331736
0.01837521958402828
0.016622072034932198
0.015229690955965587
0.013961545496336792
0.012982487996028733
0.012577442869811318
0.012550354278033552
0.012232668989421238
0.011388483836014427
0.010629195643259006
0.010440665441030604
0.010433489039473488
0.010181061628522196
0.010040927194611833
0.01037665344977604
0.010712775115527547
0.010478133386071113
0.009949426554108428
0.009719325229828768
0.00974582010071203
0.009573142007635973
0.009146939730070518
0.008842046550069494
0.008816482648672894
0.00883122656286762
0.008730463992895465
0.008624982007574823
0.008510918819131531
0.008212374143368919
0.007781279870614696
0.007454499852090406
0.007250840993351536
0.00704843629616458
0.006844177807421551
0.006607419408117161
0.0062361509994678915
0.005814195637475386
0.005504299210136337
0.005251047432290935
0.004957025831133422
0.004693229584867466
0.004476391324382581
0.004197494386495886
0.0038738602088905197
0.0036207103961661737
0.0034249758378788677
0.003212788544851785
0.0029922535394856452
0.002788084163782617
0.0025955845769523563
0.0024174269234920422
0.0022420758672712046
0.0020541602021754667
0.0018847644827812238
0.0017549933185193659
0.0016270584849188655
0.0014829831933608636
0.0013531431740609358
0.0012461351924112534
0.0011468249906149601
0.00105629457447752
9.725754605209969e-4
8.845397877758962e-4
7.991775710585397e-4
7.264388358149185e-4
6.605515856107981e-4
6.001742891864905e-4
5.481258763067185e-4
4.969078427649894e-4
4.4500717557745685e-4
4.0072404055325095e-4
3.617083828398978e-4
3.226310972675529e-4
2.889131829938407e-4
2.616508932152088e-4
2.3532200300978767e-4
2.121080539332995e-4
1.930619552419389e-4
1.713397917189863e-4
1.483183007158477e-4
1.316147576711746e-4
1.1862449025253535e-4
1.0454372520634045e-4
9.25504048351657e-5
8.336413954696014e-5
7.354596650485295e-5
6.443119994578415e-5
5.740366562286816e-5
4.971055031525588e-5
4.197377199972963e-5
3.687118931356498e-5
3.243207606759908e-5
2.7175938537532894e-5
2.3496475768873042e-5
2.124478610965757e-5
1.8122098138563875e-5
1.502935729867118e-5
1.3180144987063936e-5
1.1307165374007765e-5
9.229155766829134e-6
7.947864065454834e-6
