-9.131171841070865e-7
-1.0225493260862567e-6
-1.266426989751854e-6
-1.461090436442895e-6
-1.455839091033335e-6
-1.6588459768459968e-6
-2.0039035538769113e-6
-1.9190124217136005e-6
-1.8397121182135028e-6
-2.4000665838591346e-6
-2.8954019472651237e-6
-2.9255332297928096e-6
-3.335071057341594e-6
-4.205240483470154e-6
-5.005667039653628e-6
-6.057175322300865e-6
-7.157599308160876e-6
-7.642445368021792e-6
-8.481582872198341e-6
-1.0101569152852527e-5
-1.0779692890917635e-5
-1.09683231326513e-5
-1.3138596801978513e-5
-1.6262869858656003e-5
-1.8405977329658637e-5
-2.1195153692857353e-5
-2.4602025997968107e-5
-2.5938846784199422e-5
-2.7096287949358418e-5
-3.0942690221581505e-5
-3.435449294247466e-5
-3.653168674378014e-5
-4.296211138055435e-5
-5.350423824975021e-5
-6.262382243756067e-5
-7.10626436054166e-5
-8.066856234811139e-5
-8.773288492956533e-5
-9.410521745444649e-5
-1.0734099131968876e-4
-1.2511935449553043e-4
-1.401002446740915e-4
-1.552010900575266e-4
-1.7454680469031932e-4
-1.9184029930141466e-4
-2.0368786153651162e-4
-2.194132880247989e-4
-2.4583783298143946e-4
-2.7667696360931106e-4
-3.078028859582454e-4
-3.492662845383309e-4
-4.0880570952418516e-4
-4.8120799394710864e-4
-5.67263569592882e-4
-6.678573026441437e-4
-7.542849020351586e-4
-8.151444793263599e-4
-9.176617054688755e-4
-0.0011062515261920135
-0.0012903148858733522
-0.0013870271629088657
-0.0014730119911661131
-0.0016307985196375111
-0.0018159461861695391
-0.0020076445443903477
-0.002251073865727716
-0.0025036368356082463
-0.002729472644364136
-0.0030513534415994867
-0.0034795401474135494
-0.003741265894666036
-0.0037334126145586607
-0.003792434685721084
-0.004181223870134361
-0.004674660312683836
-0.0049251513562836805
-0.004962359504542025
-0.005153958672770088
-0.005780416190049196
-0.006731830028302176
-0.007679989749416989
-0.008449467936710075
-0.008998123065099478
-0.009260641103492557
-0.009371437812434283
-0.009658856764446791
-0.01009710980401959
-0.010379481286872107
-0.010673775969795036
-0.011417764713355157
-0.012419479179304308
-0.013161582066144524
-0.013736380121962469
-0.01456968468349008
-0.015632949615913203
-0.01655584292194069
-0.017119656264949473
-0.017485769869151423
-0.01816448167515627
-0.01937950740118594
-0.02050962942583384
-0.020927548460536047
-0.021007925101896762
-0.021411024676887682
-0.022064279131757816
-0.022633048021611108
-0.023229529911803208
-0.024202414763697305
-0.025692765253257
-0.027379292403226032
-0.02877256391586177
-0.030072399329487114
-0.031809845086561525
-0.03343236632871602
-0.03410135553768878
-0.03463436289445858
-0.03616925095885785
-0.03804191465657153
-0.03954466177266774
-0.041445037618883324
-0.043658359891648735
-0.04476349107208646
-0.044885893815962856
-0.045414957976973744
-0.04664222679919006
-0.04908000135516438
-0.05413937737382674
-0.06050993861684309
-0.06421713954274133
-0.06420076138762822
-0.06324768201195495
-0.06339241659790895
-0.06473750058109454
-0.06714953197813718
-0.06975987462367658
-0.07134765844333615
-0.07256196225484292
-0.07464132400411472
-0.07669754709146867
-0.07754173017616106
-0.07817949460313718
-0.08008217540461572
-0.08343964771385268
-0.08754562991047696
-0.09019857426775575
-0.0887153356704331
-0.08473965068486573
-0.084216521787222
-0.0890390941079418
-0.09368109564998599
-0.09382814951285084
-0.09275353010666981
-0.09519005470631406
-0.10041731488652192
-0.10530501278158211
-0.10906369369993543
-0.1115500620962824
-0.11155672544673699
-0.10946659420497384
-0.10757686038424458
-0.10657631570085462
-0.10551715319975143
-0.10492243038915007
-0.10575330888721007
-0.10638863107904753
-0.10487264232193137
-0.10292705989994208
-0.10372368899198527
-0.10668549902860988
-0.10829724200077763
-0.10757252729006814
-0.10686599552842525
-0.10714777731001916
-0.10681991035002128
-0.10604333462228495
-0.10730416518509418
-0.11037647588874869
-0.11180265056043344
-0.11032283762375757
-0.10807669490922907
-0.10678246835472624
-0.106796975165841
-0.10798990609796962
-0.1088638018884365
-0.1082992161966278
-0.10851424114091636
-0.111252160497089
-0.11318834304780248
-0.11119261582485589
-0.10800699298904631
-0.10684246233679003
-0.10608263263934127
-0.10403593561745124
-0.10220315291122543
-0.10079300243384079
-0.09782838688821158
-0.09385741637029597
-0.09136545591202458
-0.09005667552762031
-0.08780180127554328
-0.0846038702353861
-0.08186155663249381
-0.07968962343547642
-0.07729651765327177
-0.07435093935775645
-0.07107156753085964
-0.06801126604172716
-0.06550258215556794
-0.06299134946010503
-0.05994046572947233
-0.05696822880667909
-0.05456145662815819
-0.05171399564820742
-0.04772857139930091
-0.043979339784627716
-0.04185243610874287
-0.040425363264919724
-0.03815817204203969
-0.03538496264776135
-0.033274308950869184
-0.031695984214847935
-0.029794533039564138
-0.02756615090699931
-0.02552180907487135
-0.0236684684808715
-0.021813761153230887
-0.020172929584953744
-0.018959910679563662
-0.017902253885018326
-0.01664866684005229
-0.015278858522100496
-0.014072440837426124
-0.013046912573612209
-0.012011342398892141
-0.010925430809950152
-0.009952823673178653
-0.00919526590588564
-0.008564006131085123
-0.00794146157341524
-0.007335812508744117
-0.006806947956024081
-0.006325683938193823
-0.005816185266859671
-0.005305266689745076
-0.004896912420383678
-0.004593992051558878
-0.004281563771678017
-0.0039008024986417786
-0.003514436745809872
-0.0031985924725323007
-0.0029686952147579032
-0.002792308010245369
-0.0026143753557851326
-0.002403336831079663
-0.002184111775249718
-0.001988546308599606
-0.001809262442180759
-0.0016380062374882
-0.001490368120720314
-0.0013694622584531028
-0.001259135199378326
-0.0011525732324943274
-0.00105244995673173
-9.609437461572671e-4
-8.804250985866533e-4
-8.047332262731716e-4
-7.243911522730014e-4
-6.488306928466143e-4
-5.925304458981795e-4
-5.473974930879994e-4
-5.009134906684373e-4
-4.5661741610911156e-4
-4.1528459871178943e-4
-3.7029471708474127e-4
-3.2680539112410516e-4
-2.9344954332258364e-4
-2.6626988540087325e-4
-2.41542526396423e-4
-2.222703387317843e-4
-2.0522678242301565e-4
-1.8483952194115315e-4
-1.6438279201754215e-4
-1.4764988080611592e-4
-1.327846363459832e-4
-1.1944398987176027e-4
-1.0820881744009454e-4
-9.70596011279013e-5
-8.665721862068062e-5
-7.941162787428363e-5
-7.299793127522796e-5
-6.503845721714713e-5
-5.801175238696032e-5
-5.297827129404582e-5
-4.7769833892511205e-5
-4.253674003115137e-5
-3.850542222858933e-5
-3.466626897827994e-5
-3.072657186335872e-5
-2.7734780065184982e-5
-2.5107094622323816e-5
