1.5036692435430688e-6
1.6184768269649317e-6
1.8245486474672111e-6
2.0404642993014463e-6
2.213654447291886e-6
2.4754321234278975e-6
2.8705284765014412e-6
3.2960524525369117e-6
3.7118106500722524e-6
4.1270933483589e-6
4.629530832550874e-6
5.3729692277655724e-6
6.156947360939285e-6
6.645327752255567e-6
7.260402093564969e-6
8.625042295235449e-6
1.0306532581724177e-5
1.170357226922723e-5
1.3284179487714314e-5
1.549131468713771e-5
1.795255951315504e-5
2.0352038492487817e-5
2.2294226263087575e-5
2.3389824589842516e-5
2.5154441977066277e-5
2.982607121940805e-5
3.610990688344193e-5
4.051959085343726e-5
4.3303371998375146e-5
4.804939101530363e-5
5.572161582906385e-5
6.343056301087655e-5
6.862071485236013e-5
7.221737369857335e-5
7.839007026405106e-5
9.054871027262912e-5
1.0556176229759683e-4
1.1529047144174059e-4
1.18869358291533e-4
1.2870419042211316e-4
1.5477955417200802e-4
1.87394191701858e-4
2.0865528248570432e-4
2.1723906275948355e-4
2.2764757941251608e-4
2.4919835849154744e-4
2.7628503876796066e-4
2.9546762963319887e-4
3.0273713529088177e-4
3.150934048899089e-4
3.463953910517574e-4
3.7950163777068877e-4
4.028481290861166e-4
4.466095562276032e-4
5.205245897643183e-4
5.731526987394149e-4
5.845929152176943e-4
6.064285188677517e-4
6.490744063254447e-4
6.590603102167757e-4
6.363680962039549e-4
6.269260120478551e-4
6.328150565757143e-4
6.770426139978151e-4
8.425166256327087e-4
0.0011070784722237708
0.0013069796087679907
0.001362645635692935
0.0013567869503579401
0.0013692883001981146
0.0014200714635291317
0.0015232909601876575
0.0016449686693278678
0.0017112108241597202
0.0017426964506819219
0.0018253896175803653
0.0019223854893640328
0.0019124736738224363
0.0018353095044983264
0.0019095925473919836
0.0022680244136513137
0.002808118155376327
0.0033461673050777757
0.0038214900057540343
0.004289123010053745
0.004778802602676724
0.005283780822780969
0.005900688961026966
0.006782420834953841
0.00781322696349597
0.0086087570195825
0.009107270835857023
0.009763624226501825
0.010814512413507225
0.011966263809719166
0.013158693484596074
0.01470801088444168
0.016382305573676318
0.017555892927260144
0.01848041167042792
0.020035491279887005
0.022220054543933478
0.024212300148396156
0.025690420335055923
0.026999995116620892
0.02842451299763678
0.030099086545715827
0.03224600541324089
0.03485811861044089
0.037219771036364716
0.038350256329052694
0.03836466579523701
0.03870025526039633
0.04034295623968771
0.042993535563849286
0.046408518841530334
0.050585608472509994
0.0546838493983507
0.05808499439770743
0.06132658449437218
0.06413266477465897
0.06566986935226218
0.06756374113919889
0.0714854182800801
0.07455389970327081
0.07368274298908466
0.07172589864993334
0.07270728883611066
0.07575077612342004
0.07897508581199171
0.08290916204170477
0.08689291516624942
0.08887374200654384
0.0894755971962809
0.09102498938018132
0.09426659668723979
0.09860851106403384
0.10255900017028607
0.10444262979566349
0.10512045836498832
0.10655137454611993
0.10779365171732051
0.10803140391959437
0.10982357597561315
0.11325827681490937
0.11436324828819171
0.11389240203148615
0.1169954773172244
0.12233419294028414
0.12384849378699817
0.12201995570635697
0.12174006917656797
0.12337174468085381
0.12493974860511742
0.12637949747740618
0.12626370991037092
0.12256466853019635
0.11846347222443966
0.11891011602334277
0.12223174441334721
0.12283481600073555
0.11993378872916226
0.11694504894623244
0.11460579813911406
0.11065068950101375
0.10543211418661382
0.10282020319584813
0.10451491390948878
0.10729003745764976
0.1076117268237692
0.1055134592535955
0.1022146806508039
0.0978412654741729
0.09314816655464565
0.08958546252356167
0.0866921268943877
0.08293657616485518
0.07880404859062003
0.0758176843327546
0.07390504661578935
0.07242962681988824
0.07158518239719437
0.0707066990045726
0.06790108360484359
0.06280851937261356
0.05726896521562051
0.05280884670051618
0.04953071660058052
0.046848050376807004
0.04366345035757673
0.03915938339320778
0.034273097860906536
0.0305588347541905
0.027804187126408118
0.025016745081158077
0.022624683547056577
0.021291037182355678
0.020166559880685206
0.018338624194757628
0.016271702340567382
0.01463537219248516
0.013409236797880718
0.01252003655301491
0.01198436250026847
0.011586183766391157
0.011158995697503107
0.01072216313403605
0.010248294620962687
0.009801651392088807
0.009602934131225422
0.009696324771296653
0.00992911785071588
0.010133693288817752
0.010136823208181255
0.010003807999381956
0.010098842396400999
0.010436287835946249
0.01057542366920511
0.010461469341446527
0.010452898233588326
0.01050032011119391
0.010295120205304258
0.009958403776001592
0.009766258808588958
0.00966068617648997
0.009510402712762626
0.00933982588629343
0.009147294391424244
0.008878599383750239
0.008517902289349665
0.008076300844067326
0.007633291625265631
0.007289072401263777
0.007001598389505309
0.006691751299079547
0.00641406008289892
0.006189686180448839
0.0059118456752502695
0.005560714809707983
0.005227163980293773
0.004932796198392566
0.004655813647348887
0.0043979006060888915
0.004124587329266425
0.003820077590472406
0.0035493954758924807
0.003330632898387127
0.0031103063957730217
0.002896317942244991
0.0027171829467486485
0.0025321027537875468
0.0023293326436686877
0.002154054652245028
0.0019944385683885713
0.0018168148616223847
0.00165280398413892
0.001520269756959394
0.0013867145730472657
0.0012582030630656133
0.0011614289451658249
0.0010735582216686817
9.761035359297582e-4
8.894615576435265e-4
8.13162052852901e-4
7.318735167925806e-4
6.591217992263385e-4
6.024763384976086e-4
5.451648203832146e-4
4.876776001059406e-4
4.413786705022119e-4
3.9885081068531626e-4
3.560554783160374e-4
3.2143882983877057e-4
2.908916805591295e-4
2.5731346040734225e-4
2.2784647525679407e-4
2.04837541515424e-4
1.8165781107272764e-4
1.6068874702612561e-4
1.4549955751987914e-4
1.3065635814119556e-4
1.1520847889619699e-4
1.0309984915233934e-4
9.156175159406539e-5
7.856136240906163e-5
6.807354994399382e-5
5.9744000429026195e-5
5.0729274561267644e-5
4.359621308784e-5
3.918311438630774e-5
3.3845677288445385e-5
2.8224624924701972e-5
2.4937472974236425e-5
2.1898719710982274e-5
1.7892704557699567e-5
1.5266366427359147e-5
1.3701645147330989e-5
1.1344191915972428e-5
9.37327951399622e-6
8.513763431316062e-6
