-1.0899010348343574e-6
-1.083230598394108e-6
-1.2606750008628166e-6
-1.4909032677975312e-6
-1.4703128432673313e-6
-1.5679467160016518e-6
-1.93730837875609e-6
-2.063313683025247e-6
-2.1204328771331025e-6
-2.577117326273156e-6
-2.888765035986375e-6
-2.91609567197693e-6
-3.4960733831556906e-6
-4.333583827180617e-6
-4.695232575248195e-6
-5.3118458878294145e-6
-6.325766229411831e-6
-6.706452266380452e-6
-7.104799129514323e-6
-8.390342380076858e-6
-9.20543803281688e-6
-9.363426306061934e-6
-1.0677432543805599e-5
-1.3087864457615312e-5
-1.59604821140917e-5
-1.95635804725829e-5
-2.18887189596873e-5
-2.236292685620498e-5
-2.5652234511289898e-5
-3.202917301516748e-5
-3.556163550920099e-5
-3.767747495485075e-5
-4.433603041273891e-5
-5.323641285998045e-5
-6.177151205965428e-5
-7.215075816175578e-5
-8.097488779478356e-5
-8.871012206219616e-5
-1.0771603694726573e-4
-1.3502116901958637e-4
-1.5085833279329517e-4
-1.570982915914614e-4
-1.6846241651608207e-4
-1.8002957853611702e-4
-1.9313034936177455e-4
-2.280297037870382e-4
-2.8017580642349273e-4
-3.2877014964772925e-4
-3.8088871459068216e-4
-4.448716511212149e-4
-5.092867305121681e-4
-5.758573791299313e-4
-6.40046192381144e-4
-6.775007228079135e-4
-7.191336373180471e-4
-8.316693352525086e-4
-9.928130225577794e-4
-0.0011276486007172886
-0.001233264568959074
-0.0013579305775559716
-0.0015523874618659987
-0.00182748371233024
-0.0020432164546107523
-0.002050090431585232
-0.002012378160310466
-0.002191540239393112
-0.0024952769786988835
-0.002759822422583099
-0.003128564363368926
-0.0036239044758103927
-0.003960472519892984
-0.00413932181194239
-0.0044474858948744984
-0.004883756054933866
-0.005369572650389409
-0.006051433503145985
-0.006830698601138773
-0.007458386789216941
-0.008148261033767593
-0.008998664956313731
-0.009452870272701188
-0.009443135164888001
-0.009770762414663431
-0.010557543535173304
-0.01109586086533089
-0.01143105323825496
-0.012075489711948884
-0.01259231521603294
-0.012386482475905068
-0.012002713250915106
-0.012199257930128386
-0.012914278569466215
-0.013944937307575551
-0.015347083671842529
-0.016791976337031556
-0.017663033776312734
-0.018005030566345264
-0.018562650535817446
-0.0195956791204079
-0.020298898998892916
-0.020023446157110547
-0.0194795796061345
-0.01977568850951777
-0.020930290517822612
-0.022275003501521392
-0.023443508982721985
-0.02432812850312282
-0.02495401012573736
-0.025451278341547732
-0.025832929345897267
-0.026625593108497894
-0.028956217704174555
-0.03233226656840681
-0.03436162783555152
-0.034559153783620566
-0.035106061394632244
-0.036583968963104604
-0.03732635449389638
-0.03715818239135716
-0.03740747450526479
-0.038414272065551945
-0.03996097880308386
-0.041576388975440796
-0.04207812595501011
-0.04225795537624649
-0.045117208476508054
-0.05005005780130743
-0.05267625957510982
-0.052614347467964936
-0.05354457016506285
-0.05559146683963334
-0.056248351599913496
-0.05663542263861215
-0.05916542693277689
-0.06256822225571607
-0.0643029947417085
-0.06411948797330627
-0.06356796362667524
-0.0647493736904444
-0.0682040777268845
-0.0714324782345376
-0.07246980751201033
-0.07262388273535521
-0.07283702047102851
-0.07241666056479766
-0.0724947010481604
-0.07409908743385964
-0.07469215402292613
-0.07329714733566213
-0.07378633907361351
-0.07771631060938201
-0.0813780363119779
-0.08259239734993595
-0.08259096490249843
-0.0823224569427327
-0.08351716926127695
-0.08838765715446999
-0.0938315134519592
-0.09374563621006804
-0.0891046669054337
-0.0869888490449838
-0.08977762163141718
-0.09338762725889069
-0.0949388433106507
-0.09584952563501889
-0.09796146429157275
-0.10006671649514477
-0.09927967161168601
-0.09550214404714262
-0.09229913585173863
-0.09222685051339805
-0.09447712420595408
-0.09764102703406974
-0.10059299322322561
-0.10168836495630845
-0.10142310239865215
-0.10278034123154194
-0.10561690697311232
-0.10604385982456652
-0.1032302635088932
-0.10021355859677793
-0.0980512974593928
-0.09596804228182493
-0.09525114545272981
-0.096894113761643
-0.09859561488256481
-0.09833424408889442
-0.09704538662573489
-0.09590365715609855
-0.09509377664367011
-0.0951179662267068
-0.0957037992513004
-0.09521473265266328
-0.09364866184756225
-0.0929875048511839
-0.09316076725947224
-0.09193750433777965
-0.08942706377597416
-0.08789519221996506
-0.08709724835793173
-0.0847026615705584
-0.08095655120046226
-0.07818666887398948
-0.07637332352700901
-0.07355274922518479
-0.06972499945403882
-0.0665821615333963
-0.0643140831696494
-0.06166996271518655
-0.05826368898404553
-0.054781955633834985
-0.051724905212325534
-0.04902455473958678
-0.0463016247190045
-0.04324488774141079
-0.0400838946222762
-0.037378591313286774
-0.03524668026515147
-0.03331053030840308
-0.03127786226305743
-0.02914215767185452
-0.027050450517908643
-0.025160795557771762
-0.023453274468232536
-0.021809405620946014
-0.020290524328717467
-0.018987484322501916
-0.017766795858264545
-0.01651925415531471
-0.01532373174737836
-0.014207806148942296
-0.013175016034556793
-0.012342458091204695
-0.011656673557163582
-0.010843971069544198
-0.009860056415512157
-0.008901011784312492
-0.008029568928622544
-0.007257369728337258
-0.006676260812110297
-0.006198224832129285
-0.0056319856303626145
-0.005063099816184846
-0.004668561622993423
-0.004368597024548641
-0.004052611852070535
-0.0037725026283217007
-0.0035146236777645456
-0.0031990173341531693
-0.0028904772755625244
-0.002667491761305216
-0.002461868034147303
-0.002228944775679699
-0.0020244509266279117
-0.0018600966389356816
-0.0017037159274292308
-0.0015628428062945134
-0.0014431135287992947
-0.0013282435887448922
-0.0012178646263809646
-0.0011071701561752854
-9.916024029814942e-4
-8.996747335469416e-4
-8.352706455417136e-4
-7.57142544748962e-4
-6.700475538906506e-4
-6.140885117131837e-4
-5.721948138693611e-4
-5.169477047823113e-4
-4.7488724954672704e-4
-4.521867186097416e-4
-4.131931156628672e-4
-3.6363536190744245e-4
-3.335459302702381e-4
-3.0889373297568506e-4
-2.729953750231351e-4
-2.4367486807300894e-4
-2.2479287791838274e-4
-2.0173246380749554e-4
-1.796846852171245e-4
-1.6487608630260075e-4
-1.4756168407541198e-4
-1.3019958141919803e-4
-1.2201600577619427e-4
-1.1464136192657586e-4
-1.0248021792816879e-4
-9.424433473038657e-5
-8.859145321692873e-5
-7.803749405017966e-5
-6.840289717118633e-5
-6.39702527522721e-5
-5.812084990200231e-5
-5.094267290712899e-5
-4.737770055607748e-5
-4.371794301639611e-5
-3.7479129964061246e-5
-3.33252071225443e-5
-3.09481603767075e-5
-2.6876362274654013e-5
-2.357288145147753e-5
