1.4469363376196839e-6
1.7073552825047039e-6
1.5474328394346202e-6
1.8831911046077065e-6
2.444530437288635e-6
2.3302037260683834e-6
2.532011688974228e-6
3.438341858817802e-6
3.585118873225076e-6
3.5808567860286674e-6
4.82257359888762e-6
5.596341000796801e-6
5.2971094570334e-6
6.330535731990807e-6
7.972015071420302e-6
8.12147254848308e-6
8.98242279170599e-6
1.132023439386239e-5
1.2246713260486788e-5
1.3338710590675059e-5
1.7108661329523807e-5
1.9728173114336286e-5
2.0239334535452563e-5
2.3254011173621908e-5
2.7338517439816368e-5
2.965128389912767e-5
3.4466440747609326e-5
4.122893457263186e-5
4.4323048877082234e-5
4.807850008474486e-5
5.618132765260397e-5
6.131291754632342e-5
6.518855306885673e-5
7.703980374793162e-5
9.005093145327217e-5
9.71336575101103e-5
1.0845204497789372e-4
1.253531742671713e-4
1.373681373826418e-4
1.48767653642359e-4
1.647225856851947e-4
1.7658439335001616e-4
1.8720934468339048e-4
2.0725560313471076e-4
2.318187747760327e-4
2.578530278695402e-4
2.871155929562817e-4
3.065712652723068e-4
3.150564238688946e-4
3.32555530685366e-4
3.6047964898396073e-4
3.951069215510987e-4
4.38109529877505e-4
4.533494455102446e-4
4.377156566019309e-4
4.8728654269702466e-4
6.066869617856803e-4
6.442468194513432e-4
6.035931667375347e-4
6.698582750867429e-4
8.211294637256505e-4
8.678337623893008e-4
8.309966941338724e-4
8.485701533589355e-4
9.341690155228355e-4
0.001087458101041609
0.001280885133323635
0.0013719108429831029
0.0013918860494372936
0.0015452355071776103
0.001726242830020532
0.0016858927691530737
0.0015756236652882895
0.001611211404396047
0.0016647332255019245
0.0017123220630320065
0.0019014855720636793
0.002052966319692343
0.0020295121593979226
0.002232031416769507
0.002865294047912961
0.00345172896350531
0.0036417692209272322
0.0036488794129573066
0.003761612789759293
0.004123632911080993
0.004688929985101154
0.005083679279057134
0.00510487973989268
0.005209043405874704
0.005843195556079729
0.0067848967821007725
0.00765558163157363
0.008411441728183566
0.009064082608424952
0.009646233907667778
0.010534273292087408
0.012060517451760918
0.013795664961410494
0.01507031240608229
0.016153645082005723
0.01769545757612378
0.019243515433216125
0.020138655507488633
0.021208390237085886
0.023168899377763424
0.024804077701455346
0.02539861001029219
0.02649014282652016
0.028898451575682334
0.03152524677218354
0.03426387451473774
0.037770690156749574
0.04075942916164658
0.042090926505546446
0.043635482790979244
0.04708997294930212
0.050959927387985327
0.053580781103524426
0.055887236629265764
0.05935082850326322
0.0635065533522555
0.06664240960968407
0.06828754029035838
0.0701117844784404
0.07344788450857778
0.07724639822037613
0.0800399262396895
0.08169692250357447
0.08225427056024776
0.08211850925061075
0.08292445020327097
0.08522772185119562
0.08793217250936197
0.09149471494642623
0.09680164979751797
0.10119673679077681
0.10161181838208462
0.09984428917004508
0.09990416367735563
0.10290152447986958
0.1067648924547886
0.1087179912865033
0.10891682101623983
0.11131239704069167
0.1170743534598076
0.12137226054960662
0.1220407195007916
0.12309742537131597
0.1249941611025413
0.12327149832542006
0.11932922858628307
0.11905457412218913
0.12152632897625443
0.12196509088703288
0.12195442220558385
0.12553393982532157
0.13017528182700744
0.13022075752292642
0.12566769048018553
0.12215981420367983
0.12336778731278077
0.12651250143199042
0.1269305357726393
0.12434369741904266
0.12090767116934595
0.1165409636226422
0.11105583830642267
0.10685647465564109
0.10528592277412942
0.10415991050843201
0.10109460124561999
0.09636554387598448
0.0921467154901539
0.08976835573058287
0.08748583965382964
0.08315968638377344
0.07865416742846378
0.07653161590068364
0.07462344155533097
0.07032944536939419
0.06580241664454216
0.06300454998545353
0.06012485285543201
0.05650080411868535
0.053688832522459026
0.05114224515314788
0.04755390476232959
0.044118876758726326
0.04183205539718924
0.03963568539396036
0.037029849501923444
0.0343977918975246
0.03173525006884452
0.0296378539098298
0.028572527637925123
0.027032782516373952
0.024121266668886258
0.021595666077914702
0.020213135291524333
0.018342988562627085
0.01600751603699137
0.015118152041468996
0.015390307084116999
0.014883807986572796
0.01360822845397951
0.012815327476138874
0.012501848712932006
0.01210609736570823
0.011788779989821791
0.011748072446332353
0.011791737126428429
0.011873746588818209
0.01196401516519675
0.011719616886043149
0.011086186261495037
0.010648730120609053
0.010760724354291555
0.010968859548906564
0.010812849928305428
0.01049195868020185
0.010301369861124681
0.010144149615180858
0.009908028348609347
0.00963424934617856
0.009260920741975395
0.008784003363352012
0.008434822480779676
0.008283903631897079
0.008102678616600757
0.007791468594033809
0.007457522584844446
0.00712914451890474
0.006779785516092208
0.006431058397465927
0.006065697876741408
0.005680862853279443
0.005358955762492141
0.00510303349530952
0.004816624698949927
0.004500696560373139
0.0042298081225280205
0.004005496429675482
0.003796587361582843
0.003588674211514194
0.0033602588514144863
0.0031274792885256477
0.0029308140208340124
0.002742577305758085
0.002524446049521451
0.002314791525507707
0.0021429002756120008
0.0019829814495781737
0.0018338642016230537
0.0017086768950075673
0.0015862314771003974
0.001459497996791268
0.0013424926665387953
0.0012237543030351498
0.0011038678416174688
0.0010117703262199128
9.373369905312266e-4
8.506056773159436e-4
7.677863432833531e-4
7.040043987301769e-4
6.363536251291797e-4
5.6493357198614e-4
5.125334454900909e-4
4.6888134020393765e-4
4.188321140968245e-4
3.761885033580512e-4
3.44659841898194e-4
3.1112947034684046e-4
2.781957395178163e-4
2.5088961689937676e-4
2.2284961873130743e-4
1.9705509621880705e-4
1.7879028359451556e-4
1.5960637497040124e-4
1.3797768803528235e-4
1.22912675372928e-4
1.1080335123465015e-4
9.517210304407776e-5
8.280277164896418e-5
7.56964470585894e-5
6.645374892560504e-5
5.671229644040432e-5
5.1139826044677883e-5
4.530893332166302e-5
3.771914562607573e-5
3.2904616893277206e-5
2.9402086151900508e-5
2.4346639917325472e-5
2.077289949010822e-5
1.901556936752605e-5
1.5803933019733713e-5
1.2620008212492174e-5
1.149794357173465e-5
1.0020173482600063e-5
7.749607709190434e-6
