-1.0336809894284747e-6
-1.291128244231049e-6
-1.4487611160463102e-6
-1.3706466110495131e-6
-1.6029640662473358e-6
-1.9286105437523714e-6
-1.8587066285192636e-6
-2.0380106910666646e-6
-2.658750652849864e-6
-2.8251028369366575e-6
-2.8371293132809975e-6
-3.46737548907052e-6
-3.946299102109163e-6
-4.139314643194642e-6
-5.086734288481151e-6
-6.047149767879629e-6
-6.298611141702636e-6
-7.448578067055595e-6
-9.330356500749769e-6
-9.976872720687896e-6
-1.0667740204632364e-5
-1.267618691394175e-5
-1.3931179334944128e-5
-1.5259329615573477e-5
-1.9057960344852666e-5
-2.2043912676231278e-5
-2.2874022021683805e-5
-2.6651040599891514e-5
-3.1741808394611525e-5
-3.246807148841615e-5
-3.489546088205702e-5
-4.458859159862898e-5
-5.304769444916092e-5
-5.731192506309357e-5
-6.530455116098803e-5
-7.530257727936705e-5
-8.314867306149777e-5
-9.516082193940363e-5
-1.0935102632363096e-4
-1.186701546533853e-4
-1.349804767868274e-4
-1.6531884903147885e-4
-1.9128041583622662e-4
-2.0741692981813797e-4
-2.2995366554732293e-4
-2.606417871939839e-4
-2.9723491315409423e-4
-3.494835449618717e-4
-4.1119059326643156e-4
-4.7260265769395694e-4
-5.463244523442616e-4
-6.270198371855237e-4
-6.913123927483615e-4
-7.479275728368254e-4
-8.023605724320653e-4
-8.517474611380518e-4
-9.612469393890716e-4
-0.0011499888333326013
-0.0012633250837847116
-0.0012526766981052
-0.0013595858962258348
-0.0016929138989307292
-0.0020035712874812064
-0.0021336381006249734
-0.002215862862727194
-0.0023561789503419475
-0.002564166796161621
-0.0028442250808416833
-0.0031109354680674017
-0.0033572871770938136
-0.0037961546862304543
-0.004422055277741836
-0.00493132564240947
-0.00533528624367558
-0.005860447068118549
-0.006373283120493212
-0.006770578779208352
-0.00729727552230543
-0.007863187795777849
-0.008131312816228772
-0.008329146590970291
-0.008770025192866023
-0.009323932632582452
-0.010167802765980649
-0.011457044141506107
-0.01233999685084368
-0.012459904924600529
-0.013078833295269826
-0.014560539118706821
-0.015463461637875176
-0.015615045258777644
-0.016366919482436886
-0.017644009803739553
-0.01871693195013458
-0.02028223988185131
-0.022346150379747576
-0.02328387199130919
-0.02307266249340464
-0.02335001568552441
-0.024214247442776445
-0.024977728799265173
-0.026088271143880366
-0.02749011177700374
-0.028458407297962264
-0.029568794383575986
-0.031022554591561453
-0.03129270865371488
-0.030605968319271364
-0.03122110672871492
-0.032952067377057734
-0.034129391567510575
-0.03546545034028653
-0.03736583545040514
-0.03791904424955954
-0.037673196206160574
-0.03955863218404041
-0.042563738305232
-0.04355239693830883
-0.04376119315081369
-0.045539905344485515
-0.04704481055083006
-0.04677389203754119
-0.0471240294572297
-0.04906958720609291
-0.050175881972492876
-0.049819167873721114
-0.050099381844858244
-0.05165239853106052
-0.05330256933188549
-0.05465426917326648
-0.05625437218557883
-0.0584497905335659
-0.06078738045028225
-0.06190486111330192
-0.06094355838528926
-0.05908194682475244
-0.05849820649061766
-0.06069381092268671
-0.06595573148469545
-0.07212111946929697
-0.07494770252560444
-0.07326306346473445
-0.07160967883260837
-0.07377008140653074
-0.07711311590848863
-0.07788079596686333
-0.07774378511216277
-0.07986473555977099
-0.08267455110421996
-0.08309460290207549
-0.08224920048482193
-0.08265364451283364
-0.08328359629592011
-0.08252781304928852
-0.08204054785070758
-0.08266635716728174
-0.08158451354296475
-0.07856624432630151
-0.07858558574738349
-0.08304113618606891
-0.08620961571107418
-0.08522855295896678
-0.08465276565827218
-0.08724224713566
-0.0898051437082227
-0.09057894119160416
-0.09148684695868874
-0.09275394724321111
-0.09327437388042321
-0.09424202357825269
-0.0964192582403704
-0.09793570433136801
-0.09814214324050434
-0.09826002312520278
-0.09793701427167437
-0.0968661241783212
-0.09726215414132708
-0.09985126661969737
-0.1020039882414907
-0.10269218042635804
-0.10346025703442323
-0.10404930892101483
-0.10296493220376221
-0.100816931298749
-0.09872391434488184
-0.09653989812618657
-0.09462815430665929
-0.09359618936390955
-0.09279359533497734
-0.09214782413408013
-0.09264541887233652
-0.093407340136302
-0.09239428268132718
-0.08973005505464982
-0.0866360367007276
-0.08363376260207443
-0.08206488186569987
-0.08295842539185354
-0.08396833117366612
-0.08241328635732348
-0.07955176463197858
-0.07738582600685094
-0.07500777715932401
-0.0715374032589341
-0.06819551870380602
-0.06567328536491797
-0.06334770523746126
-0.06093607888137314
-0.058278015353277784
-0.055098568538512485
-0.052006041211001046
-0.049562353685080954
-0.04706214064840915
-0.04415943120471101
-0.04171707787274322
-0.03988937555328224
-0.037844061199166494
-0.03547939000536086
-0.03321230722589105
-0.03095460269376961
-0.028709296521536507
-0.026755050320959286
-0.02489415889309807
-0.02295091333182767
-0.021354684987223982
-0.02020406686826495
-0.019017658543514733
-0.017730439587063176
-0.016548423578415454
-0.015274177879834837
-0.013906016192359524
-0.012884785335590588
-0.012156909008763761
-0.011260292665214009
-0.010301308159874461
-0.009624635384203547
-0.009038568948870857
-0.008295903857782859
-0.0075743560570157445
-0.006986745749264113
-0.0064074030716041045
-0.00586191251547968
-0.005437018644559653
-0.005012139253295158
-0.004506102753710657
-0.004056798867562013
-0.003750513725338972
-0.003493707289660857
-0.003208007118156404
-0.002926977523902572
-0.0027023624766016794
-0.0025180550799383393
-0.0023069285499975356
-0.0020497754261561874
-0.0018109746197395964
-0.0016368389055972535
-0.0015004943300985336
-0.0013775021082086398
-0.0012763136670486696
-0.001190822971994156
-0.001104884411951246
-0.0010185122284063438
-9.307211268971683e-4
-8.410463733440702e-4
-7.650054169716854e-4
-7.065719495513849e-4
-6.473768693013211e-4
-5.834282444632837e-4
-5.280282367720503e-4
-4.816563518820442e-4
-4.3751765982299106e-4
-3.9736645222948294e-4
-3.6105235588619204e-4
-3.248108692411322e-4
-2.915336462122907e-4
-2.639744343827097e-4
-2.3876415384368967e-4
-2.1483817993166166e-4
-1.9409520326107047e-4
-1.7633490736138142e-4
-1.613993016056957e-4
-1.4827626246460382e-4
-1.3376904955329395e-4
-1.1930326025527933e-4
-1.0932108277126092e-4
-1.0131259450125798e-4
-9.069010744317914e-5
-8.023163624870865e-5
-7.310713652579667e-5
-6.669508577342006e-5
-5.9561467938978115e-5
-5.340912607453668e-5
-4.8055884486396105e-5
-4.289705284718407e-5
-3.8883779494275036e-5
-3.551410225337458e-5
-3.176514579773311e-5
-2.8647993109150443e-5
-2.642465955775142e-5
-2.3792552264799777e-5
