4.2305009272226556e-7
5.147822739274612e-7
6.217144313228803e-7
7.457816101068209e-7
8.891123099763324e-7
1.0540426588986663e-6
1.2431333399284603e-6
1.4591866081008076e-6
1.7052636913435092e-6
1.9847063971226635e-6
2.3011550131745475e-6
2.658571485774699e-6
3.061263432045697e-6
3.5139067035896885e-6
4.0215734518126655e-6
4.58975861578514e-6
5.224408935089853e-6
5.9319551372234595e-6
6.719343023165867e-6
7.594069879020404e-6
8.564217068344686e-6
9.63849595830992e-6
1.0826278665409818e-5
1.2137651963275968e-5
1.358344942228346e-5
1.5175311958394688e-5
1.6925727460228345e-5
1.884808999880394e-5
2.0956753243898537e-5
2.32670820504544e-5
2.5795522665786176e-5
2.8559663586902728e-5
3.157829473190918e-5
3.487148881257523e-5
3.8460665336637e-5
4.236867127207081e-5
4.6619856853584724e-5
5.124016280029785e-5
5.625720748793546e-5
6.170036847132914e-5
6.760088743395944e-5
7.39919602200178e-5
8.090884437923894e-5
8.838895181591666e-5
9.647199204439507e-5
1.0520002308179286e-4
1.1461764503143928e-4
1.2477204984925796e-4
1.357132099594137e-4
1.4749397029109463e-4
1.6017018327140275e-4
1.7380085898321788e-4
1.8844830891703523e-4
2.0417830114222393e-4
2.2106014938843592e-4
2.3916697523267477e-4
2.5857576679689945e-4
2.7936761960137464e-4
3.0162783008417013e-4
3.2544610705994334e-4
3.5091681757015995e-4
3.7813895127042314e-4
4.072165858080534e-4
4.3825882725482163e-4
4.7138012298907344e-4
5.067004578485458e-4
5.443454780418854e-4
5.844466643604834e-4
6.27141744054879e-4
6.725746499504197e-4
7.20895713894312e-4
7.722621587915445e-4
8.268378395145483e-4
8.847939076768944e-4
9.463087515705759e-4
0.0010115683002067028
0.0010807659889889292
0.001154103360762842
0.0012317899419113983
0.0013140434382641825
0.0014010903526945795
0.0014931653293601451
0.0015905122148284052
0.0016933837539698513
0.0018020418466494993
0.0019167576048736029
0.0020378116446090433
0.0021654943328516464
0.0023001055890470366
0.0024419553219170464
0.002591362921229323
0.0027486586413201447
0.0029141821843251146
0.003088283929870855
0.003271323746377406
0.003463672438670226
0.0036657106907548084
0.0038778296720087947
0.00410043040388939
0.0043339248270211255
0.004578733772036452
0.004835288926431624
0.005104031794924646
0.005385412969030607
0.00567989265434227
0.005987941037412784
0.006310036595585956
0.006646665939085744
0.006998325876569868
0.007365519947722046
0.0077487586475187735
0.008148561638678544
0.008565453447797413
0.008999966030111765
0.009452637159388877
0.009924007799156956
0.010414625588092419
0.010925041080133212
0.01145580686006635
0.01200747835042687
0.012580614119446241
0.013175769914434901
0.013793504186894004
0.014434371248650045
0.015098924408882778
0.015787713991781457
0.016501285158205408
0.017240174477970573
0.018004916836298082
0.018796034219286127
0.019614040148380557
0.020459438227685433
0.021332716903864513
0.022234353552696786
0.0231648061451742
0.024124520137305993
0.025113916583417318
0.026133399998190643
0.027183349814550388
0.028264124041568764
0.02937605324856239
0.030519439928599908
0.03169455163377846
0.032901637031869296
0.034140898344933696
0.035412505670572705
0.036716594391638456
0.03805325616788093
0.039422542539489604
0.040824458654446255
0.04225896571178345
0.043725974915182736
0.04522534615296285
0.04675688924831114
0.0483203535247621
0.049915435555923496
0.05154176891721651
0.053198929501884686
0.0548864334447251
0.05660371783223007
0.05835015369850689
0.060125062652101637
0.06192766615188771
0.06375712861705508
0.06561253712046321
0.06749289742073253
0.06939713577043098
0.07132410262221657
0.07327255528159647
0.0752411804412388
0.07722857260433721
0.07923323927959218
0.08125359482434671
0.08328797997301718
0.08533462418729938
0.08739169510556812
0.08945723944668116
0.09152923854049703
0.09360555600735113
0.09568398368389718
0.09776222040869338
0.09983786672380277
0.10190843001628797
0.1039713410506848
0.10602392967510221
0.10806344443724751
0.11008704688287524
0.11209181315104433
0.11407474859385183
0.11603275401054873
0.11796267696837044
0.11986128107765742
0.12172527406043333
0.12355127138625832
0.12533585289109161
0.1270755196148987
0.1287667252430411
0.13040588038797396
0.13198936047368165
0.13351348960519108
0.134974568469299
0.136368880388278
0.1376926825733865
0.13894222478833787
0.14011378441580535
0.1412036146396055
0.14220798418826053
0.14312325693685699
0.14394571705829703
0.1446718184865163
0.14529803447852518
0.14582086978565922
0.14623697284649534
0.14654304589636874
0.14673594170603027
0.14681262483204702
0.14677017391110858
0.14660588127130011
0.14631715678379084
0.14590160750472247
0.14535707850355942
0.1446816028160896
0.1438734500139725
0.14293115760583783
0.1418535348442739
0.14063966085716798
0.13928896186343934
0.13780115634784634
0.13617630838453773
0.13441485754018112
0.1325176241851264
0.13048580337208704
0.12832102858424566
0.12602533570657165
0.12360121876658699
0.1210516221683107
0.1183799786527609
0.11559015815104172
0.11268655475487677
0.10967404891767837
0.10655802490335653
0.10334436932615924
0.10003948605587265
0.0966502581475638
0.09318409426111765
0.0896488731661171
0.08605294496835963
0.08240514823347904
0.07871473529967157
0.07499139605187356
0.07124518904885976
0.06748655178398388
0.06372620965599375
0.059975198526278674
0.05624476530093611
0.052546344499534714
0.04889149480187624
0.04529184655985747
0.041759041607693406
0.03830466452353607
0.0349401643198524
0.03167680885232463
0.0285255943216077
0.025497178218946072
0.022601813264532575
0.019849264293403116
0.017248748362705877
0.014808855644656437
0.012537494776852993
0.010441825455254499
0.008528201020192383
0.006802115488280759
0.005268173584054909
0.003930025912840447
0.002790362921680521
0.0018508773121997122
0.0011122605084794533
5.741879823790847e-4
2.3532705612034816e-4
9.33492093381361e-5
1.4495068903112044e-4
3.858828276133643e-4
8.109871440003972e-4
0.00141424267011971
0.0021888196741101642
0.00312713467289514
0.0042209174727416065
0.005461279242879053
0.006838783050463483
0.008343523848904705
0.009965195536445674
0.011693189934123771
0.013516653422041053
0.015424570372689747
0.017405848570419956
0.01944938477114092
0.021544128333396518
0.02367917000242606
0.025843786176624743
0.028027487134493476
0.030220109562814984
0.03241181986754608
0.034593182656802654
0.03675519570450596
0.03888931010917927
0.04098747164963573
0.04304212946175048
0.045046251380322665
0.04699336449105064
0.048877501972719076
0.05069327626134392
0.052435817512585255
0.05410081154564023
0.05568446624707498
0.05718350136861072
0.058595151237525574
0.05991713814662879
0.0611476448961139
0.06228531827739793
0.06332921528229692
0.064278826306096
0.0651339990395689
0.06589496405137815
0.06656226726571654
0.06713679218109474
0.06761969709119152
0.0680124080708646
0.06831660867332953
0.06853417737307364
0.06866721441468464
0.06871798779403163
0.06868892944066828
0.06858260042677602
0.06840168054980914
0.06814895794497733
0.0678273069810546
0.06743965163069211
0.06698898198523481
0.06647831851410378
0.06591071990155153
0.06528923923568263
0.06461694903334873
0.06389689324952846
0.06313210401816591
0.06232558898650054
0.061480309181252385
0.06059919205273953
0.059685104627374724
0.058740864545516594
0.0577692117527226
0.05677284110668805
0.05575435265641732
0.05471629125390492
0.05366111728642316
0.052591199018488986
0.05150883238260164
0.05041622949431261
0.04931551575300275
0.04820872696823498
0.04709781122819934
0.04598463257328603
0.04487096568753365
0.0437584970566526
0.04264883024610848
0.04154348038614489
0.040443877415869654
0.03935137142953513
0.03826722666991096
0.037192628408574444
0.03612868536598706
0.035076423550449036
0.03403680255885535
0.033010700353408744
0.03199892960912283
0.031002233697227502
0.030021285656091763
0.0290566980977645
0.02810901914999755
0.027178738869842945
0.02626628839257018
0.025372044654804436
0.0244963320540975
0.023639420924220635
0.02280154002180745
0.021982865881944785
0.021183534229011973
0.020403637497858465
0.019643233273807077
0.018902336694599765
0.0181809305211324
0.017478962510399293
0.016796352296944407
0.016132989542981955
0.015488735889489404
0.014863427694241057
0.01425687968444489
0.013668882574967053
0.013099209966819568
0.012547614003923933
0.012013833429745576
0.01149758950628365
0.010998589860930918
0.010516529931725206
0.010051097140905508
0.009601963946902764
0.009168798942143768
0.00875126066143044
0.008349003819838354
0.007961676423638826
0.007588922004983123
0.0072303823960549
0.0068856971715897325
0.006554503131066001
0.006236437640601828
0.005931138308192136
0.005638243406938944
0.005357392393587753
0.005088227525725691
0.004830393607930245
0.004583538007882932
0.0043473129130405675
0.004121374038483478
0.0039053821661114334
0.0036990023468782035
0.003501905454955033
0.003313767590597486
0.0031342715133211426
0.0029631051934306584
0.0027999631198104336
0.0026445465983779364
0.002496563544704737
0.0023557281823383086
0.002221762319942368
0.002094394144893657
0.0019733594066939707
0.0018584004036019067
0.00174926693141699
0.0016457159103779931
0.0015475109807164965
0.0014544233218726171
0.001366230943660132
0.0012827188850018502
0.0012036791510722073
0.001128910553970735
0.0010582188874683084
9.914162100132426e-4
9.283217297737158e-4
8.687606399784576e-4
8.125647455606822e-4
7.5957209495393e-4
7.096268359886848e-4
6.625789991993655e-4
6.182847219116783e-4
5.766055581770662e-4
5.374088340119149e-4
5.005672299854356e-4
4.659588375806215e-4
4.33466714093425e-4
4.029790806970426e-4
3.743888643720967e-4
3.475938111846072e-4
3.224961546880733e-4
2.9900261008146265e-4
2.77024090338665e-4
2.564756892792569e-4
2.3727643425592137e-4
2.193492713028516e-4
2.0262074627377854e-4
1.8702108498369694e-4
1.7248384111255785e-4
1.5894598285659645e-4
1.4634755467560334e-4
1.3463171963101926e-4
1.2374453857366043e-4
1.1363487379467419e-4
1.0425430307829305e-4
9.555696695272295e-5
8.749946636270251e-5
8.00407644252492e-5
7.314208388407116e-5
6.676678193788383e-5
6.088028901489444e-5
5.544998879851692e-5
5.044512496328504e-5
4.583672106059089e-5
4.159750624946777e-5
3.7701802855541025e-5
3.4125477822224634e-5
3.084583525034928e-5
2.7841577640078575e-5
2.509270784148558e-5
2.2580474954180217e-5
2.0287302322261742e-5
1.8196731628989658e-5
1.6293356822753024e-5
1.4562771569537095e-5
1.2991512464256145e-5
1.1567010117163576e-5
1.027753415146791e-5
9.112148035191458e-6
