-6.817647467591274e-6
-7.369278547326522e-6
-7.960106358863143e-6
-8.592536174159045e-6
-9.269103170772356e-6
-9.992479232778281e-6
-1.0765480115116664e-5
-1.1591072985521362e-5
-1.2472384358462907e-5
-1.3412708436098463e-5
-1.441551587110104e-5
-1.548446296679161e-5
-1.6623401330789802e-5
-1.7836387997893905e-5
-1.912769603989688e-5
-2.050182567865201e-5
-2.1963515921734055e-5
-2.351775673757852e-5
-2.5169801791452174e-5
-2.692518176020501e-5
-2.8789718247791356e-5
-3.076953832298852e-5
-3.287108970018925e-5
-3.5101156588154046e-5
-3.7466876228606006e-5
-3.99757561505971e-5
-4.263569216500849e-5
-4.5454987126006216e-5
-4.844237048543655e-5
-5.1607018669203853e-5
-5.495857630275897e-5
-5.850717831628851e-5
-6.226347295767936e-5
-6.623864574749726e-5
-7.044444440315302e-5
-7.489320476930536e-5
-7.959787778343142e-5
-8.457205751341064e-5
-8.983001030065685e-5
-9.538670504316225e-5
-1.0125784465609558e-4
-1.074598987448246e-4
-1.1401013753077156e-4
-1.2092666706264977e-4
-1.2822846575751579e-4
-1.3593542230648005e-4
-1.4406837498677404e-4
-1.526491524210499e-4
-1.6170061581996205e-4
-1.712467027588428e-4
-1.8131247251683983e-4
-1.9192415303362245e-4
-2.031091895158752e-4
-2.1489629474615547e-4
-2.2731550112335021e-4
-2.4039821449476308e-4
-2.541772698119134e-4
-2.686869886513316e-4
-2.83963238660776e-4
-3.000434949523331e-4
-3.169669035038731e-4
-3.3477434660528476e-4
-3.5350851039048985e-4
-3.732139545085186e-4
-3.9393718396314823e-4
-4.157267231776865e-4
-4.386331923178649e-4
-4.6270938591829667e-4
-4.8801035385724145e-4
-5.14593484709786e-4
-5.425185915391042e-4
-5.71848000139182e-4
-6.026466397933678e-4
-6.349821365678905e-4
-6.689249091861358e-4
-7.045482675110211e-4
-7.419285136905389e-4
-7.811450459564751e-4
-8.222804651623606e-4
-8.654206840482064e-4
-9.106550392711632e-4
-9.580764062434184e-4
-0.0010077813167804611
-0.0010598700795892803
-0.0011144469036275314
-0.0011716200243391017
-0.0012315018327757842
-0.001294209007633672
-0.0013598626502219293
-0.0014285884223245162
-0.0015005166870141029
-0.0015757826524049493
-0.0016545265183099862
-0.0017368936258372616
-0.0018230346099157861
-0.0019131055546857524
-0.002007268151826159
-0.002105689861695228
-0.0022085440773676832
-0.0023160102914592563
-0.0024282742657306643
-0.0025455282034320525
-0.0026679709243924298
-0.0027958080427050802
-0.002929252147059928
-0.0030685229836025295
-0.0032138476413030716
-0.0033654607396746607
-0.0035236046189490848
-0.003688529532365241
-0.003860493840777946
-0.004039764209219028
-0.004226615805564679
-0.004421332500939002
-0.004624207072013508
-0.00483554140485046
-0.005055646700301516
-0.005284843680720088
-0.005523462798025215
-0.005771844442662701
-0.006030339153669702
-0.00629930782925739
-0.006579121938135297
-0.006870163731144656
-0.007172826452928184
-0.007487514553740333
-0.007814643900783323
-0.008154641989188947
-0.00850794815209258
-0.008875013769711363
-0.009256302477161213
-0.009652290370584416
-0.010063466211364796
-0.010490331628157505
-0.010933401316271914
-0.011393203234118012
-0.011870278796368936
-0.012365183063268698
-0.012878484925923568
-0.01341076728688564
-0.013962627235741914
-0.014534676219143597
-0.015127540204650928
-0.015741859837880984
-0.016378290592753746
-0.017037502913534553
-0.017720182348378525
-0.018427029674051063
-0.019158761010301343
-0.019916107923668037
-0.020699817519940183
-0.021510652523919496
-0.022349391346133105
-0.02321682813501687
-0.024113772813901715
-0.02504105110149308
-0.025999504514880964
-0.026989990353377458
-0.028013381662319554
-0.029070567175490666
-0.03016245123403991
-0.0312899536810143
-0.03245400972938389
-0.03365556980182993
-0.03489559934056864
-0.036175078584780286
-0.03749500231403346
-0.038856379554957146
-0.04026023324829623
-0.04170759987534773
-0.04319952903877437
-0.04473708299667264
-0.04632133614539676
-0.04795337444957234
-0.04963429481261646
-0.05136520438844039
-0.05314721982517694
-0.05498146644182158
-0.056869077328863094
-0.05881119237054878
-0.06080895718421305
-0.062863521968734
-0.06497604025838173
-0.06714766757633638
-0.0693795599805321
-0.07167287249431749
-0.07402875741754081
-0.07644836250874616
-0.07893282902962033
-0.08148328964780484
-0.0841008661831896
-0.08678666719579471
-0.08954178539914785
-0.09236729489547879
-0.09526424821704998
-0.09823367316900597
-0.10127656945685376
-0.10439390509284739
-0.10758661256580966
-0.1108555847657889
-0.1142016706495389
-0.11762567063570378
-0.1211283317170179
-0.12471034227967838
-0.12837232661269238
-0.13211483910296803
-0.13593835809758456
-0.13984327942593175
-0.1438299095704395
-0.14789845847867925
-0.15204903200281705
-0.1562816239661081
-0.16059610784579073
-0.16499222807040964
-0.16946959093079342
-0.1740276551061475
-0.17866572180468174
-0.18338292453136823
-0.18817821849391408
-0.193050369657431
-0.19799794347213082
-0.20301929329909435
-0.2081125485663994
-0.21327560269275567
-0.2185061008220826
-0.22380142742972414
-0.22915869385258025
-0.23457472582462446
-0.24004605108871038
-0.2455688871858519
-0.2511391295133336
-0.2567523397811188
-0.26240373497045577
-0.26808817695750764
-0.2738001629284279
-0.27953381676590383
-0.2852828815690034
-0.2910407134959643
-0.29680027712998724
-0.3025541425645976
-0.3082944844268317
-0.31401308305789366
-0.31970132807342666
-0.32535022452861884
-0.3309504019116435
-0.3364921261833759
-0.3419653150680909
-0.34735955680186836
-0.35266413249895007
-0.35786804230350394
-0.36296003544316957
-0.3679286442754692
-0.3727622223777876
-0.3774489866809102
-0.3819770636035455
-0.386334539072618
-0.390509512272033
-0.3944901528891181
-0.398264761546596
-0.4018218330678758
-0.4051501221224971
-0.40823871075231577
-0.411077077199505
-0.41365516539730873
-0.4159634544399337
-0.4179930272763701
-0.4197356378759443
-0.42118377602962354
-0.42233072900895474
-0.42317063923264303
-0.42369855717672567
-0.42391048873971654
-0.42380343636459117
-0.423375433263792
-0.4226255701760565
-0.42155401418077837
-0.42016201919658097
-0.4184519279242575
-0.4164271650720918
-0.41409222189444206
-0.41145263214182753
-0.4085149396836166
-0.40528665817676235
-0.4017762232827516
-0.3979929380042055
-0.3939469118555911
-0.38964899462806113
-0.3851107055756991
-0.380344158899441
-0.3753619864520836
-0.37017725855439904
-0.36480340384989735
-0.35925412908259374
-0.35354333963853324
-0.3476850616633825
-0.34169336647581494
-0.3355822979557932
-0.3293658034854522
-0.3230576689444604
-0.3166714581831768
-0.3102204572957694
-0.3037176239379185
-0.2971755418542196
-0.29060638069040695
-0.2840218611071915
-0.2774332251305
-0.27085121162403264
-0.264286036717872
-0.25774737897389083
-0.25124436903629677
-0.24478558349726945
-0.23837904266589616
-0.23203221192564907
-0.22575200636052126
-0.21954479831265555
-0.21341642755033444
-0.2073722137207151
-0.20141697077668894
-0.19555502308357983
-0.18979022291070158
-0.18412596905234033
-0.17856522632373878
-0.17311054570114146
-0.16776408490059738
-0.16252762920215524
-0.1574026123487178
-0.15239013736886667
-0.14749099719024894
-0.1427056949245911
-0.1380344637317027
-0.13347728616809026
-0.1290339129601953
-0.12470388113921801
-0.12048653149481857
-0.11638102531534798
-0.11238636038528953
-0.10850138623227362
-0.10472481860825256
-0.10105525320747605
-0.09749117862746876
-0.09403098857698382
-0.0906729933504222
-0.08741543058425041
-0.08425647531398894
-0.08119424935557584
-0.07822683003688581
-0.07535225830152244
-0.07256854621567564
-0.06987368390135301
-0.06726564592716189
-0.06474239717991213
-0.0623018982502587
-0.05994211035272619
-0.05766099981227093
-0.05545654213924889
-0.053326725721175985
-0.051269555152438036
-0.04928305422706698
-0.047365268617216946
-0.04551426825788485
-0.0437281494580597
-0.042005036759920705
-0.04034308456116777
-0.038740478521258476
-0.0371954367662067
-0.035706210908005395
-0.03427108689295182
-0.03288838569407689
-0.031556463858714585
-0.03027371392487482
-0.029038564716553337
-0.027849481530011034
-0.02670496621929752
-0.025603557191314397
-0.02454382931898276
-0.0235243937797956
-0.022543897827503757
-0.021601024504198048
-0.020694492298273016
-0.019823054755075564
-0.01898550004492029
-0.01818065049371899
-0.017407362081023475
-0.016664523909447348
-0.015951057649667106
-0.015265916964063549
-0.014608086913026539
-0.013976583346314405
-0.013370452282395369
-0.012788769278565235
-0.01223063879372072
-0.011695193546159027
-0.011181593868155803
-0.010689027059144197
-0.01021670673893662
-0.009763872202659639
-0.009329787778221228
-0.008913742188001119
-0.008515047915244963
-0.008133040576571913
-0.007767078301060121
-0.00741654111674498
-0.007080830345209169
-0.0067593680048612945
-0.006451596223211226
-0.0061569766587359345
-0.005874989932663159
-0.005605135070872395
-0.0053469289563670966
-0.0050999057923543185
-0.004863616576144043
-0.004637628584051223
-0.004421524867396656
-0.004214903759541351
-0.004017378394148122
-0.003828576234620848
-0.0036481386146486544
-0.0034757202899187655
-0.0033109890008314537
-0.0031536250462423612
-0.003003320868116745
-0.002859780646913408
-0.002722719907702524
-0.002591865136794264
-0.0024669534088113273
-0.0023477320240088482
-0.00223395815569316
-0.0021253985076275074
-0.002021828981201505
-0.001923034352211349
-0.0018288079571042028
-0.0017389513884740622
-0.0016532741996345018
-0.0015715936181138613
-0.0014937342678357315
-0.0014195278998567877
-0.0013488131314338728
-0.0012814351932676936
-0.001217245684682594
-0.001156102336640356
-0.0010978687823020908
-0.0010424143350546368
-9.896137737334433e-4
-9.393471349219676e-4
-8.914995121066912e-4
-8.459608615289573e-4
-8.026258145722203e-4
-7.613934964641301e-4
-7.221673511803262e-4
-6.848549723307535e-4
-6.493679398995204e-4
-6.156216626525372e-4
-5.835352260526928e-4
-5.530312455427622e-4
-5.240357250167234e-4
-4.964779203420533e-4
-4.702902077796695e-4
-4.4540795715313235e-4
-4.2176940962595035e-4
-3.9931555994218585e-4
-3.779900429955413e-4
-3.577390245958663e-4
-3.3851109629006544e-4
-3.20257174120678e-4
-3.0293040118617415e-4
-2.864860538934163e-4
-2.708814517594279e-4
-2.5607587067596967e-4
-2.4203045949246595e-4
-2.2870815982983434e-4
-2.160736289984703e-4
-2.0409316592989157e-4
-1.9273464000749314e-4
-1.81967422704584e-4
-1.7176232192383094e-4
-1.620915189529049e-4
-1.5292850793674663e-4
-1.4424803778029504e-4
-1.360260563931436e-4
-1.282396571933385e-4
-1.2086702778709052e-4
-1.1388740074489108e-4
-1.0728100639715465e-4
-1.0102902757457676e-4
-9.511355622219852e-5
-8.951755181286739e-5
-8.422480149751312e-5
-7.921988192269331e-5
-7.448812265441415e-5
-7.001557114424377e-5
-6.578895918173424e-5
-6.179567077354261e-5
-5.802371139569196e-5
-5.44616785644241e-5
-5.10987336769878e-5
-4.792457507094264e-5
-4.4929412256506564e-5
-4.210394127500501e-5
-3.9439321142381676e-5
-3.6927151333972345e-5
