1.0091645475762342e-6
1.180968388861698e-6
1.3798884924939306e-6
1.609838375519026e-6
1.8752298228834647e-6
2.1810297229772016e-6
2.532821811315944e-6
2.936862858016617e-6
3.4001459869451355e-6
3.930477400688546e-6
4.536543806806221e-6
5.227979085003786e-6
6.0154498107474686e-6
6.9107298964830085e-6
7.92676451000992e-6
9.07774739058655e-6
1.0379195914775761e-5
1.1847991498710554e-5
1.3502433011329655e-5
1.5362274803141305e-5
1.7448734298187504e-5
1.978446433102421e-5
2.2393524240397963e-5
2.53012965181322e-5
2.8534325726903124e-5
3.212015338174602e-5
3.608705724051242e-5
4.046368763400696e-5
4.527864197693567e-5
5.055993456073441e-5
5.6334324176947276e-5
6.26264562050923e-5
6.945796608984194e-5
7.68463060928304e-5
8.480339267266728e-5
9.333411166224962e-5
1.0243458989718138e-4
1.1209020704893093e-4
1.222734521084212e-4
1.3294165817653514e-4
1.4403442314095015e-4
1.5547107085083964e-4
1.6714802505650314e-4
1.7893635791824147e-4
1.9067939207268066e-4
2.0219095328354866e-4
2.132540729491885e-4
2.2362073077366953e-4
2.3301280565408497e-4
2.4112470768150853e-4
2.476280485940862e-4
2.5217863502449315e-4
2.5442671692705275e-4
2.540303198391354e-4
2.506720973491031e-4
2.4408038595178733e-4
2.3405387933197897e-4
2.2048987294011574e-4
2.0341548505381848e-4
1.8302144876405514e-4
1.5969639083589798e-4
1.340608400393231e-4
1.069985960940658e-4
7.968434422781481e-5
5.360410163634081e-5
3.056866198707789e-5
1.2717074925733593e-5
2.510396450751174e-6
2.714869877355596e-6
1.6375676731640227e-5
4.6782098055969716e-5
9.74261972443237e-5
1.7195718981327115e-4
2.741338491811172e-4
4.077772037064819e-4
5.767268452753351e-4
7.848003454199691e-4
0.0010357589208201325
0.0013332797448457495
0.00168093376584995
0.002082171009812786
0.0025403092270535567
0.0030585298816007233
0.0036398756067142946
0.004287250615801287
0.0050034231886156725
0.005791028458800727
0.006652571277292239
0.007590427778840204
0.008606846957920564
0.009703949458840877
0.010883724138348823
0.0121480269390664
0.013498571925946362
0.014936924933710235
0.01646449545419031
0.018082523865687296
0.019792071058100366
0.02159400734754817
0.023488989825396094
0.025477463083176742
0.027559629697816734
0.029735441256773628
0.03200458507226407
0.034366465332487384
0.03682018917464977
0.039364551187562775
0.04199802023089472
0.04471872907307564
0.04752445682624871
0.050412617090353634
0.0533802606484143
0.056424045686929644
0.059540247300831566
0.06272475351940632
0.06597303858364936
0.06928019078622605
0.0726408917518394
0.07604942170584802
0.07949967410045326
0.0829851459288966
0.0864989480810172
0.09003383603987974
0.0935821887161271
0.09713604676663563
0.10068713795023294
0.10422684173552578
0.10774629331684014
0.11123633387820503
0.11468757000793872
0.11809039813676442
0.12143502983262176
0.12471152490330671
0.1279098083008948
0.1310197345400605
0.13403108418007173
0.13693363825171523
0.13971719805078542
0.1423716024705288
0.14488681902841113
0.14725292721482924
0.14946019537507302
0.1514991099621146
0.15336041099210185
0.15503514181314676
0.15651468937240962
0.15779081187489755
0.15885568660442306
0.15970195570500575
0.1603227480062295
0.16071173390156118
0.16086315813400007
0.16077185512534775
0.16043332171269653
0.15984371170298683
0.15899992338692387
0.15789955484926232
0.15654101259213793
0.1549235034801831
0.15304708211275178
0.15091266430400174
0.14852210376956293
0.14587819184661313
0.1429846709748702
0.1398463349517959
0.13646902997861995
0.1328596901204454
0.12902640530291032
0.12497842633771954
0.12072627781484972
0.11628173687023732
0.11165791157982473
0.10686931854129203
0.10193190361070648
0.09686306726559588
0.09168174993878542
0.08640845075734876
0.08106522586375842
0.07567568644542075
0.07026499736852837
0.0648598183587347
0.05948817459863756
0.05417933065512175
0.04896360878248415
0.04387208015044916
0.03893626906644558
0.034187715182587654
0.02965748549576029
0.02537561496498847
0.021370469885215234
0.01766805899148679
0.014291331993245927
0.011259449130697154
0.008587115471001753
0.006283966480105781
0.004354083102821129
0.0027956598176879423
0.0016008626513008724
7.559065451332032e-4
2.413550408097317e-4
3.2647932039734983e-5
1.0082923672058213e-4
4.134422721073839e-4
9.355425188610784e-4
0.001630774437443793
0.0024624470913248726
0.0033945607455497678
0.004392719755234659
0.005424923901658515
0.006462168498083195
0.007478887507412377
0.008453213485085327
0.009367072717119692
0.010206132745233118
0.010959649543526108
0.011620197007850162
0.012183355411767993
0.01264734799565166
0.013012663323880706
0.013281674413149392
0.013458283029150914
0.013547573334291666
0.013555510815559495
0.013488664259976484
0.013353977654798914
0.013158565148625529
0.012909542272775718
0.012613900345157048
0.012278391916457894
0.01190945996974553
0.011513171079238915
0.011095179455784551
0.010660702428472045
0.010214509175267098
0.009760919216678168
0.009303807010429346
0.008846621259479107
0.008392396216207701
0.007943777356699173
0.00750304533374078
0.007072138512499336
0.006652680294090931
0.006246006990456686
0.005853190621658057
0.0054750651881203625
0.005112250881237749
0.004765176851233031
0.004434102454937701
0.004119138025932936
0.0038202634214362947
0.0035373456606059167
0.003270154902130101
0.0030183795683952344
0.0027816391588659606
0.002559497015044333
0.0023514709714626235
0.002157043017645832
0.0019756687328583824
0.0018067843876697432
0.0016498140631972088
0.0015041759643814494
0.0013692871909417208
0.0012445686015466278
0.001129448645649418
0.0010233661482541
9.257740006478306e-4
8.361405493260981e-4
7.539514568354952e-4
6.787118318497986e-4
6.099464887741198e-4
5.472010983994933e-4
4.90042584330679e-4
4.3805951369846536e-4
3.9086191535671577e-4
3.4808122656869103e-4
3.093702151867589e-4
2.744022254999367e-4
2.4287091625068083e-4
2.1448960395338565e-4
1.8899058378764362e-4
1.661242955012535e-4
1.4565879497183297e-4
1.2737877337513432e-4
1.1108478607824963e-4
9.659245689620461e-5
8.37316874162112e-5
7.234576214237184e-5
6.229058540556395e-5
5.343395048908299e-5
4.5654674605581216e-5
3.8841905406232955e-5
3.289442868517127e-5
2.7719951987362645e-5
2.3234435160211354e-5
1.9361509867194495e-5
1.6031866840673846e-5
1.3182686451906355e-5
1.0757133778430691e-5
8.70386886284801e-6
6.976579819283725e-6
