-9.853828219967866e-7
-8.310740202797024e-7
-1.127566349065279e-6
-1.4189595680383907e-6
-1.2971382112128302e-6
-1.4997262167255104e-6
-1.8575815953464162e-6
-1.6796458427068698e-6
-1.84892540393931e-6
-2.639385217010754e-6
-2.7563051915045717e-6
-2.7170362536812276e-6
-3.638181073380636e-6
-4.06231354020246e-6
-3.603120306027176e-6
-4.323652891312239e-6
-5.7257292369194245e-6
-6.189670663955574e-6
-7.061927813432848e-6
-8.541129580972327e-6
-8.995265015086471e-6
-1.007375295903303e-5
-1.2659209804934277e-5
-1.3626264990269648e-5
-1.3820580415669936e-5
-1.670468605397211e-5
-1.9627637197830145e-5
-2.0672473898283636e-5
-2.3505855967127913e-5
-2.7198269669194042e-5
-2.934461643750053e-5
-3.419800652969291e-5
-3.994071699999997e-5
-3.94866375304137e-5
-4.1391811295930404e-5
-5.6186886682116335e-5
-7.295584021613547e-5
-8.424186832151198e-5
-1.02540370930385e-4
-1.2875201705260308e-4
-1.4824300998032402e-4
-1.6132278807079716e-4
-1.7774489799850064e-4
-1.9810420471096292e-4
-2.2136171854636482e-4
-2.480778975967851e-4
-2.818491070653453e-4
-3.296061204478551e-4
-3.7358343771128186e-4
-3.867180715262201e-4
-4.038324066780401e-4
-4.774093096532821e-4
-5.658447623649296e-4
-6.135798981838438e-4
-6.804477045030954e-4
-8.248061043449516e-4
-9.83414369643827e-4
-0.0011054142636094807
-0.0012354807657509693
-0.00139666054966251
-0.0015648955280787428
-0.0017393082007586078
-0.001909785725514193
-0.0020460785206126986
-0.002165994019542929
-0.0023087025920753286
-0.0024907691479648638
-0.0027526091070723523
-0.0031238750397693444
-0.003542788366055843
-0.003924919752086367
-0.004236273017734754
-0.004471222906531694
-0.004690009628891772
-0.0049996791730589464
-0.005400926725663485
-0.005828701049428299
-0.006308610636385904
-0.006842211786098379
-0.007348826038957955
-0.00790718900775212
-0.008647372883369898
-0.009342037346827163
-0.009683663445887272
-0.009896146930093929
-0.010433514676508064
-0.011269938881671474
-0.012058591221500528
-0.012666244701386921
-0.01311571138884778
-0.01344002214981119
-0.013857144551125048
-0.014546810535099092
-0.015203469390099133
-0.015487833855105722
-0.01575021535602498
-0.016503573492486795
-0.017588222759105755
-0.018651801625760706
-0.019698169598844253
-0.020519622423321643
-0.020753432386132833
-0.02086631076527005
-0.021667984663414627
-0.02294248932312922
-0.023946180308453968
-0.02463331931374725
-0.025307132258786145
-0.025929025065114762
-0.026256906069285345
-0.02620798595553625
-0.026500689587855338
-0.028367168081041706
-0.03141619694094997
-0.033763935310554986
-0.035494248126812025
-0.03828033531834507
-0.04125001380787152
-0.04234732257717983
-0.042537285020776805
-0.04342463216004879
-0.04422065503983274
-0.04494735463386363
-0.0469714130455961
-0.04920830239104834
-0.05050525629165388
-0.05316722528900982
-0.057906748418095226
-0.06151812294879639
-0.06342207118939591
-0.06599101574789491
-0.06842073297762978
-0.06919414940401432
-0.07042603953523457
-0.07283567247143483
-0.07377059148293627
-0.07314738300663946
-0.0727966182687707
-0.07187856499727993
-0.07044741241864277
-0.07152373400042877
-0.07523663513010742
-0.07875639664392987
-0.08187585460372283
-0.0853453707859214
-0.08798910585452752
-0.09005522691846057
-0.09292766444031049
-0.09533541611518213
-0.09637257661627374
-0.09820509843370959
-0.10132768520715023
-0.10367599754312341
-0.10516099380944247
-0.10633420385781017
-0.10598440226259508
-0.10508965344576648
-0.10668157954274514
-0.10978880996969986
-0.11124905562837693
-0.11220745098754915
-0.1152096337831468
-0.11822391658484686
-0.11797478208254354
-0.11568762762419176
-0.11485570588835993
-0.11585378125911064
-0.11645027865165361
-0.11657162764656258
-0.11834696678148662
-0.12096602000109596
-0.12106443017503847
-0.11932214419090599
-0.11966914508219198
-0.12172366990348721
-0.12215342775184924
-0.12186014575837288
-0.12346540155835378
-0.12532879348277123
-0.12516574848282927
-0.12432546215110711
-0.1237146439050239
-0.12176116785971634
-0.11885650511984627
-0.1176475341167343
-0.1182928864255825
-0.11849495771276058
-0.11761099003875222
-0.11683552243541542
-0.11637121479351238
-0.11556207455940987
-0.11494292731985568
-0.11523912056025243
-0.11499420631760313
-0.11239034731660764
-0.1087269665743392
-0.10651621138222168
-0.10530331761514936
-0.10305661230092795
-0.09981249422753817
-0.09670818838444441
-0.0937652868361773
-0.09063446062009975
-0.08709576435237537
-0.08256511131251743
-0.07727814388792018
-0.07271034969016131
-0.06939801663473533
-0.06645504023693379
-0.06354746491047741
-0.06094224072912447
-0.058141851131650366
-0.05448548946659584
-0.050324994307202255
-0.046585603665359056
-0.04378459619161777
-0.041556872589046
-0.03903023614856267
-0.036044620800290264
-0.03332506895405437
-0.03107569610845279
-0.02879651772101779
-0.02657953945856282
-0.024930486936142037
-0.023652920514884688
-0.022283576010230014
-0.02085811849425774
-0.019466873660961413
-0.018028615481103325
-0.016653603316623352
-0.015421776396457159
-0.014161413176467392
-0.012853153384055602
-0.011659663385414035
-0.01059666936244952
-0.009677584467081302
-0.008991357426344786
-0.008418172341585473
-0.007784628213358225
-0.007179445740202951
-0.006694294719916836
-0.006225127416950255
-0.005734513167684759
-0.005280688875301541
-0.00483587724870231
-0.004398740514665803
-0.004053195919500469
-0.0037770116569881347
-0.0034743772007331986
-0.003158078032652652
-0.002885128016290077
-0.0026516526087199048
-0.0024393739585364576
-0.00223224763140929
-0.002020302550819334
-0.001839978652154196
-0.0017122409288373142
-0.0015877254891848206
-0.0014428498105880946
-0.0013129220838640815
-0.0012012799732759852
-0.0010877344388908455
-9.86225442394156e-4
-9.031968481166789e-4
-8.224215496177327e-4
-7.506286980734751e-4
-6.938851465530071e-4
-6.333257102329731e-4
-5.709003308017642e-4
-5.23343123372846e-4
-4.792092989728399e-4
-4.3034239093426896e-4
-3.9257853116076775e-4
-3.6273047539909e-4
-3.253257890843418e-4
-2.9020216239358755e-4
-2.6650395728535295e-4
-2.4332657355359652e-4
-2.1996862392911098e-4
-2.0279529781057587e-4
-1.8397557967274073e-4
-1.6177682818328373e-4
-1.46791329947518e-4
-1.3642337169807268e-4
-1.2245337961172098e-4
-1.0972886014821766e-4
-1.0080823475681422e-4
-9.034349832579126e-5
-8.041558855922473e-5
-7.414330740698237e-5
-6.687220307589629e-5
-5.857088387142176e-5
-5.3404473805082766e-5
-4.848687190165892e-5
-4.193275567848965e-5
-3.794244619284399e-5
-3.5614688843914426e-5
-3.12132396680303e-5
-2.741684227598458e-5
-2.587056512602549e-5
