0.0750000000	1.1006486117
0.0754013378	1.0886766551
0.0758026756	1.0901690616
0.0762040134	1.0634210682
0.0766053512	1.0492368611
0.0770066890	1.0585925405
0.0774080268	1.0530142697
0.0778093645	1.0527923264
0.0782107023	1.0645576379
0.0786120401	1.0558089651
0.0790133779	1.0460849195
0.0794147157	1.0577695721
0.0798160535	1.0617873699
0.0802173913	1.0537861714
0.0806187291	1.0539182976
0.0810200669	1.0504958003
0.0814214047	1.0405455918
0.0818227425	1.0464731564
0.0822240803	1.0522517444
0.0826254181	1.0489863921
0.0830267559	1.0547717407
0.0834280936	1.0626967557
0.0838294314	1.0583005586
0.0842307692	1.0634087742
0.0846321070	1.0798323590
0.0850334448	1.0926278782
0.0854347826	1.1059530409
0.0858361204	1.1146103183
0.0862374582	1.1081354880
0.0866387960	1.1043664273
0.0870401338	1.1102004484
0.0874414716	1.1068624018
0.0878428094	1.0975332727
0.0882441472	1.0959555000
0.0886454849	1.0942816516
0.0890468227	1.0921891994
0.0894481605	1.0972374638
0.0898494983	1.0989066763
0.0902508361	1.0943812552
0.0906521739	1.0961194221
0.0910535117	1.1015906772
0.0914548495	1.1075212230
0.0918561873	1.1200228045
0.0922575251	1.1277228025
0.0926588629	1.1207544240
0.0930602007	1.1127220800
0.0934615385	1.1077224853
0.0938628763	1.1007058132
0.0942642140	1.1002566529
0.0946655518	1.1048198708
0.0950668896	1.1033060362
0.0954682274	1.1039850465
0.0958695652	1.1138462051
0.0962709030	1.1216650839
0.0966722408	1.1214783889
0.0970735786	1.1197289155
0.0974749164	1.1143540531
0.0978762542	1.1053376130
0.0982775920	1.0985445401
0.0986789298	1.0894362054
0.0990802676	1.0791885348
0.0994816054	1.0833691921
0.0998829431	1.1108989111
0.1002842809	1.0845231429
0.1006856187	1.0826002218
0.1010869565	1.0845808926
0.1014882943	1.0827468850
0.1018896321	1.0857125424
0.1022909699	1.0953432673
0.1026923077	1.0983078847
0.1030936455	1.1025503349
0.1034949833	1.1162362961
0.1038963211	1.1184457918
0.1042976589	1.1266027765
0.1046989967	1.2456953814
0.1051003344	1.1164175121
0.1055016722	1.1025726412
0.1059030100	1.0887057502
0.1063043478	1.0924873202
0.1067056856	1.1112934001
0.1071070234	1.1273141235
0.1075083612	1.1420229159
0.1079096990	1.1765024061
0.1083110368	1.1569129996
0.1087123746	1.1602032367
0.1091137124	1.1704325085
0.1095150502	1.1682247516
0.1099163880	1.1580106725
0.1103177258	1.0877500691
0.1107190635	1.0670760736
0.1111204013	1.0617410155
0.1115217391	1.0648244774
0.1119230769	1.0722307448
0.1123244147	1.0781482301
0.1127257525	1.0816515823
0.1131270903	1.0842109491
0.1135284281	1.0861653144
0.1139297659	1.0923836457
0.1143311037	1.1045843980
0.1147324415	1.1194070970
0.1151337793	1.1356564524
0.1155351171	1.1479072462
0.1159364548	1.1492744176
0.1163377926	1.1410001783
0.1167391304	1.1288562145
0.1171404682	1.1185602446
0.1175418060	1.1181634228
0.1179431438	1.1234413572
0.1183444816	1.1174600679
0.1187458194	1.1233588734
0.1191471572	1.1129711505
0.1195484950	1.1104636557
0.1199498328	1.1085135011
0.1203511706	1.1014959947
0.1207525084	1.0969028748
0.1211538462	1.0961996143
0.1215551839	1.0982020560
0.1219565217	1.1013543113
0.1223578595	1.1044346428
0.1227591973	1.1076294115
0.1231605351	1.1107472879
0.1235618729	1.1128666228
0.1239632107	1.1137934939
0.1243645485	1.1151239275
0.1247658863	1.1194816544
0.1251672241	1.1248285724
0.1255685619	1.1257614714
0.1259698997	1.1280971270
0.1263712375	1.1413884717
0.1267725753	1.1510225259
0.1271739130	1.1490320451
0.1275752508	1.1496724085
0.1279765886	1.1530854376
0.1283779264	1.1550775899
0.1287792642	1.1536014868
0.1291806020	1.1505087036
0.1295819398	1.1486609242
0.1299832776	1.1504143541
0.1303846154	1.1483549891
0.1307859532	1.1460232482
0.1311872910	1.1505485161
0.1315886288	1.1566004099
0.1319899666	1.1650746429
0.1323913043	1.1733051176
0.1327926421	1.1715649734
0.1331939799	1.1635874011
0.1335953177	1.1532813357
0.1339966555	1.1370426707
0.1343979933	1.1226678837
0.1347993311	1.1150262226
0.1352006689	1.1119179358
0.1356020067	1.1128446329
0.1360033445	1.1179510047
0.1364046823	1.1229573117
0.1368060201	1.1257087798
0.1372073579	1.1278885566
0.1376086957	1.1326854680
0.1380100334	1.1426871714
0.1384113712	1.1559240133
0.1388127090	1.1666852493
0.1392140468	1.1718360103
0.1396153846	1.1709196779
0.1400167224	1.1648284774
0.1404180602	1.1567500527
0.1408193980	1.1512050357
0.1412207358	1.1507891792
0.1416220736	1.1558550177
0.1420234114	1.1617147244
0.1424247492	1.1622745492
0.1428260870	1.1591893802
0.1432274247	1.1580197600
0.1436287625	1.1600692926
0.1440301003	1.1628664250
0.1444314381	1.1643688737
0.1448327759	1.1638012186
0.1452341137	1.1595764187
0.1456354515	1.1534689929
0.1460367893	1.1489645499
0.1464381271	1.1476509783
0.1468394649	1.1496115788
0.1472408027	1.1553020974
0.1476421405	1.1640367560
0.1480434783	1.1725648163
0.1484448161	1.1766089550
0.1488461538	1.1762138563
0.1492474916	1.1751706843
0.1496488294	1.1770974607
0.1500501672	1.1798325658
0.1504515050	1.1838866468
0.1508528428	1.1900490705
0.1512541806	1.1937894441
0.1516555184	1.1924754100
0.1520568562	1.1869462930
0.1524581940	1.1797071779
0.1528595318	1.1720723164
0.1532608696	1.1654519730
0.1536622074	1.1616200296
0.1540635452	1.1609972265
0.1544648829	1.1634069395
0.1548662207	1.1667757362
0.1552675585	1.1695759709
0.1556688963	1.1727771073
0.1560702341	1.1756822496
0.1564715719	1.1765950812
0.1568729097	1.1746147926
0.1572742475	1.1704022331
0.1576755853	1.1657675983
0.1580769231	1.1614714653
0.1584782609	1.1579131289
0.1588795987	1.1557708290
0.1592809365	1.1547109029
0.1596822742	1.1535118624
0.1600836120	1.1518577720
0.1604849498	1.1504106061
0.1608862876	1.1492937680
0.1612876254	1.1485724812
0.1616889632	1.1479210983
0.1620903010	1.1464753169
0.1624916388	1.1448150014
0.1628929766	1.1450102295
0.1632943144	1.1477430309
0.1636956522	1.1514168458
0.1640969900	1.1553077753
0.1644983278	1.1598782022
0.1648996656	1.1642505892
0.1653010033	1.1689110265
0.1657023411	1.1745164277
0.1661036789	1.1786004950
0.1665050167	1.1801152717
0.1669063545	1.1803227621
0.1673076923	1.1791387947
0.1677090301	1.1759961932
0.1681103679	1.1710568097
0.1685117057	1.1655645126
0.1689130435	1.1605835287
0.1693143813	1.1573502004
0.1697157191	1.1553942054
0.1701170569	1.1542665027
0.1705183946	1.1543788618
0.1709197324	1.1558140477
0.1713210702	1.1582562061
0.1717224080	1.1618902848
0.1721237458	1.1671232753
0.1725250836	1.1721933061
0.1729264214	1.1760026406
0.1733277592	1.1804286766
0.1737290970	1.1848003617
0.1741304348	1.1873219710
0.1745317726	1.1882045606
0.1749331104	1.1877917666
0.1753344482	1.1873797841
0.1757357860	1.1892421387
0.1761371237	1.1929119413
0.1765384615	1.1965243062
0.1769397993	1.1995894362
0.1773411371	1.2000786938
0.1777424749	1.1955307602
0.1781438127	1.1889999094
0.1785451505	1.1845894027
0.1789464883	1.1816753752
0.1793478261	1.1793162893
0.1797491639	1.1783178398
0.1801505017	1.1783097646
0.1805518395	1.1793387475
0.1809531773	1.1818505005
0.1813545151	1.1844165968
0.1817558528	1.1840695860
0.1821571906	1.1818928671
0.1825585284	1.1807211799
0.1829598662	1.1813704814
0.1833612040	1.1847641604
0.1837625418	1.1895612966
0.1841638796	1.1931397574
0.1845652174	1.1969403657
0.1849665552	1.2020308703
0.1853678930	1.2052577603
0.1857692308	1.2046255794
0.1861705686	1.2016224233
0.1865719064	1.1981718252
0.1869732441	1.1955432186
0.1873745819	1.1920547548
0.1877759197	1.1851418306
0.1881772575	1.1821839083
0.1885785953	1.1828537452
0.1889799331	1.1836185969
0.1893812709	1.1842550868
0.1897826087	1.1858255520
0.1901839465	1.1861521484
0.1905852843	1.1858272039
0.1909866221	1.1857296513
0.1913879599	1.1809674490
0.1917892977	1.1787070766
0.1921906355	1.1790778086
0.1925919732	1.1810820388
0.1929933110	1.1831310802
0.1933946488	1.1867470837
0.1937959866	1.1909459136
0.1941973244	1.1950047896
0.1945986622	1.2016469388
