-1.008054128686034e-5
-1.1940376468283282e-5
-1.3993504813080101e-5
-1.622035619845383e-5
-1.8398732289976323e-5
-2.0679503754291963e-5
-2.3184944543872584e-5
-2.6088240874116383e-5
-2.9817484633657304e-5
-3.395159423553248e-5
-3.819303260754967e-5
-4.295466077793538e-5
-4.87557873222478e-5
-5.565537076113219e-5
-6.316405116384782e-5
-7.08672078405391e-5
-7.871199387741765e-5
-8.621744164680293e-5
-9.505523569054303e-5
-1.0432264622057902e-4
-1.1479411893911588e-4
-1.2658928345439944e-4
-1.3861902869248668e-4
-1.5057285108676378e-4
-1.6410666304292562e-4
-1.827038388740369e-4
-2.1188980437702236e-4
-2.507239046070842e-4
-2.889432364447994e-4
-3.2606097160231394e-4
-3.7557761339924095e-4
-4.4472114394468015e-4
-5.250752501452869e-4
-6.087734037358882e-4
-6.963546570423176e-4
-7.916306731500398e-4
-9.039441301857048e-4
-0.0010322046971917387
-0.001153257869518781
-0.0012501424333878314
-0.0013326658666441788
-0.0014364339941011772
-0.001604377082555807
-0.001845271236599764
-0.002094817536626178
-0.002315685842482268
-0.002527904377450128
-0.0027349259837957628
-0.0029687176928074465
-0.0033000702409415324
-0.0037164914808756285
-0.004134570578364771
-0.00453607842752541
-0.005012078922707556
-0.005651810109264041
-0.006383676298405006
-0.007144189369574545
-0.007966976991071625
-0.008872970324984008
-0.00978886560600966
-0.01065269894623975
-0.011480877328255288
-0.01188036558393872
-0.012982339182406252
-0.014095267580790325
-0.015195989707797104
-0.016290988204407594
-0.01738559205761201
-0.01868159993982086
-0.020469868888458267
-0.022501399209829437
-0.024399123062303733
-0.026124208769468037
-0.027523412108102482
-0.027120767555442116
-0.03024323619465706
-0.03337066129424161
-0.035919486844671555
-0.03814953231494743
-0.04050775464804025
-0.044613564936080985
-0.0514678134158015
-0.05887794169688824
-0.06643252562874019
-0.07344388386970259
-0.07669046389995048
-0.0763847514508286
-0.0753345204132087
-0.08383777639223712
-0.0917668800697339
-0.09785853736088374
-0.1029195713120479
-0.10757189609170596
-0.11291450888258436
-0.11893326846522112
-0.12493541409372992
-0.13153702323836394
-0.14021012669430644
-0.15241110087606016
-0.16705273180571426
-0.18282385865995507
-0.19934498008842874
-0.21488897075454033
-0.2282164940520334
-0.23972151137541695
-0.24928249910623201
-0.255904005353783
-0.25492167208945404
-0.26503647749053705
-0.2663011713384912
-0.28588725277529964
-0.30562611960025127
-0.32187645285298544
-0.3360992007005321
-0.3508332938343972
-0.36549565303286535
-0.38096188343463894
-0.3980840382507048
-0.4174360860801211
-0.43940893114993124
-0.46361158347909975
-0.4883427541186113
-0.5108291093517552
-0.52820213780428
-0.5385089316752429
-0.5489290307012376
-0.5613083413680344
-0.5710710443746718
-0.5742824437554682
-0.5698335366260879
-0.5830422982422403
-0.6074427933002869
-0.6359075210405293
-0.6677172860989781
-0.7002725809623906
-0.7339752299554896
-0.7670816203907593
-0.7889667736095769
-0.8074054744146686
-0.833268526995468
-0.8544843422313421
-0.8699168462204419
-0.8784375184998704
-0.8856742238950313
-0.9035829613653306
-0.9305363248238047
-0.9554793824765516
-0.9839624415394063
-1.0179615950390812
-1.0498064057836247
-1.0760589128860507
-1.092225533525779
-1.0936075710753583
-1.0907721215672368
-1.0885825798720161
-1.0836270968552728
-1.0734554242031749
-1.062337722212
-1.0484911837172954
-1.033529069953805
-1.0225221239387747
-1.0231369747532557
-1.0337028546192315
-1.04678667264564
-1.0531341596313986
-1.049858885648309
-1.0358816982315082
-1.0159497252881382
-0.9998825096256545
-0.9909340713187994
-0.985214220876743
-0.9796096561886835
-0.9737930679481639
-0.9648439338448035
-0.9507316800432001
-0.9361348082562265
-0.925466423369239
-0.9175043821416748
-0.9079855637833286
-0.8915671096599741
-0.8649839928217383
-0.8304656573689708
-0.7948017139859865
-0.7652186579968789
-0.742175471691347
-0.7213613617965361
-0.6990085863843775
-0.6769711768120806
-0.6517299474464117
-0.624950899442867
-0.6018781534460647
-0.5841385547727725
-0.5717438166181831
-0.5602341433272401
-0.5478026836583832
-0.5354654116178216
-0.5225031207797435
-0.5078019178106637
-0.4895299284757872
-0.4672558297933326
-0.44361380787867755
-0.4203230177017725
-0.3977032183900237
-0.37780791552009513
-0.362309777383313
-0.3498167134240591
-0.3369141332849875
-0.32208031021466205
-0.3057130371886155
-0.28803909065664624
-0.27008297797915565
-0.25427525338800555
-0.24036072743803047
-0.22740939938592372
-0.21488787153431077
-0.20240581601720292
-0.1905222542159973
-0.18014498809778418
-0.17094333553863472
-0.16187001798979286
-0.1523063279606785
-0.14248487044137723
-0.1330445952464057
-0.1239298569950651
-0.11489430058060633
-0.10592716291609043
-0.0972616872484746
-0.08968983257519136
-0.08349125126226024
-0.07808463548950195
-0.0730333110126854
-0.06828601324813333
-0.06353229773217958
-0.05901646666032491
-0.054928354889200955
-0.05098182261664189
-0.04712173991777537
-0.043276987000251226
-0.03950393017687487
-0.035999033799218774
-0.03286307504647568
-0.030074758615206088
-0.027525277578717023
-0.02513885279672391
-0.022907870832069903
-0.020813507692600562
-0.0188580030068239
-0.017129360968326467
-0.015637897241891515
-0.014313257095593113
-0.013097781200956782
-0.011958960257260176
-0.010923183484192923
-0.010009603819903639
-0.009210063367562867
-0.008505786127193568
-0.007855074416443907
-0.007213955673209334
-0.006583482912989809
-0.005980673503378788
-0.005407876036836084
-0.004865999885394409
-0.004373613927655891
-0.003926901755798764
-0.0035083064963392914
-0.0031260852374458106
-0.002814351891345494
-0.002559627073122555
-0.002320810193062202
-0.002089673757746093
-0.0018759648649261424
-0.0016825250357619048
-0.0015039443932816357
-0.0013359963795363879
-0.0011845363502392251
-0.0010595974217839984
-9.572243936019004e-4
-8.611772272572022e-4
-7.681890154878858e-4
-6.856962268063113e-4
-6.159389111007764e-4
-5.52314059571709e-4
-4.925775463246029e-4
-4.378456996716899e-4
-3.8768932875230666e-4
-3.4248904219862683e-4
-3.037861043405683e-4
-2.717978435833818e-4
-2.4374062561203003e-4
-2.1865651748774646e-4
-1.9678146409894787e-4
-1.7683071335355778e-4
-1.5743322812920664e-4
-1.3853383615970312e-4
-1.2111668636956581e-4
-1.060731344708943e-4
-9.26828791521431e-5
-8.036397439257677e-5
-6.955760334897777e-5
-6.039086690867752e-5
