-9.39157665272302e-6
-1.1210352196665359e-5
-1.365300843625153e-5
-1.5632849160629127e-5
-1.7260938095560004e-5
-1.9051610254591707e-5
-2.1226331341167956e-5
-2.395564905197742e-5
-2.7272597948196795e-5
-3.129614538465589e-5
-3.619015316343876e-5
-4.139242758146346e-5
-4.6926003445658985e-5
-5.458880385918447e-5
-6.537400798285017e-5
-8.086932741882528e-5
-1.042527560977779e-4
-1.3150021326865574e-4
-1.557984279327372e-4
-1.7157991145508617e-4
-1.8534314219241982e-4
-1.9819292046342076e-4
-2.1162802254361083e-4
-2.2699210302632813e-4
-2.445224620419981e-4
-2.6484345901931774e-4
-2.8872657140301805e-4
-3.163654945202572e-4
-3.5013913826615364e-4
-3.958041959317908e-4
-4.577164323693066e-4
-5.35354210321042e-4
-6.327240733209294e-4
-7.394793806881573e-4
-8.38930813690716e-4
-9.411998299896227e-4
-0.0010533262451768487
-0.0011678765517806088
-0.0012827807356112445
-0.0014171095797296876
-0.0015972267572675794
-0.0018256293957248425
-0.0020786275410900885
-0.0023364228738861664
-0.0026151373523488953
-0.0029178388288597424
-0.003240281122630186
-0.00359866148988583
-0.003971675722008327
-0.004329247197513587
-0.004678857863913451
-0.005050196339318748
-0.005427624374137129
-0.005807061069097928
-0.006255597360316472
-0.006828918440699415
-0.007541505957029718
-0.008420848053292308
-0.009389391972336953
-0.010252818173887523
-0.010950032482711265
-0.012345783980744958
-0.013593765132217182
-0.015615975272347538
-0.017726869827398434
-0.01988510659773633
-0.02151788674048226
-0.022572570355153698
-0.02375977497000079
-0.025902799110498066
-0.02925490690661073
-0.03332023333767788
-0.03584939743608782
-0.0388010512824227
-0.039687691375260584
-0.04238251305198621
-0.046054127209431334
-0.05031929025917034
-0.05441645343097663
-0.058228195440004155
-0.06265941285000695
-0.06701708569630055
-0.07010132381555026
-0.07209222243619169
-0.07630290938956041
-0.07946646789225568
-0.08500716527818367
-0.09207829682690427
-0.10091160941524885
-0.11016873239744945
-0.11812327358535459
-0.12557376353223038
-0.13314492859108734
-0.14117880314299597
-0.15204870665269468
-0.16621510702166012
-0.18002871436710008
-0.18974120836690514
-0.19606397742958667
-0.2020366228242027
-0.20980297824644056
-0.22116443644564499
-0.23900412749834724
-0.26247863061027904
-0.2764519213674974
-0.29384014983374435
-0.31355309892908717
-0.33311915740734993
-0.3495797868775853
-0.3617038275216821
-0.36864283288116784
-0.3813678896582173
-0.39625300495508503
-0.4158966664849714
-0.441563444956647
-0.471453764575343
-0.5022749762160686
-0.5291942416681504
-0.5495555041319643
-0.5684607114789495
-0.595168409656324
-0.6252081573718198
-0.6575881416919251
-0.6795354529669273
-0.7003623457840654
-0.7227761238844889
-0.7509018673497995
-0.7832524029540314
-0.814900561227564
-0.840013310999017
-0.8671818843559027
-0.8944201470930502
-0.9243535759763997
-0.9510859424335215
-0.9746531714512245
-0.9989016324767872
-1.0191823235653874
-1.0393602213759945
-1.0679628363728935
-1.0943606938996815
-1.1121122827286367
-1.1300941928112969
-1.159761641796932
-1.1797095938830573
-1.1909007108931167
-1.200195453120794
-1.2126608225808162
-1.2284680141018007
-1.2469546385440362
-1.2665106594403464
-1.2876098698772696
-1.3043281982035382
-1.3119959493996318
-1.3176618430046925
-1.3319966356266477
-1.3426825677351557
-1.3474502399734143
-1.353433297262619
-1.3591782773335548
-1.3600636682211749
-1.3589624578407447
-1.360963931611822
-1.3661369588494314
-1.3682110295367345
-1.3676019401862691
-1.3631186492726195
-1.351198856562008
-1.3360317067794498
-1.3200031941061436
-1.304806089915294
-1.2926697463299812
-1.2826108695107012
-1.2734017224686747
-1.2617432066420022
-1.250670950201555
-1.237587721914364
-1.2142598790217076
-1.1870744099157073
-1.1659702508278893
-1.1478883863788827
-1.1253417511932464
-1.0990218050056177
-1.0769432924395173
-1.0584893472688868
-1.0332788436605735
-1.0027203116404784
-0.9702887245107386
-0.934189261985115
-0.8967153258115913
-0.8630094610337469
-0.8350729548397431
-0.8101053665295023
-0.7822832503457469
-0.7511231648740684
-0.7198463507529709
-0.6918083576373538
-0.6666040188911679
-0.6418059351849532
-0.6158219283735792
-0.5881911379083934
-0.5595808114978876
-0.533489865831668
-0.5091884722500574
-0.4839663269559168
-0.45761964207095895
-0.4321853166099731
-0.4095887259472016
-0.3892783248437019
-0.3683424890904986
-0.3473241557602131
-0.32874584811898927
-0.311745532487576
-0.2964447499901497
-0.2821687061243079
-0.26782763177610064
-0.2538299750679209
-0.2399110296557937
-0.22565521997466656
-0.21140738980578544
-0.1976155669180345
-0.18516157334586028
-0.17435103667773316
-0.16467525349712456
-0.15551371321218976
-0.14612762072366225
-0.1365881944322706
-0.12736027847671844
-0.1187399381342413
-0.11059767612808788
-0.10318409113361222
-0.09666368578940004
-0.09044476785631744
-0.08404967088191866
-0.07798674913338541
-0.07232016762663405
-0.06684644397166715
-0.061519524688792196
-0.05638268599557262
-0.051466992464414635
-0.04680091467980779
-0.04258388746985732
-0.03902400278397222
-0.036061968643259806
-0.033568112585414256
-0.03130384426157613
-0.029051675914904478
-0.026837118984644057
-0.024733344268796947
-0.022745347189135214
-0.02087910244881314
-0.019163466823544254
-0.017547332506691694
-0.01597428297427988
-0.014471165590789101
-0.013079099217036946
-0.011832373463672961
-0.010743475292310217
-0.009783026045403756
-0.008912957285084002
-0.008117346930205976
-0.0074059799190941316
-0.00677574971474055
-0.006176736330497761
-0.005604001116441876
-0.00506990125593112
-0.004573043438576041
-0.004112272020728058
-0.003679981518035285
-0.0032987302310107255
-0.0029746592860277286
-0.0026783660793589775
-0.002408223072150744
-0.0021658403939468366
-0.0019394220844572714
-0.001732211366026835
-0.00155101805322656
-0.0013939957804019274
-0.0012567899807479543
-0.0011298202759874383
-0.0010111413380263345
-9.10001909757952e-4
-8.144025190352492e-4
-7.247685972616424e-4
-6.443871295254406e-4
-5.726538059821721e-4
-5.110863309638639e-4
-4.571015570976991e-4
-4.060832596681268e-4
-3.586505619838003e-4
-3.155785404359138e-4
-2.7721711015418955e-4
-2.4400592341978052e-4
-2.167079853837007e-4
-1.934711327350007e-4
-1.723189440068825e-4
-1.5209465024204895e-4
-1.3333997505949287e-4
-1.1681859836405368e-4
-1.0226888463662032e-4
-8.941729182804932e-5
