1.0582489696000982e-6
1.1420688434633277e-6
1.3289671489286293e-6
1.6323555254640565e-6
1.7988118001585513e-6
1.960062174512142e-6
2.3711662307631576e-6
2.7629936414802285e-6
3.0530900454045965e-6
3.5567642685443817e-6
4.086804136343025e-6
4.488836191547649e-6
5.209578731433733e-6
6.1176067517008055e-6
6.867625093512865e-6
8.085330321747167e-6
9.764118512044826e-6
1.1083707804549235e-5
1.2737721145850643e-5
1.4888055360366846e-5
1.536601184951087e-5
1.4889327249866392e-5
1.7294691060009195e-5
2.1957249743039193e-5
2.5690230389035743e-5
2.9483499326018994e-5
3.3997862538327505e-5
3.747912946988166e-5
4.238354856493902e-5
5.079736240901099e-5
5.8671245518893676e-5
6.604993667281904e-5
7.571635751310996e-5
7.973376883412678e-5
7.448784828132717e-5
7.604247985237966e-5
9.218453643610434e-5
1.0916639400871639e-4
1.237817398083488e-4
1.4504708988174127e-4
1.6612327292509012e-4
1.8058090589097596e-4
2.0147356711651963e-4
2.3031909647012512e-4
2.5030080537207113e-4
2.6158623403854724e-4
2.771077396074325e-4
2.983957138143055e-4
3.2785375848608256e-4
3.712487896141418e-4
4.213247407975676e-4
4.7122819901216755e-4
5.221163567387064e-4
5.679993137777369e-4
6.134555778948744e-4
6.795167974832257e-4
7.55307253862049e-4
8.086521472101967e-4
8.575153412276506e-4
9.416724666209213e-4
0.0010384838847304469
0.0010926590501690327
0.0011014443986949282
0.0011176879283600516
0.0011864227228090443
0.0012919428163591245
0.0013875501727510686
0.0014731509068812633
0.001558781297287718
0.001599134564801487
0.0016268024330554803
0.001816796476648104
0.0021989272182978362
0.002527486953643103
0.002632225314257373
0.002602678693829064
0.0025514369348621727
0.002552975368058632
0.002737069740240232
0.0030940459087620644
0.0034116756235160147
0.0036362896090963667
0.003926968240125202
0.004280175134733689
0.004582503469151729
0.004970693856516632
0.005612731770688675
0.006297905216562528
0.006779591032287579
0.007303987011734996
0.008241430668185399
0.00939930433146972
0.010274394628134429
0.010831341124090982
0.011482866017110007
0.012422926626677617
0.013459569625741817
0.014419125995630909
0.015356432858570489
0.016348749577894374
0.01730766320207896
0.018303594939645198
0.019922421031699257
0.022397828792152328
0.024569039074280284
0.025419086896172182
0.026247682425676627
0.028790939873304253
0.03214619897452183
0.034617271977928056
0.03665482872442686
0.038793995788515424
0.03986899812532082
0.040098291738488875
0.04174724124879562
0.044897298401115344
0.04725269894941255
0.04842078731387407
0.04970651758670391
0.05104055457998465
0.05224435998606148
0.05466287471162012
0.05835277326740449
0.06104003027851565
0.06202692255887691
0.06356520566096009
0.06684379239581585
0.0699674675462692
0.07133060569286333
0.07195988125569053
0.07290757077445899
0.07350787918560385
0.07404763836464003
0.07623815747261943
0.07950712867202328
0.0819481404889007
0.08502955963127024
0.09062328080369489
0.09561158558422465
0.09739733751237778
0.0995913054477405
0.10407478105676275
0.10560186090029519
0.10178393743041918
0.09869690676267373
0.10107820613465517
0.10624384889032404
0.10992482691268125
0.11065318142630787
0.10919088634611367
0.10802353180234849
0.10899603796291049
0.11115524498617797
0.11338672730117365
0.11541161987979222
0.11521170381794299
0.11220274902427001
0.11115849166451182
0.11477866150771066
0.11738491905072888
0.11431767365829647
0.11006136060553916
0.10981692659897581
0.11167023132509461
0.11236234292096549
0.11240108620855563
0.11248313510956985
0.1119134766558544
0.11117501679541637
0.11068450958861778
0.10866458342438805
0.10457054456346504
0.10137397968780308
0.10062100308167694
0.09946505530278048
0.09615578291108937
0.09337165669033633
0.09262235689344432
0.09103987203588214
0.0868681816442228
0.08222942607434003
0.07848815632111926
0.07496045406372731
0.07242250844742407
0.07166082356287554
0.06997230923905949
0.06488830194069613
0.058519904792863134
0.05357422355314529
0.04929716008064392
0.044905844084858745
0.04201138054089922
0.040883085198583365
0.03907534256304111
0.03555693627442489
0.03214281051652101
0.030026017783326378
0.02836128073197024
0.02651616862780201
0.02483929898112707
0.02322917706599711
0.021190208466237682
0.019068385598300708
0.01760238924312928
0.016752736831259163
0.01606922574330465
0.015440584207167185
0.014803159452797098
0.013992236295408578
0.013173076789044114
0.012658872715137963
0.01242055084952953
0.012277294863426824
0.012130120269297913
0.011822901371841518
0.011335683095250145
0.010964965256063887
0.010821825959377428
0.010586709898165163
0.010093243902933792
0.009606227622500914
0.009367269573072696
0.009320181787728884
0.009279864951732282
0.009128491770729592
0.008914392098231487
0.00873726173640984
0.008495632411814693
0.008020147675911714
0.007456369319947196
0.007113978450171921
0.006977576060982231
0.0067656271407575555
0.00639069751730942
0.006010843550630177
0.005705880416010211
0.00540490442311077
0.005104897567916596
0.004892963221738744
0.004728488593752137
0.0044633755266292536
0.004114910683248601
0.003843175248418069
0.0036564427970523293
0.0034310244989510285
0.0031653498807835503
0.002942414776794203
0.0027568575726568405
0.002576624308536121
0.002417237195184577
0.0022637111964171697
0.0020836766240865004
0.0019055099406682726
0.0017562995892943477
0.001609492777938292
0.0014579620616641399
0.0013273362823821892
0.0012195106733816382
0.0011278113547334447
0.001052754781546093
9.715201063296333e-4
8.69225150310817e-4
7.772487481166385e-4
7.159284136346356e-4
6.609983984144359e-4
5.985166127881817e-4
5.398082670115601e-4
4.851747998573664e-4
4.309925179173348e-4
3.859385402747083e-4
3.518296838279013e-4
3.2118550510694795e-4
2.923551320284319e-4
2.6403144078123244e-4
2.3414747668468807e-4
2.0875400473925954e-4
1.903050295462505e-4
1.710213326168016e-4
1.5045134674856114e-4
1.353126441184509e-4
1.2281748505524638e-4
1.0785196693496544e-4
9.42786025939918e-5
8.425440823413684e-5
7.406931585909245e-5
6.396035734185137e-5
5.618956008335351e-5
4.9108793402279285e-5
4.21511888435759e-5
3.6950500632232634e-5
3.2441378750571694e-5
2.745545717203464e-5
2.3480252630686863e-5
2.0637265987314797e-5
1.766179748077088e-5
1.5164748611131822e-5
1.3549202459625906e-5
1.1667062044747316e-5
9.668499235258823e-6
8.43147161616568e-6
