-9.871432845069409e-7
-1.0797728809924292e-6
-1.1793019351708343e-6
-1.3931204438805428e-6
-1.5068394475372819e-6
-1.6147270281497912e-6
-1.9206737803686565e-6
-2.1402889383359802e-6
-2.216584433267308e-6
-2.579975021232778e-6
-3.101886389497728e-6
-3.3965182636163442e-6
-3.821902774724472e-6
-4.572842001667692e-6
-5.123068369510944e-6
-5.526309508591813e-6
-6.2876847918506146e-6
-7.038352720737833e-6
-7.2746541696294015e-6
-7.528084988014368e-6
-8.841815420352597e-6
-1.1907918711289896e-5
-1.5930055156500252e-5
-1.8533501421020665e-5
-1.914683018913608e-5
-2.0363820838071004e-5
-2.3394067621856167e-5
-2.677408757225014e-5
-3.0495573995697217e-5
-3.465803829041038e-5
-3.652353810131429e-5
-3.642615741199213e-5
-4.017346535024941e-5
-4.9877226162096047e-5
-6.199726662383947e-5
-7.556423339642004e-5
-9.108276295473018e-5
-1.0530933139103621e-4
-1.1651491450820158e-4
-1.2726889529973082e-4
-1.3916572798852164e-4
-1.5417692084241099e-4
-1.7546983002106816e-4
-1.9936130063789696e-4
-2.198416935598334e-4
-2.4285434526227336e-4
-2.79315421261597e-4
-3.2991045999339373e-4
-3.8877173876642563e-4
-4.475035537859408e-4
-4.956041826774608e-4
-5.367668071939276e-4
-5.871674871213222e-4
-6.411988703704574e-4
-6.791359456895376e-4
-7.1627360734576e-4
-7.876217491833519e-4
-8.933789544426989e-4
-0.0010182412297024743
-0.0011648895117401011
-0.0013193038654386068
-0.0014582809266425966
-0.00161873383493132
-0.0018524112031813264
-0.0021149438644402826
-0.0023208797199775564
-0.0024686602902705937
-0.0026116689937418307
-0.0027997175169097144
-0.0030929301915956046
-0.0034671082191916136
-0.0037421256622576582
-0.003855853026602346
-0.004089493147012093
-0.004695064911290751
-0.005482551065454873
-0.0061225397119755295
-0.00661451644529732
-0.007136839470327329
-0.007710939405868388
-0.008266125839020602
-0.008811164095894601
-0.009437691159160228
-0.010237366089845825
-0.011083164418738762
-0.011613554148628559
-0.011833448618212724
-0.01235411667176612
-0.01341795847106636
-0.014363428730909521
-0.014778975595139464
-0.015201035738199448
-0.01602148758719913
-0.01693950722210675
-0.01785317185995173
-0.018950267966265647
-0.020051300029346616
-0.02109347804403338
-0.02250842113067025
-0.02423480980596208
-0.025621843727809217
-0.026530539987719943
-0.027083319996886734
-0.02715877902631101
-0.027427901284070386
-0.028867770070610355
-0.0305379771639456
-0.030824132476676955
-0.030467502312202483
-0.030866367944620766
-0.03135210562075214
-0.0315649517244951
-0.032948191426227284
-0.035275108299516564
-0.03647439253126273
-0.03696333369357814
-0.0388919570834267
-0.04198867665055713
-0.04487925308970363
-0.04765014945154689
-0.0499559917764929
-0.050973770215130956
-0.052066295719735284
-0.05454037021513508
-0.05657070526059476
-0.056796293364406183
-0.056947403011823924
-0.05807895896142321
-0.0595349480374141
-0.06210720017530887
-0.06662170577886552
-0.07109795700261336
-0.07373839377208234
-0.07545259616075904
-0.07714686629948912
-0.0783714150103874
-0.0786997885163578
-0.07769297625490083
-0.07556419882659446
-0.07435853859876781
-0.07502965493199107
-0.07569439872487477
-0.07637191784676131
-0.07999625878682917
-0.08550712945959738
-0.08749995148116634
-0.08519161179537833
-0.08379757262826151
-0.0859811120832048
-0.08924284131754048
-0.09146101937371201
-0.09274170716956251
-0.09267977007194934
-0.09089845854763344
-0.08961292436521749
-0.09149656358427317
-0.09513863072649893
-0.09646968082248897
-0.09503866809926048
-0.09446984507369992
-0.0959910389269236
-0.09684305880244898
-0.09591019037531807
-0.09504854871799326
-0.09453939455876371
-0.09309453664017939
-0.09173928250817648
-0.09237911053846984
-0.0939302485682737
-0.0940157766303902
-0.09269830590780859
-0.09186404420299231
-0.09251578520698639
-0.09388249584146889
-0.09432224497319047
-0.0931464165688871
-0.09155496455771339
-0.09090072935117999
-0.09079422112233027
-0.09031151637183894
-0.08996368260858918
-0.09065845687449273
-0.09147894788738388
-0.09054268931060855
-0.08802474952253163
-0.08621980279185454
-0.08619866600743602
-0.08679520658610569
-0.08732223425848619
-0.08825217115155037
-0.08886725605450455
-0.08764287336989567
-0.08509335912793785
-0.08325971607297696
-0.08288692493356506
-0.08314886242419206
-0.08290568510493629
-0.0813188053885642
-0.07875135211173669
-0.07662906316128619
-0.0751757241528884
-0.07315464589192082
-0.07054348428487862
-0.06853608153578618
-0.06680071526393856
-0.06401793743769602
-0.06065894038125525
-0.058270327938919585
-0.05687783056629738
-0.05526150395471565
-0.05277396698048845
-0.049663098875811836
-0.046507413368636764
-0.04377077155964495
-0.041413129113299765
-0.03910249676486602
-0.03684204911323061
-0.03484451502086092
-0.03302442649433681
-0.031186015202151945
-0.029349228867974034
-0.027521271518428057
-0.025586849646666812
-0.023603906921263646
-0.0217865841864513
-0.020164984068489815
-0.01864639954561237
-0.01733825622252967
-0.01638016776259499
-0.015538853276742572
-0.014452808797560947
-0.01319229311644294
-0.01207496405659767
-0.011119311104197406
-0.010214610708761354
-0.009486052171678841
-0.008950877998222046
-0.008289259289199503
-0.00741283147991201
-0.006684898289690353
-0.006269038969392404
-0.005883372833694971
-0.005363979351634462
-0.004886961861850754
-0.004568579256949054
-0.004298498033755929
-0.003976354232188186
-0.00363047572564501
-0.0033115216018756596
-0.003012581908789771
-0.002716386176458584
-0.0024635045557229378
-0.002299832713307389
-0.00218049491878453
-0.0020293060373851946
-0.0018505023578715804
-0.001679421208508797
-0.0015099000937429964
-0.0013487122290041426
-0.0012295519016870878
-0.001143534105115785
-0.0010597217728477138
-9.822569856518997e-4
-9.126416939382609e-4
-8.315628467976717e-4
-7.499807030514473e-4
-6.922307538875748e-4
-6.441630133768229e-4
-5.868545831240462e-4
-5.309048718191559e-4
-4.809993896434121e-4
-4.2896629153668105e-4
-3.824119017100695e-4
-3.481023002841327e-4
-3.1407275036151217e-4
-2.769662766415381e-4
-2.475237185763788e-4
-2.250991846428101e-4
-2.0278419611904417e-4
-1.8338470333046893e-4
-1.6815539753750743e-4
-1.5198212391914062e-4
-1.3583522073425553e-4
-1.238391094072994e-4
-1.1386233378465134e-4
-1.0327352745377197e-4
-9.34685139927803e-5
-8.513464101710393e-5
-7.75775739259683e-5
-7.046904837184351e-5
-6.319522520524206e-5
-5.618204745367578e-5
-5.068439050661108e-5
-4.5845771050251064e-5
-4.0709686380562406e-5
-3.6639646049869986e-5
-3.3645774447156185e-5
-2.9923526716424936e-5
-2.617578685028641e-5
-2.3914350418887712e-5
