1.427614368757618e-6
1.5599234722097922e-6
1.8718538037327032e-6
1.9873640503715112e-6
2.1019138886086695e-6
2.6090930463653203e-6
3.0269953081577725e-6
3.233914332124665e-6
3.8873272556736465e-6
4.48573841551241e-6
4.296932356458002e-6
4.5703037766147725e-6
6.02154150725045e-6
7.062901867573546e-6
7.461450388366678e-6
8.783866275512314e-6
1.0492590737421601e-5
1.1315574500610796e-5
1.230629245352282e-5
1.4047878188500274e-5
1.5511254596231468e-5
1.719766751132839e-5
1.9921195964830488e-5
2.275112294371851e-5
2.5975470967440256e-5
3.0692501309481316e-5
3.538228636262927e-5
3.915234127229589e-5
4.3976439011024264e-5
4.9533318193155365e-5
5.366861698287501e-5
5.815660803592177e-5
6.56366071934207e-5
7.455772907840842e-5
8.272512425995124e-5
9.059163988449809e-5
9.978378166332954e-5
1.1123969457518502e-4
1.2352250916723023e-4
1.3586877249439596e-4
1.5165562101112352e-4
1.7024008708908315e-4
1.857536146489409e-4
2.027359218738139e-4
2.283329890087814e-4
2.503824905943806e-4
2.608683121519051e-4
2.7641963970980745e-4
2.952790390280347e-4
2.9626722623397195e-4
3.095107395452767e-4
3.8104694300723026e-4
4.602159570019386e-4
4.6374165548048943e-4
4.280349880053047e-4
4.46998005850534e-4
5.157976739385399e-4
5.67120517974949e-4
5.818279418258441e-4
5.817716142903597e-4
5.967115072472424e-4
6.498724816252546e-4
7.084670028401242e-4
7.116052188579598e-4
6.87824086120872e-4
7.22212340609673e-4
7.914767435306559e-4
7.836647829415828e-4
6.900594243150382e-4
6.449719886761567e-4
7.634866587655862e-4
0.001005101836254289
0.0011962312505702881
0.0012000608592883102
0.0010953830612843304
0.001109398448384151
0.0013170087468963958
0.0015622832728745036
0.0017719993340384716
0.0020979425473978647
0.0025897957561813964
0.0030418670793603596
0.003354614654506977
0.003698120845234514
0.004184476960395762
0.00476307939922656
0.005445042413977257
0.0062311454936057244
0.006969288471147499
0.007624955751494954
0.008370839613433231
0.009201725156612979
0.009949398717114637
0.010754345026791684
0.011957327647216073
0.013530387379911938
0.015094560854242444
0.01641367005848795
0.017545863765489954
0.018666791206452954
0.019968570878878114
0.02154210172137785
0.023186041076483428
0.024680026007694374
0.026469988317584108
0.029266435508678475
0.03246765168114084
0.03447657416004819
0.035367350514875114
0.03697400300553378
0.039654802142523204
0.04214275824514758
0.044656665291132366
0.04806830091968396
0.050950679178902766
0.052044010604578285
0.053389866510622094
0.05665343873106341
0.05995188460577758
0.06178083138551812
0.06352760726580747
0.06602826640089622
0.06823627093385214
0.069848322957087
0.07174991829863332
0.07459902648179943
0.07845675319098327
0.08242023372028805
0.08533172654759827
0.08780541987064851
0.09109473607535243
0.09461705624936545
0.0978922740224087
0.10202508193111995
0.10639203866102728
0.10881145070806555
0.11017728631313696
0.11289433385821969
0.116079174322036
0.11799277353836177
0.11931917890826013
0.12028529040530304
0.12032226816056948
0.12135930382542712
0.12494507480845739
0.1282364957610568
0.12853502578062456
0.1276995719130549
0.1283713834631575
0.13027037569976746
0.13157505361467733
0.13117172966632948
0.13012012491759312
0.1304203203363594
0.13082815659898073
0.12829872175052953
0.1247744344824654
0.12487326962027637
0.1271508447274822
0.12687442710950275
0.1247386991209061
0.12393933557114187
0.12371814420682027
0.12260563746856251
0.12136902047996838
0.11933759215274767
0.11513820839028947
0.110975843133701
0.10922941083412038
0.10754278791132073
0.1030600104237694
0.09748342922832047
0.09363801727433599
0.09099743572961504
0.087596691239789
0.08331886760837331
0.07904232694537161
0.07448915390146228
0.06919218748862897
0.06448692868132996
0.06176482642101876
0.05955738808918548
0.055605726487510304
0.05059273645766336
0.046396735539328327
0.04279441482006145
0.0391422795081986
0.036345083894046275
0.034533173601497436
0.03207827809980089
0.02844115307367331
0.024888688570137516
0.022092148084136273
0.01964463586850298
0.017407334805088822
0.015455505733358054
0.013570100117175165
0.011760368050836944
0.01041228998188434
0.0096548665410606
0.009224608890916927
0.008807613458527612
0.008167555993543069
0.007250857278772445
0.00635203307887061
0.005916135682099936
0.006058487872437433
0.006464783603533772
0.006874108835688615
0.0073744892303988655
0.007995419805773353
0.008451316758927028
0.008634863995437853
0.0088421342797718
0.009228664241979946
0.009607135475525682
0.00987027770246307
0.010077370179645355
0.010234340408294141
0.010364422429641015
0.010530586504086444
0.010651316722205482
0.010615906795795887
0.01049249012051434
0.010368371012648345
0.010217426426834526
0.010022837417880437
0.00977876883087808
0.009453956034748528
0.009111047212676188
0.008840280899297576
0.008572028177879264
0.008219889451711518
0.007855555386012925
0.007529296516410314
0.007176698678191996
0.006804472328031014
0.006484480744510372
0.006183085725838248
0.005831175396763508
0.00546010515517188
0.0051255734050150705
0.00482442754038028
0.0045370300840460905
0.004255883723185375
0.003981516172705978
0.0037211773756556077
0.0034660876432761286
0.0032028429642383055
0.002954540880770529
0.0027448863762592423
0.002552173562463329
0.002359132814122811
0.002181543815558879
0.002018542843348114
0.0018554037186643913
0.001703512236168008
0.0015706952119617392
0.001438776947358501
0.0013060158900611925
0.0011902729216390674
0.0010898717406595132
9.943419867972422e-4
9.070477159038095e-4
8.274460133883601e-4
7.484728516700203e-4
6.744934880912544e-4
6.106231036830115e-4
5.516524617930605e-4
4.963195230145443e-4
4.473744937096925e-4
4.0085475313864246e-4
3.557085592791994e-4
3.1773638698002945e-4
2.8570570263226555e-4
2.5409616048826654e-4
2.2506092506318406e-4
2.010939916109796e-4
1.787078355222946e-4
1.5724701487349142e-4
1.39342933855291e-4
1.237775243181743e-4
1.0878588512548382e-4
9.552426091091335e-5
8.38350180037792e-5
7.269261862696435e-5
6.317707215495455e-5
5.5407821896727116e-5
4.7802504357434744e-5
4.0758769102439963e-5
3.528278908938327e-5
3.0334942933644477e-5
2.5459621541034753e-5
2.1706538723966965e-5
1.882410015215141e-5
1.5826510962179625e-5
1.3090068090409687e-5
1.105225702395148e-5
9.241200626509485e-6
7.566328465268016e-6
