-9.307194012045669e-7
-1.148758874587993e-6
-1.26417441805797e-6
-1.1633880582282235e-6
-1.4061771561014562e-6
-1.7597602608333126e-6
-1.6933448411276414e-6
-1.7772239554084589e-6
-2.136739844981827e-6
-2.058183351393262e-6
-2.271800654568476e-6
-3.4633200678503165e-6
-4.009977874994942e-6
-3.578438435956037e-6
-4.2272255170963365e-6
-5.428298821382217e-6
-5.322735134482776e-6
-5.596597242855647e-6
-7.39870938479988e-6
-8.455435983276236e-6
-9.157127661311166e-6
-1.1744605777494066e-5
-1.4191742916080213e-5
-1.520827011664699e-5
-1.7700598693082848e-5
-2.0909631331812792e-5
-2.20655301910918e-5
-2.4213696790534685e-5
-2.8794957363206932e-5
-3.1957247393551614e-5
-3.603574048523527e-5
-4.495724395349887e-5
-5.179736214442078e-5
-5.336536140367955e-5
-6.0177559857588136e-5
-7.470783358257389e-5
-8.732141530399329e-5
-9.870268293969597e-5
-1.1547578011414901e-4
-1.3365832676785408e-4
-1.504920880789351e-4
-1.7073675185437054e-4
-1.9284463754379804e-4
-2.1529016881882435e-4
-2.467230002129226e-4
-2.885142949990176e-4
-3.31087003985648e-4
-3.760986889254025e-4
-4.2948199947657827e-4
-4.7342402350030556e-4
-4.8523330792394113e-4
-4.932141028029914e-4
-5.664160347233576e-4
-7.044140887010773e-4
-8.001173439107891e-4
-8.107801070740872e-4
-8.702746309557241e-4
-0.001076860835749744
-0.0013174400757340605
-0.001486050813061761
-0.00165846115515643
-0.001881483678202924
-0.0020728642242489434
-0.0022330856136293874
-0.002451055588151623
-0.0027131446461456394
-0.002971460002584735
-0.003263089828968391
-0.0036130731122497547
-0.004019846954413403
-0.004469792446915705
-0.004800688213250403
-0.004911942138620082
-0.005146091814452857
-0.0058196679990069585
-0.006567972610257083
-0.006967613713101176
-0.007291865125736068
-0.007815973400601185
-0.008243495717200754
-0.008519557182182452
-0.00909186059211397
-0.009977200997905956
-0.01074544964034139
-0.011334460226587701
-0.011842356582767381
-0.012145715652534292
-0.012436429219248828
-0.013068401037047983
-0.013719191727372479
-0.014083433991517496
-0.014850663165494694
-0.016410655003689333
-0.017714506449098413
-0.01795004697392566
-0.017855462138819552
-0.018237222768150034
-0.01890747859029122
-0.01968509011157661
-0.02070630123103102
-0.021665125121970785
-0.022195220215001064
-0.022582236669560222
-0.023116055352689444
-0.0235556679713049
-0.02378544349039646
-0.02408980340795328
-0.02461043305353217
-0.02526445256813333
-0.026077810907075973
-0.027126273811888042
-0.028283900843901668
-0.029207202887637142
-0.02968743245016941
-0.030124942278394736
-0.03119218146035863
-0.03283305511632337
-0.03440545225441722
-0.0358362880819625
-0.03748377450182313
-0.039096532550486104
-0.04030515835818446
-0.04173992641088634
-0.044174182466630296
-0.046879026710405634
-0.04825285876388103
-0.048132875300378374
-0.048224562147152886
-0.04972877685612824
-0.0517759858642571
-0.0531724771174151
-0.054226465628818714
-0.055468692336932975
-0.056295300239343815
-0.05637202548755317
-0.05655561916389465
-0.057344230739499825
-0.058278708209316056
-0.05932136036013857
-0.06110339671346002
-0.06384750135419096
-0.06721753891917343
-0.07071693736249547
-0.07344216664695623
-0.07416890028748604
-0.07285185533435051
-0.07188729177464222
-0.07391010622597645
-0.07769754964505593
-0.07942266037880379
-0.07881594950996937
-0.07918370582268748
-0.0810370211520042
-0.08239587213200666
-0.08428469027965792
-0.08810112970985073
-0.09076659073429648
-0.09022061699856507
-0.09013943156471993
-0.09296379587689771
-0.09573435979258935
-0.09646379245202868
-0.09648215352093417
-0.09614388862105146
-0.09556494584515636
-0.09670518420299148
-0.09935237838939281
-0.10031973833845641
-0.09951354994329095
-0.1005040735588066
-0.10417014089599737
-0.10745335848924609
-0.10834224419704473
-0.10819838848766536
-0.10917404087182467
-0.11142820160377981
-0.11389254711746731
-0.11655672381729906
-0.11931346398105472
-0.12003781843316447
-0.11798897139255643
-0.1164733917496417
-0.11765323780804353
-0.11914117313361418
-0.11920141973420366
-0.11917261410161183
-0.11903921631869249
-0.11727049413519619
-0.11469451455437082
-0.11312837695649187
-0.11252890350994325
-0.11239621801235715
-0.11229837814950638
-0.11080617446492926
-0.10758165792871208
-0.10457134256631131
-0.10287451443335485
-0.10154837288373392
-0.09971260842468675
-0.0968960314287139
-0.0930166591922217
-0.08949841432298677
-0.08741489010116772
-0.0851683321128546
-0.08140242453277934
-0.07764566858704684
-0.07509477145035988
-0.07237119079264608
-0.06842381598025522
-0.06414557487811663
-0.06037804561377556
-0.05698399607912977
-0.05374462288005877
-0.05063186236634724
-0.04758831317862684
-0.04455030628924566
-0.04149836296737688
-0.03848887432319864
-0.03550077873903703
-0.03245780961994807
-0.02977558345775089
-0.02799523046109523
-0.026552967652300096
-0.024493031725107563
-0.022228517409076862
-0.020624162685619507
-0.019291721332530234
-0.01770699186861829
-0.016336076712101206
-0.015306186701809908
-0.01404782526620523
-0.012709814776989256
-0.011857397947297068
-0.011205566912791023
-0.010297382203524635
-0.009386675695097964
-0.008683445068968806
-0.00797432128237342
-0.0072603335501597345
-0.006718290233703422
-0.006265041266386407
-0.005771064585354527
-0.005259488285629988
-0.004752785778231485
-0.004300619751909208
-0.003980270396782063
-0.0037337614228573172
-0.0034761534434936165
-0.0032288991782274245
-0.00297217748080775
-0.0026649882511769413
-0.0023914536269060522
-0.0021979255395843346
-0.001999391364037373
-0.0017944478192961652
-0.00165362090524832
-0.0015306575864069874
-0.0013750810097131194
-0.0012466623122373926
-0.0011597821449186513
-0.001061359498564478
-9.629195795869315e-4
-8.883088441675342e-4
-8.106198328385416e-4
-7.358202320656969e-4
-6.862303372803693e-4
-6.313746815917788e-4
-5.612651831422788e-4
-5.109707609249984e-4
-4.723931447317711e-4
-4.213494637260655e-4
-3.8163397114188564e-4
-3.60545514750529e-4
-3.284434450259394e-4
-2.919944211118412e-4
-2.726868542834225e-4
-2.529211474265878e-4
-2.2282088688726977e-4
-2.0054549694823533e-4
-1.8402827348392367e-4
-1.6294127905858594e-4
-1.483500163418469e-4
-1.406881603358571e-4
-1.2611225528852575e-4
-1.1099180859195362e-4
-1.0432138348054083e-4
-9.598611543351175e-5
-8.413957163571998e-5
-7.780968068616425e-5
-7.234231172650387e-5
-6.282152323936685e-5
-5.6897768769075005e-5
-5.420680031584362e-5
-4.7658911310899244e-5
-4.145920559330662e-5
-3.936363023926634e-5
-3.569488004410605e-5
-3.0610906614660014e-5
-2.8658544120198594e-5
-2.668419865006612e-5
