1.53201995592172e-6
1.5379271637621898e-6
1.587410718848453e-6
2.1274961174897356e-6
2.3381116580534857e-6
2.2553360306486763e-6
2.805671588100054e-6
3.254256380176259e-6
2.987135855180736e-6
3.4310515741825114e-6
4.633043088060233e-6
5.048756004244474e-6
5.457925572592953e-6
6.819393744498569e-6
7.531257509055853e-6
7.658392184008391e-6
9.22746851643534e-6
1.146905401364929e-5
1.3048876185707134e-5
1.4831041062617901e-5
1.639132117920109e-5
1.748445132905057e-5
2.0643736086775817e-5
2.5318884941503533e-5
2.8463768843090452e-5
3.197987134053876e-5
3.7311111637374484e-5
4.092511199936946e-5
4.4018602013473304e-5
5.063857839256464e-5
5.791601014913385e-5
6.45835715459329e-5
7.286114709563373e-5
7.627523034834918e-5
7.398964954721194e-5
8.288088539437447e-5
1.0584258936092356e-4
1.2433098873957732e-4
1.3687220701925904e-4
1.5425975291248807e-4
1.6845685425100507e-4
1.7307618085307192e-4
1.7784055809469588e-4
1.8537159855226438e-4
2.0105564071328956e-4
2.3599308078468264e-4
2.684498282126205e-4
2.7749320284517606e-4
2.999034979807826e-4
3.5566487678731864e-4
3.932902516090439e-4
3.887712150091407e-4
3.762951339506279e-4
3.702062559706561e-4
3.8796809603942065e-4
4.649137704069005e-4
5.596156025605565e-4
6.077259373892479e-4
6.518775939046743e-4
7.300415662223311e-4
7.792865159253533e-4
7.844295255220679e-4
7.92128387804954e-4
7.904260497792043e-4
8.111552706722929e-4
9.402082103406021e-4
0.0010795997804329484
0.001080395934041234
0.0010725970424919683
0.0012097127388614771
0.0013600504858759664
0.0014448778812636255
0.0016022470278581392
0.0018045432947519462
0.0018943800646017217
0.001951016435610906
0.002081975850546124
0.002171116426273139
0.00222540766985584
0.0024563648466806288
0.002826849146992592
0.0031222527352717556
0.003473958119161115
0.004181131326190673
0.005096160608807367
0.005797612812546446
0.0062914987303717106
0.006947945164135905
0.007798404338505711
0.008505923291212013
0.008979184637962096
0.009439205491457587
0.010055389307007096
0.010959308137355496
0.012176777930744594
0.01335146602076409
0.01425568496216552
0.015374850042596767
0.017085717009480784
0.01889003187551864
0.020303005311437514
0.02152931643823949
0.022775109468196338
0.024018579253042092
0.025475510254512383
0.027346330149838043
0.02948805523835615
0.03172210005168485
0.03385113679444223
0.03567673237652524
0.03750425998846724
0.03971358364968127
0.041769065488940486
0.04297801444732785
0.043821122654109514
0.04523740427644738
0.04739504799478951
0.050141212587070154
0.05358212927156029
0.05733667296495911
0.06017569734993069
0.061559264944580354
0.06301206317468475
0.06624086165751075
0.07013155657191514
0.07225783767369394
0.07306558327440538
0.07496664023805291
0.07790620514444743
0.07991363036417204
0.08109296179294767
0.0832981893233087
0.0866952997301294
0.08920630993741967
0.08941030592732499
0.08917040510159695
0.09168290564430913
0.09637780615499295
0.0996151995255795
0.10102233433681361
0.10294599804172128
0.10453853403622757
0.1043509004841835
0.10544252498392215
0.10990726767012521
0.11429276512088682
0.11617418275927338
0.11725848975826503
0.11822753572187002
0.11888669667831141
0.12068104470900606
0.12286695780469434
0.12285720779066599
0.12210828398013822
0.12269387439215824
0.12178708234324898
0.11850564493351855
0.11758049029295525
0.11964906985695255
0.11957555177274712
0.11702835262710332
0.1164326189265918
0.117655239457944
0.117093039880206
0.11425005587727383
0.11069042515500127
0.10708043477543751
0.10392274460238421
0.1016989105906475
0.10037589261472889
0.09974792534337876
0.098858856157812
0.09649891794497031
0.09321264086534528
0.09011793478969246
0.08664223165011802
0.08225960640396231
0.07788154349823175
0.07394314719232441
0.0703332059886292
0.06754646341133282
0.06514305335052854
0.061785409537316184
0.05799165025653462
0.05503337919084801
0.05203944855639665
0.04792554359197003
0.04353857135771422
0.039518955203819005
0.035649511086900225
0.032701561376830356
0.031222863988546127
0.029770843648999134
0.027174291275956657
0.024288335961030062
0.021996243306434106
0.019933106289076758
0.017684702344290957
0.015475294322890541
0.013738649084322709
0.01266448582042858
0.011968606301025295
0.01135463019401323
0.011030360258239785
0.011010535459083556
0.010665712326196349
0.009864089295786376
0.009426218627894577
0.00977846118884813
0.010364505936490276
0.010642029022100786
0.010610439469423917
0.010442757290604957
0.010329148201650155
0.010421682524666005
0.0105812871230048
0.010534600717440641
0.010350313638823973
0.010320798347313306
0.010405554130159167
0.010295853709351273
0.009988474047802955
0.009748059304145035
0.009582195768338696
0.009333722662468402
0.009109694992096797
0.009050836580191015
0.008980029353384027
0.008727448999421166
0.008401072182445825
0.008099985154408303
0.0077890954305702385
0.007470069836987111
0.007148868605080589
0.006792599200384511
0.006442879077267099
0.006139927086245968
0.005819743360549797
0.005464624623727642
0.005136543228171373
0.004834533744051653
0.004549988314175532
0.004318228865725973
0.004089098463450875
0.003799457483447733
0.003526085502433946
0.003317326559684617
0.0030921961288558363
0.002850589728586293
0.002669461505395987
0.0025051637925805562
0.002296877193089818
0.0021034540125206267
0.0019524808613185696
0.001796281634295896
0.001647707010871835
0.0015304426762577648
0.0014014276697172433
0.0012600017931192228
0.0011544618489376078
0.0010673263413633447
9.668548620439147e-4
8.803973998695385e-4
8.135199755625849e-4
7.375279529751015e-4
6.651125821108294e-4
6.116359786497244e-4
5.532699692886655e-4
4.90809776079884e-4
4.4724185151404593e-4
4.0803191416474086e-4
3.58632169968411e-4
3.188543006616908e-4
2.915192771027679e-4
2.601550020953751e-4
2.3130028366554937e-4
2.1112372563629765e-4
1.8658259302430883e-4
1.6027494140244416e-4
1.4453670353776078e-4
1.3110475214212337e-4
1.1313864191071474e-4
9.98106516267297e-5
9.02017405785389e-5
7.674016180187859e-5
6.517280538447346e-5
5.9044885736076686e-5
5.150242056521697e-5
4.3427064597341395e-5
3.95384279356315e-5
3.532181619281202e-5
2.868746865994001e-5
2.4622486433410657e-5
2.229983244493372e-5
1.8222166822065133e-5
1.5025318021639355e-5
1.3787512302675986e-5
1.144093248635031e-5
8.88806039724699e-6
8.241781410551687e-6
