-1.047430719921168e-6
-1.204215722281047e-6
-1.2160093604340438e-6
-1.236895286350184e-6
-1.4106546791643677e-6
-1.5259798403979274e-6
-1.5696281700869563e-6
-1.778217102712386e-6
-2.1505147500368747e-6
-2.6030068964857445e-6
-3.044122603731861e-6
-3.2702860840091376e-6
-3.501970870295399e-6
-4.1172755258953464e-6
-4.769867819261364e-6
-5.3440024625894306e-6
-6.4181046104827605e-6
-7.402067982216817e-6
-7.391306662689222e-6
-7.826652996382186e-6
-9.904201937621803e-6
-1.1925860661289556e-5
-1.3210993693948537e-5
-1.5102673370516688e-5
-1.6687120091587073e-5
-1.7134037835550267e-5
-1.9276025951845748e-5
-2.3492626887935688e-5
-2.6191381203965347e-5
-2.849988423712058e-5
-3.411769553261967e-5
-3.986919500152716e-5
-4.244196689490929e-5
-4.76686254810154e-5
-6.045217655057137e-5
-7.489153314536738e-5
-8.323156525392222e-5
-8.70872329584599e-5
-9.443464869062957e-5
-1.0754267002533457e-4
-1.2108862065200667e-4
-1.3744517078642584e-4
-1.6729425751064127e-4
-2.050423199003558e-4
-2.3409910514568408e-4
-2.6109478880453055e-4
-3.0094208852520036e-4
-3.4434236261105466e-4
-3.885285262733772e-4
-4.4839325271678766e-4
-5.048824361210342e-4
-5.394419772189044e-4
-6.08809348300194e-4
-7.453530025243069e-4
-8.606423100152618e-4
-9.076413901793643e-4
-9.758663186482692e-4
-0.0010853690656737938
-0.0011438720444928363
-0.001198442324460948
-0.0014033575278770904
-0.0017216706937318617
-0.0019862552186670356
-0.0021711295016925507
-0.002344295028765553
-0.0025461531182684846
-0.002842804953771607
-0.0032285587016249863
-0.0035265517975149215
-0.0036800871343046306
-0.0038942119424614104
-0.00423417515229061
-0.004503524372178202
-0.004683380999932742
-0.004990923707193612
-0.0054873003267332035
-0.006086718339937147
-0.006756506819931019
-0.007379054165436258
-0.007824661981883146
-0.008278913537519996
-0.008923456238075106
-0.00945293072361459
-0.009607188300549055
-0.009774931808484759
-0.010339860120247265
-0.010988303578250428
-0.011291219688866101
-0.011381058401852807
-0.01167877490197857
-0.012478376600027105
-0.013811042211143381
-0.01526769250829711
-0.016257905512546175
-0.016777057471363405
-0.017416410416782407
-0.01842916596068234
-0.019384667152752125
-0.019906375806882787
-0.020272214436157596
-0.02103250329135744
-0.022205339554803444
-0.02328813410056567
-0.024222660786677102
-0.02553160406564623
-0.027038000648754886
-0.027783521482068613
-0.02785319250628691
-0.02841754558249046
-0.029499835104642363
-0.030181492994574066
-0.031026741595739885
-0.03316459811063926
-0.03550713927014785
-0.03643171923679203
-0.0370043091681992
-0.038836063906893474
-0.040693891463417266
-0.04089160858466048
-0.040574827684876566
-0.04136493001038157
-0.04255452531873474
-0.043267674567723666
-0.044396197436774656
-0.04645841031579713
-0.048451415338019534
-0.049940093516911484
-0.05160637907859988
-0.05352489405306286
-0.055327430777270904
-0.05734922828310813
-0.059443702347894006
-0.060485767696246216
-0.06104261546323915
-0.06333413222697132
-0.06649881846888053
-0.0666869435263734
-0.06415060863757195
-0.06390775105037032
-0.06705303707251266
-0.06931577006378674
-0.07005949201614159
-0.07305171365889952
-0.07720748441714015
-0.07755350997205254
-0.07541748845977067
-0.07643624329935315
-0.08028825937863338
-0.08293034425172464
-0.08471756486793572
-0.087167286100537
-0.08821912983418059
-0.08758733816165236
-0.0887247636599546
-0.09169136514829415
-0.09293707545412082
-0.09267790498541947
-0.09380519531220187
-0.09564306127422802
-0.09612585028911605
-0.09624328104585592
-0.0972922752631986
-0.09846670374447082
-0.0995744903070451
-0.10139061931355445
-0.10314765401097517
-0.10378058788726227
-0.10429084788312963
-0.10556637065928333
-0.10601054310606578
-0.10432520652667115
-0.10245674642052956
-0.10255512350069715
-0.10313190244448138
-0.10235299604941468
-0.10260751769163871
-0.10614088046290251
-0.10945371990455963
-0.10893154408289954
-0.10735769365998579
-0.10770456765647582
-0.10724595008164149
-0.10444812538229457
-0.10319223191421752
-0.10512154991730656
-0.10689498477942488
-0.10723748659580451
-0.10794550126291694
-0.10867675882604522
-0.10805362016783919
-0.10689982422102028
-0.10573466435933337
-0.1035186155484598
-0.10064844325126836
-0.09858145637176957
-0.09716394708748777
-0.09581846638586347
-0.09493566388460262
-0.09415024299408235
-0.0922285083647746
-0.08911517875823398
-0.08574542289298667
-0.08254466398166425
-0.07935935427768409
-0.07587110094646551
-0.07202055173136633
-0.06844442705614846
-0.06553723598713518
-0.06253956852403883
-0.058927627761271556
-0.055433368267348786
-0.05253650645026274
-0.049681189991536215
-0.046560410630559504
-0.04352731140052612
-0.040803229619007425
-0.038369589493581525
-0.0361329001010928
-0.03386890680028098
-0.03158702236513902
-0.02957665974624915
-0.027767735500080125
-0.02585520744343534
-0.023989057262583928
-0.022457124790832075
-0.021070238316515458
-0.019521452919531973
-0.017877054837015974
-0.016404534167224535
-0.015227892135700175
-0.014183326064674847
-0.013054197540750049
-0.011991157201746051
-0.011251944603720344
-0.01060507316891535
-0.009726655398487608
-0.008860736962059024
-0.008292112926675154
-0.0077609729200232925
-0.007047459115011695
-0.00638432581053994
-0.005917387137557498
-0.005481484238257802
-0.004991433381252481
-0.004523925467806999
-0.00413753324157833
-0.003857104486311619
-0.003636788290724845
-0.0033593855960774048
-0.003019810830632137
-0.002727209281079856
-0.0025083379457534033
-0.0023233985858201723
-0.0021656805116811225
-0.0020061124140616955
-0.0018123431548457897
-0.0016316613724973053
-0.0015015376358542964
-0.0013857327241456512
-0.0012704757471179039
-0.001166152075721207
-0.0010481314686568587
-9.257126298135641e-4
-8.493446372940392e-4
-8.006061756724131e-4
-7.288117130955314e-4
-6.531324560536564e-4
-6.002124695842162e-4
-5.486600944828074e-4
-4.963836854102445e-4
-4.594104099041705e-4
-4.207888486637591e-4
-3.7318677851755144e-4
-3.386800086791931e-4
-3.122973782188198e-4
-2.768944428733627e-4
-2.4776254749912026e-4
-2.3223759094002897e-4
-2.1093514030223466e-4
-1.8545395331029705e-4
-1.7004180116851373e-4
-1.5527068452468454e-4
-1.356737969820839e-4
-1.2434020415305827e-4
-1.186944262024964e-4
-1.0680316530694202e-4
-9.487023508689562e-5
-8.816941864562074e-5
-7.899640714652682e-5
-6.868702833907535e-5
-6.365675325398226e-5
-5.867501479322929e-5
-5.07581182692465e-5
-4.584394399941189e-5
-4.301906481049964e-5
-3.779569131461478e-5
-3.3261710493706524e-5
-3.0868286718896756e-5
-2.710045559681993e-5
-2.339599107284454e-5
