9.86853001862381e-7
1.169950216453805e-6
1.370283547605928e-6
1.548850316979541e-6
1.8073781006112001e-6
2.1357972191617313e-6
2.5029807073539463e-6
2.9136186677549854e-6
3.3755809248222832e-6
3.915022280154883e-6
4.447775056110827e-6
5.153145541289874e-6
5.984304934647327e-6
6.811886066050935e-6
7.6929098269476e-6
8.855590426034833e-6
1.0184732395788364e-5
1.16950871692189e-5
1.3229565116673424e-5
1.513929978591726e-5
1.7292922500217684e-5
1.933236090712879e-5
2.2068730839504643e-5
2.5026616949986166e-5
2.8390941943295485e-5
3.1370421596626174e-5
3.5462377656494334e-5
4.0114541395381145e-5
4.3876778453341364e-5
4.903649939030129e-5
5.4809193316830076e-5
6.160360105606993e-5
6.865026393848764e-5
7.672140966380537e-5
8.515035230024786e-5
9.185968956404333e-5
1.0182460021264938e-4
1.1112124133029046e-4
1.1936011922662596e-4
1.3059785687386e-4
1.4100340422661033e-4
1.5367563337246893e-4
1.6468087283734152e-4
1.779173851116491e-4
1.916376728814667e-4
2.0121768589974765e-4
2.125164736674709e-4
2.2473637861929825e-4
2.3124506516519929e-4
2.447157457973685e-4
2.480074618040395e-4
2.467359364097181e-4
2.552970473620593e-4
2.5358021961702324e-4
2.5679284975865655e-4
2.4636875551311703e-4
2.3631224794800568e-4
2.2698462507304628e-4
2.182850553278684e-4
1.9944229817595813e-4
1.6906267894668478e-4
1.551744448416946e-4
1.247158318128133e-4
9.927226126128217e-5
6.386003503888545e-5
4.993328941196468e-5
2.4622350436628032e-5
2.827690740114638e-5
3.330081283769117e-5
3.124456041939424e-5
8.295082162229045e-5
1.1272583252057926e-4
1.9036862692276146e-4
3.0018808684805843e-4
4.1057633439713266e-4
6.0256010448059e-4
7.844106030741051e-4
0.001008663347410144
0.0013224877789738488
0.001666207220880329
0.002043537863736686
0.002518026515427467
0.0030173730294720032
0.0035826864484016464
0.004218112431897549
0.004904943053254713
0.005650065811942621
0.006474715396218339
0.007382614386442176
0.008354645768690548
0.009407685309067439
0.010595323543747297
0.011858909480793958
0.013204273434044749
0.014530801955747264
0.016035739281371402
0.017686440761139777
0.019310445279440144
0.020983840879847233
0.022823412893375583
0.024765539934571194
0.026819295287189987
0.028861262614076975
0.03116098839275973
0.033426645705947694
0.03582726784578442
0.03845001625183077
0.0411096892080207
0.043504192589952605
0.04646228267438686
0.04954294174704227
0.052608022375088555
0.054910743752869036
0.05797705712750162
0.061530606683622355
0.06442157006198541
0.0677509991066757
0.07087292754813006
0.07433358630704714
0.07753291728687314
0.08096046563709913
0.08427101382405616
0.08795437265384236
0.09153463449430739
0.09498478866686655
0.0984959768406213
0.10173118784131119
0.10537375109613793
0.10874615140310392
0.11208949579050392
0.11532698324155202
0.11872267985974273
0.12240768365494588
0.12489118986344892
0.1279804652395913
0.13086131841763282
0.1343493294953819
0.13795363851313552
0.1396541277330615
0.14173776331815807
0.1439015100778488
0.1461048887400918
0.14831372269853796
0.14989324979046362
0.1517778452165117
0.15325379229434516
0.15469549326137313
0.15589762542196306
0.15638725829868977
0.15723779620595896
0.15783096368276794
0.1582020436008142
0.1588577187476229
0.1579652459320096
0.15681657391910284
0.15576483216032905
0.1547804760852699
0.15349455402466933
0.15225682804273805
0.1512094146311745
0.14842036387084834
0.14570517871960897
0.14318689033911086
0.14014546725358712
0.13689125005380234
0.13379616159581248
0.13099735214853855
0.1267101908128779
0.12301245836796357
0.11907419416799847
0.11579133495916516
0.11058576870030801
0.10539550516070771
0.10014424830613634
0.09539586508363364
0.09048278518804696
0.08520429361255805
0.0800328887239959
0.07452538956188401
0.06943171695195352
0.06434954869945378
0.059047767980663086
0.05371992186478945
0.048903635954639695
0.04361121010100606
0.038650716576428226
0.034440268745508464
0.029856959160345548
0.02539237588434254
0.021441854374615345
0.017901564972574287
0.014621613167726887
0.011668257674651067
0.008929963539590495
0.006584055962057675
0.004916306491659299
0.003118113825910165
0.001953183577430531
0.0010506612557617324
4.785915444320498e-4
3.306656523227041e-4
3.3759645247808637e-4
7.541682501376665e-4
0.0011376668531715445
0.0017128734988885413
0.002497393141502489
0.0033671656940430727
0.004330030488806102
0.005343799802847857
0.00637952002169871
0.007333629952789189
0.008367891719064286
0.009179833674892418
0.009950485114334877
0.010670583025682152
0.011318256251217093
0.011849143187870077
0.012348618287409005
0.01271167069059391
0.012943036437470962
0.013101529236346747
0.013180082509324205
0.013210461384920352
0.01311507168548999
0.013040182090179625
0.012845636685908903
0.012574417078157315
0.012287244821047164
0.011987161840674358
0.011644333406660224
0.011260145611230418
0.010849303199074387
0.010398006697573207
0.009978296886153797
0.009541736656041026
0.009059339152749315
0.008646337313505892
0.008215805604512037
0.007789015243684021
0.007352893043759788
0.006923363904224726
0.006502140665201702
0.0060991856251473835
0.005711285830484407
0.005352658730428795
0.005004926063920273
0.00467349734002573
0.004354261131174945
0.004040218753631854
0.003745377636232117
0.003460080997195829
0.003197134577871477
0.0029537970399645614
0.0027229852092480753
0.0025131066356395065
0.0023089309745160957
0.00211822498953908
0.001936565308286956
0.0017710967548948016
0.0016192975192250347
0.0014718055747177865
0.0013380628267590446
0.0012187812296415735
0.0011075030913164654
0.0010055004766521011
9.090351774554235e-4
8.225593428388817e-4
7.404111749767478e-4
6.651452415551263e-4
5.976962286458577e-4
5.356041452052832e-4
4.803233044457822e-4
4.3003832870308444e-4
3.846597635184462e-4
3.4306230743064636e-4
3.047363264463e-4
2.70590208494527e-4
2.3892875925309178e-4
2.1049632476327377e-4
1.851983032524381e-4
1.6312328433208654e-4
1.4295286207826425e-4
1.254298743280916e-4
1.0958570052376973e-4
9.542254781449847e-5
8.232196914115509e-5
7.120465052673193e-5
6.123901423343905e-5
5.2650501067415464e-5
4.4950129913504496e-5
3.8204313728799086e-5
3.254108161308886e-5
2.753035560550065e-5
2.3046110136224138e-5
1.91732370257793e-5
1.583558737204932e-5
1.3069309078736386e-5
1.0664767249385171e-5
8.626988598209073e-6
6.910029281449947e-6
