-4.13198860559282e-7
-4.789971594549295e-7
-5.488374404213354e-7
-6.480634477942599e-7
-8.058734231799101e-7
-9.380326548271908e-7
-1.084309973350251e-6
-1.2545276163033873e-6
-1.4586609476363682e-6
-1.6827251335517206e-6
-1.968264691222203e-6
-2.3411048701027146e-6
-2.6854182407464883e-6
-3.099629777756522e-6
-3.75318296855154e-6
-4.345874576853844e-6
-5.107059669200835e-6
-5.871803415930477e-6
-6.859004709626645e-6
-8.020543313517365e-6
-9.176350942056914e-6
-1.0842051997828019e-5
-1.2555225084941258e-5
-1.4460818254513856e-5
-1.6673685354457608e-5
-1.9480959045107262e-5
-2.279103160922697e-5
-2.6047699178830375e-5
-3.061045372563193e-5
-3.628725611380741e-5
-4.1723273073291654e-5
-4.7958603771954176e-5
-5.580232899037413e-5
-6.405627678737892e-5
-7.310729853676996e-5
-8.508993886816439e-5
-9.84001959416012e-5
-1.1279250722793634e-4
-1.3281474605879073e-4
-1.5035577410529787e-4
-1.768522873386231e-4
-2.0323755032225884e-4
-2.333695239747202e-4
-2.69344396276014e-4
-3.0631234262373623e-4
-3.529557908665288e-4
-4.0511391413857454e-4
-4.597185930488734e-4
-5.254702003347008e-4
-6.011211678577713e-4
-6.89263338073322e-4
-7.798097963955582e-4
-8.947055121830844e-4
-0.0010241783799094972
-0.0011523698268780021
-0.0013064780374451197
-0.0014789335910862901
-0.0016535245211743328
-0.0018418866776903039
-0.0020730101800814247
-0.0023204946193471298
-0.0026015842920041263
-0.0028888236492095364
-0.003197134075705873
-0.0035259506006029783
-0.0038870564566346566
-0.004288351870244261
-0.00468217098375674
-0.005080637228053089
-0.005501604896313947
-0.00596484401505654
-0.006450178537900237
-0.006957849947784564
-0.00746603317032521
-0.008016124954829507
-0.008535842962604269
-0.009102745801824103
-0.009682636993327467
-0.010125956482823278
-0.010784398372296675
-0.011305896342335937
-0.011885566337558476
-0.012503442673295544
-0.013133131285867823
-0.013722522629853474
-0.014333835693642959
-0.0150194859776119
-0.01565755469251557
-0.01628173328592903
-0.017054711809766553
-0.01761351478537515
-0.018123975931248974
-0.01884117417537166
-0.019485626789866473
-0.020251542321575975
-0.020905271342939995
-0.02159702042201269
-0.02241997283189735
-0.02316018855694355
-0.02410720587896653
-0.024655861211414547
-0.02519730413708358
-0.026090895777637933
-0.02680734551401847
-0.02774604986691553
-0.02852727798750071
-0.029411221279088507
-0.03034469837318686
-0.03154144652887481
-0.03220610363563024
-0.03306288231670323
-0.0338019639825224
-0.0350369856296647
-0.035943535792022654
-0.036773392792289375
-0.037861024239026715
-0.039363468859189815
-0.040355351610669186
-0.04165991749846118
-0.04296337552963976
-0.04380443274648678
-0.04512277509163601
-0.04595870164411172
-0.047161958685117494
-0.04787359874364914
-0.049554202796170205
-0.05057854395019468
-0.05233412525403815
-0.053725698590634745
-0.055367560828646106
-0.05615310476113892
-0.05774532919524679
-0.05810434219982024
-0.06072127800344339
-0.06241593658292773
-0.06289483433255055
-0.064141761890247
-0.06497933799830191
-0.06783000081964333
-0.07013626799813164
-0.07148971549030232
-0.07342136303669805
-0.07461269122021612
-0.07692300825620334
-0.07659807583426001
-0.07870713908128706
-0.08077045467461319
-0.0825667790576337
-0.08433451903817893
-0.08599746747852854
-0.08711814994351563
-0.08961773038708468
-0.09015017438444549
-0.09264404137153245
-0.09570453585782268
-0.09727092112348518
-0.0995446608456569
-0.10107136578388354
-0.10245406323833534
-0.1032435110585917
-0.1073800220165139
-0.10964009780839444
-0.1117884287083693
-0.11367780630883624
-0.11441438741068209
-0.1167754832120291
-0.11776288057663442
-0.12066400975461583
-0.12180541462791795
-0.1239383693154962
-0.12502378845293852
-0.12871629753161698
-0.13090138300701099
-0.13224465570754596
-0.13336739492163546
-0.13591273214188587
-0.13716595880257285
-0.13885516533859235
-0.1407392945956593
-0.14220442370526154
-0.14279746138656255
-0.1442947576914811
-0.14526034792925654
-0.14513451232374378
-0.14643696698428368
-0.14660467213265993
-0.1461260417881146
-0.1465480009522984
-0.1468789197210337
-0.14574664753965522
-0.1446769405739986
-0.1434629882518646
-0.1411528471467024
-0.13935765153622412
-0.13693895500655212
-0.13345966600369205
-0.13145292516526907
-0.12820629890549506
-0.12445916866605836
-0.12061403770324684
-0.11628788204077548
-0.11209745366321444
-0.10705809968142169
-0.10251578580712288
-0.09759453663287629
-0.09315893640855932
-0.08851762720134354
-0.08360307665625483
-0.07895737472432142
-0.07417589101227126
-0.06980193684685544
-0.06500361156007375
-0.06076581446837012
-0.05666559420110342
-0.052877037670471146
-0.04922967980881178
-0.04575504948768511
-0.042334040156649405
-0.03906069542552131
-0.0361398896480218
-0.03327566173245905
-0.030913415746522066
-0.028312405415992045
-0.026006744359933907
-0.023993334441338436
-0.022059397250268977
-0.020319779099024788
-0.01871771651687948
-0.017200663571374952
-0.015858414807209856
-0.014499221714443802
-0.013330682776677644
-0.012112732202422077
-0.011052822669244863
-0.010150974564047392
-0.009350122828019716
-0.008591108609997403
-0.007876192651925833
-0.0072246466506344885
-0.006614769384957742
-0.006036192725611198
-0.005517168609842093
-0.005036207533057853
-0.004594772741254626
-0.004223390783213319
-0.0038741808973029816
-0.003544937108656529
-0.0032471657254617334
-0.0029647682018855096
-0.0027148085916787884
-0.002490563570962159
-0.002280535831871245
-0.002072202265194314
-0.0018924696135000673
-0.0017347683626269838
-0.0015888412585234391
-0.0014557974703286545
-0.0013333942584180967
-0.001222012723300121
-0.001118100955073112
-0.0010218939746506586
-9.368525379534696e-4
-8.510983094464334e-4
-7.765308260187787e-4
-7.112667469147821e-4
-6.50223328285639e-4
-5.954933017783103e-4
-5.47197793601756e-4
-5.003418548657718e-4
-4.5805837915040043e-4
-4.182112693692519e-4
-3.8061255968312917e-4
-3.464839332274016e-4
-3.173614520845776e-4
-2.897128995032809e-4
-2.655713316356976e-4
-2.4256159516649483e-4
-2.2240647529855862e-4
-2.0393228253506163e-4
-1.862081158023169e-4
-1.694988963168431e-4
-1.5489591475283942e-4
-1.4146702944515616e-4
-1.291256065473846e-4
-1.1745128257097558e-4
-1.0761260482913331e-4
-9.815311047112969e-5
-8.965688476779639e-5
-8.163772675484786e-5
-7.439035783645805e-5
-6.756271102497882e-5
-6.140380400309513e-5
-5.5761038718593636e-5
-5.07307909539452e-5
-4.604690088264174e-5
-4.1912818677225744e-5
-3.7986716047835146e-5
-3.445588359505636e-5
-3.113033665388253e-5
-2.7997633464207917e-5
