1.4067004499742305e-6
1.5618892874344225e-6
1.4505654445998456e-6
1.9020762811524994e-6
2.418541040971015e-6
2.3295515733296683e-6
2.682975320965499e-6
3.5336378564956274e-6
3.6016671792708983e-6
3.76055553882124e-6
5.0011088026271794e-6
5.656711972796897e-6
5.6432817623166535e-6
6.826572265790477e-6
8.03640374186675e-6
8.205901648502929e-6
9.768375154355196e-6
1.2393748950758968e-5
1.3365682763313504e-5
1.4537369075638798e-5
1.718538568068872e-5
1.827619724067274e-5
1.9420493600358368e-5
2.3872097971118497e-5
2.7152599445196653e-5
2.7937827992816746e-5
3.275799829293124e-5
3.9587044022027206e-5
4.246485551608547e-5
4.773470524560678e-5
5.856060927059831e-5
6.58801823113733e-5
7.100949976791177e-5
8.213751680294097e-5
9.355307413480886e-5
1.0257023335039784e-4
1.1764251705702351e-4
1.3380814139467184e-4
1.4524368117153303e-4
1.6563479597467474e-4
1.9347520192256523e-4
2.078406518590857e-4
2.162322147395951e-4
2.3678087032659288e-4
2.580522625305281e-4
2.784490738997681e-4
3.158977442976731e-4
3.5293009596966846e-4
3.6555824521423367e-4
3.776702879145094e-4
4.071987288821844e-4
4.3744696652791724e-4
4.68449968296394e-4
5.003287005389817e-4
5.162564570904343e-4
5.44035191821497e-4
6.12670594535363e-4
6.70334966797118e-4
6.986431414507113e-4
7.773445146943419e-4
9.136030057321329e-4
0.0010213988299839689
0.0010878543049664877
0.0011219178696784164
0.001071522228408993
9.860153057767345e-4
0.0010035787219041217
0.0011085147567214662
0.0012150493041892753
0.0013837332979245692
0.0016401368820319116
0.0018092559973916645
0.0017756679655600472
0.0016747208431456407
0.0017024749691998116
0.0018745166089330005
0.0020240718653407766
0.0020796642014348377
0.002247420070467938
0.0026547631678683157
0.0030544972952594707
0.003302097774337213
0.0036861686818308995
0.004353251732630301
0.005016157161123861
0.00552048906043181
0.006049167444445082
0.006727274439271823
0.007516279699930005
0.008291828982121819
0.008909099004567005
0.009551534918405212
0.010634008194691083
0.01200824116701195
0.013100618148457779
0.013967424285575448
0.015056046557622813
0.016148732560513503
0.016852194300235924
0.017614757495952475
0.019056686873613348
0.02099105436960921
0.023020611801130554
0.025278476846036582
0.027839633042444575
0.03019621336663166
0.03204152278410109
0.03388325944874789
0.03608205027316566
0.0380855490594856
0.039667629723238125
0.04177736753365144
0.04477182544327607
0.04745798954126729
0.04947841596417087
0.05235609811491402
0.056486083775326906
0.05991410287323335
0.06175903090251246
0.06375117580026034
0.0667738004622201
0.06896120250386659
0.06901775937462248
0.06885607302030614
0.07090879939595962
0.07462224160752161
0.07775323550765673
0.07983464773577476
0.08208285684377997
0.0849793961284501
0.08820020464323496
0.09172246012475711
0.09503747807124592
0.09684005680151186
0.0970459523105985
0.09739999837739452
0.09921346418447821
0.10217662628608458
0.1056309061625502
0.10936111068843003
0.11272799226506902
0.1142173828294379
0.1132460161845167
0.1122124930783141
0.11426599435318074
0.11858257895566726
0.12143880540062311
0.12217191777174671
0.1231397623255486
0.12421534809807155
0.12331614720747681
0.12142301508573594
0.1211845416320219
0.12211142742921885
0.12190708158118051
0.12043666599396062
0.11913844770673167
0.1185848476599296
0.11826864923351041
0.11745392905932181
0.11599444560019789
0.11458436292222617
0.11360141863509908
0.11247637843997023
0.11100031984737997
0.10983000418217075
0.10915206219212455
0.10817472166519349
0.10600555835965636
0.10254421091052111
0.09893034384868707
0.09642419663872924
0.09433250651956962
0.09092330007052103
0.08647459192728844
0.08257430442963876
0.07905303424859624
0.07492922104728922
0.07101998931435355
0.06838798306582075
0.06593112076430757
0.06203849213582691
0.05692107202066863
0.05182882535695336
0.04750773944009674
0.04413202641787543
0.041619330905434744
0.039539254004576786
0.037104861310634965
0.033715159957969885
0.029758820627349664
0.02637385025916234
0.0240692504709305
0.022391028272690832
0.021005471507594187
0.019859172752960525
0.01847793828353414
0.016490004494604433
0.014407457007261393
0.012851074318136783
0.011752309807895727
0.010889150567924744
0.010278073292694614
0.009846939369974644
0.00945923059701031
0.009092541112563454
0.008670894039511292
0.008174217951592259
0.007849411563118443
0.007834548125457436
0.007955335617574283
0.008152846832416363
0.00848896887350298
0.008758269903757006
0.008800003965558792
0.008904381993175874
0.009293066228021446
0.009668960751418397
0.009726200122974126
0.009599433002827581
0.00955522710547315
0.00963111772045917
0.009666069895627134
0.009506811660222873
0.00920711074204533
0.008971018251815604
0.00883450289571665
0.0086386146909704
0.008362488181896824
0.008151219968230504
0.00801522329906215
0.007820847394807606
0.007521792991108033
0.00717324721307383
0.006819097946554304
0.0064788838821729635
0.006146749813413405
0.0057990827063491845
0.005458501532522228
0.00516897790609373
0.004905443546555229
0.004620836917903769
0.004334471810078021
0.004078071837244762
0.003835931547619684
0.0035919010625575405
0.0033523275992246317
0.003118539100631968
0.002893866832693412
0.002685321239107797
0.0024837632572918523
0.002287252193293461
0.0021131953382132387
0.001953818471072192
0.001784527416164102
0.0016234391677331483
0.0015028349449441396
0.0014036347516082764
0.0012919276986978641
0.0011765365717664865
0.0010771615522669339
9.880886889839392e-4
9.015005222637821e-4
8.204606289043755e-4
7.439505043205919e-4
6.700009637258635e-4
6.031921618238837e-4
5.450719380466284e-4
4.925008036239709e-4
4.457221671926699e-4
4.053593469338782e-4
3.6806134243608235e-4
3.3136364907356935e-4
2.9601668996226394e-4
2.6368989181259204e-4
2.3568107251396378e-4
2.1081278923109877e-4
1.8632348107261603e-4
1.6320976071261504e-4
1.447613642800375e-4
1.2986976848035407e-4
1.1509794664422263e-4
1.0062264068589842e-4
8.815792111997225e-5
7.740907652678292e-5
6.775653043307045e-5
5.913062251418916e-5
5.105825251210787e-5
4.373858815875681e-5
3.8077237996595774e-5
3.361977836888305e-5
2.915693039208366e-5
2.4810800693129144e-5
2.1256096190446075e-5
1.8326633833987473e-5
1.5693782441198394e-5
1.340390724300717e-5
1.1382967830130085e-5
9.476770743584578e-6
7.773653779503857e-6
