-1.0305442307748173e-6
-1.1411526012271097e-6
-1.1996605883473679e-6
-1.3778837407159833e-6
-1.525313166744744e-6
-1.5509912121968326e-6
-1.741968019842871e-6
-2.0152859024990154e-6
-2.072990139326089e-6
-2.2477012038079677e-6
-2.706287260682005e-6
-2.918698052975503e-6
-3.019749035594034e-6
-3.6516503241103954e-6
-4.439895188074669e-6
-4.96948388160329e-6
-5.754180876535629e-6
-6.594949401021424e-6
-6.906959956225858e-6
-7.670209474167719e-6
-9.582319827857817e-6
-1.1410838905314731e-5
-1.2824682728185948e-5
-1.4888852676830763e-5
-1.7185929101744805e-5
-1.9095787608659796e-5
-2.1909519218796182e-5
-2.598859292110486e-5
-2.9752137735485343e-5
-3.2813062481538687e-5
-3.6107926709897566e-5
-4.0338888505075224e-5
-4.611524487518169e-5
-5.248682813038028e-5
-5.7423674595568705e-5
-6.258603251457832e-5
-7.153121184327388e-5
-8.284228175822957e-5
-9.307414004091097e-5
-1.0301421320632381e-4
-1.1435814752727663e-4
-1.2733723447939688e-4
-1.4426277135023985e-4
-1.6668746431928205e-4
-1.9126352184311657e-4
-2.165331255595196e-4
-2.4872617766236985e-4
-2.926951751083896e-4
-3.401585126011026e-4
-3.796487164633575e-4
-4.218098367789279e-4
-4.883857561027333e-4
-5.654732244811309e-4
-6.21092543346342e-4
-6.813212277658817e-4
-7.965768775659007e-4
-9.282188830157963e-4
-0.0010007303430651707
-0.0010463142511910892
-0.0011371558991687286
-0.0012363395876193485
-0.0012901061539356445
-0.0013684627465952578
-0.0015618226996923876
-0.0018625561716562368
-0.0022362692526876433
-0.002652645216511646
-0.0030052676684435044
-0.0031652311706513244
-0.003163716310409013
-0.0032260314052538746
-0.003547942312752928
-0.004043848183944409
-0.004453083845526817
-0.004749821599973822
-0.005183876702944487
-0.005806231301447279
-0.006344749189995438
-0.0066921576833436
-0.007075465645466895
-0.007626606437224441
-0.008193245883870754
-0.008643586638972725
-0.009081989405331463
-0.00969629813899824
-0.010426564420185339
-0.010910302937957788
-0.011013651665263068
-0.011185282314141494
-0.011830181764301475
-0.01275031250794939
-0.013660905319077793
-0.014559446669467388
-0.015283822255138916
-0.015653086944697633
-0.016068143233537082
-0.01698376115196425
-0.0181340349712709
-0.019038194720890616
-0.019573501656061743
-0.019778899243025356
-0.0199616493925726
-0.020619787987259976
-0.02156549807889486
-0.0221838095218023
-0.022696298039566347
-0.02357871212826205
-0.02440085859371288
-0.024985920378534875
-0.026172828826507736
-0.028023606949090035
-0.02945514106708015
-0.03021967951564647
-0.03092071836440153
-0.0316452901438983
-0.032482569005967646
-0.03379058366061516
-0.03509431622465398
-0.03581200393570255
-0.03643503966059733
-0.037280465279009904
-0.03830824585676219
-0.04053345501637376
-0.044081881056203774
-0.046467967735711026
-0.0468122817081061
-0.04798179312845916
-0.05115423450914259
-0.05378233993067497
-0.05474871247143767
-0.05543216844184014
-0.05623237718912939
-0.0573653408560357
-0.05999209513449798
-0.0631342501662329
-0.06438334008873547
-0.06445010553307962
-0.06565497818155121
-0.0678431950173125
-0.07006500245540646
-0.072366544687856
-0.07400875303620416
-0.07458775721559786
-0.07586527098106607
-0.07848196763945721
-0.08058368741085806
-0.08194238478972746
-0.0841137075746466
-0.0864452142338349
-0.08729026058404153
-0.08739620624797993
-0.08824482043216965
-0.08999837628807042
-0.09269575101989797
-0.09620386979435668
-0.09913084414211468
-0.10021214340643407
-0.0998411184447464
-0.09951252583588105
-0.10063137728785973
-0.10298222776143634
-0.10432158163352621
-0.10346586601373317
-0.10280905368072787
-0.10513248062512391
-0.10913317507430119
-0.11106386092778495
-0.1104832098051586
-0.11099263879835976
-0.11375204305244091
-0.11480978323252719
-0.11263030559486235
-0.11186276610159314
-0.11445691767037912
-0.11587698567579575
-0.11494066215099819
-0.1159946420179295
-0.11861412251382453
-0.11807001884602226
-0.11542649152933283
-0.11510577256558792
-0.11691988327242185
-0.11915350118599775
-0.12166072258914007
-0.1223668297757289
-0.11989739376983298
-0.11743621751601524
-0.11636088675314007
-0.11377371133341518
-0.11036785680367342
-0.10961073245251712
-0.10960458176615769
-0.10697039991310325
-0.10376949882264103
-0.10214972098938255
-0.10046437149787009
-0.09872336357415117
-0.09855204249903167
-0.0982267787700739
-0.0955708199204392
-0.09197227822858588
-0.08899997644695835
-0.086157119645921
-0.08292475329461871
-0.07899565264492216
-0.07439181145779719
-0.07059216757184257
-0.06829953332516638
-0.06597526780997744
-0.06314499341575905
-0.06074325861848994
-0.057771250870797174
-0.053200088321705225
-0.0490784896944817
-0.0468069090620472
-0.04457659413754534
-0.041505569953031625
-0.03896748538446908
-0.037067876180188454
-0.03471969998113826
-0.032060972156999934
-0.029565654720731173
-0.0270730173228961
-0.024874849565506417
-0.02335284392143295
-0.0220609527949495
-0.02068773604739791
-0.01939715639707112
-0.01797052982799442
-0.016279605363261267
-0.01479941996551168
-0.013650147191433164
-0.012513428278167787
-0.011498870882154047
-0.010726572493947479
-0.00987378028934865
-0.008946385300641305
-0.008274088676743608
-0.007722371743103459
-0.007072975146657378
-0.006537926314965572
-0.0061581568644315365
-0.0056609535672141765
-0.005088592692463452
-0.004668041800040034
-0.004349443960248971
-0.004030519760550416
-0.0037306063476643713
-0.003414788718093194
-0.0030882002322031614
-0.002848727469604534
-0.0026567313248440326
-0.002421063430686294
-0.0022089274689342667
-0.0020531934480685246
-0.0018637054569326167
-0.0016601764769165511
-0.0015224635478064345
-0.0013953757514496069
-0.001234995545647595
-0.0011146178137442812
-0.0010475642773086166
-9.714471880701816e-4
-8.883529517028437e-4
-8.212994676080116e-4
-7.508278414127289e-4
-6.787212322485452e-4
-6.213944270632666e-4
-5.654036379100174e-4
-5.100787175548317e-4
-4.6815370123542104e-4
-4.2270353444828936e-4
-3.6876691640871137e-4
-3.3316704653343297e-4
-3.128474005106348e-4
-2.845128001640878e-4
-2.570935430550807e-4
-2.3963354136215983e-4
-2.175837786760358e-4
-1.9285738805339503e-4
-1.7726561697528102e-4
-1.6176706121847853e-4
-1.4231582439685868e-4
-1.2991888222911157e-4
-1.20661751201531e-4
-1.0645338115801999e-4
-9.569973279369192e-5
-9.034096773698917e-5
-8.117064025441953e-5
-7.122945911687803e-5
-6.597420137512941e-5
-5.925449669283196e-5
-5.078492575475648e-5
-4.684898457327074e-5
-4.35588559477949e-5
-3.707713292989047e-5
-3.315851138774188e-5
-3.2088865755159506e-5
-2.852844883946784e-5
-2.4792765117233116e-5
