1.259148327190447e-6
1.5791864336769628e-6
1.4059086672178011e-6
1.6473588842079235e-6
2.325088497943443e-6
2.328502820604891e-6
2.353415886393181e-6
3.2562949438616972e-6
3.7322761744006826e-6
3.7164894121246325e-6
4.683853247360411e-6
5.635059356664089e-6
5.6704762787304125e-6
6.728472670999263e-6
8.543601872340779e-6
9.055884849055544e-6
9.92602690145967e-6
1.2068414889276323e-5
1.275236911279367e-5
1.3309205224240004e-5
1.6642971357999885e-5
1.9177591327537686e-5
1.9643060187623377e-5
2.3214843264317784e-5
2.8365599671917988e-5
3.0324909017413686e-5
3.376443544571076e-5
4.08222219644659e-5
4.511624540179126e-5
4.887815156904965e-5
5.726052156899027e-5
6.345163589141018e-5
6.69998977886528e-5
7.761399309138533e-5
8.912747285192804e-5
9.298204602969409e-5
1.0141765112394335e-4
1.1627969706738362e-4
1.2104179777599344e-4
1.2373764570995318e-4
1.4343523298108608e-4
1.680697909515328e-4
1.8361811866935695e-4
1.9728453657982483e-4
2.0710599340632242e-4
2.122481634312479e-4
2.2811243456234565e-4
2.45225104662444e-4
2.472995567503569e-4
2.642062700607902e-4
3.07411683274477e-4
3.2780775666185703e-4
3.206634172906961e-4
3.3675565537398603e-4
3.6404471445189543e-4
3.5844401126710403e-4
3.414340798584367e-4
3.391146071440512e-4
3.365332585582425e-4
3.368884867409319e-4
3.392113814265436e-4
3.1750318447745627e-4
2.9881862297694825e-4
3.172250590980318e-4
3.1365845647590457e-4
2.5268801629469475e-4
2.0815482810818483e-4
2.1285237407815555e-4
2.2165531414605917e-4
2.3896707722591878e-4
2.9140938307853283e-4
3.598870833286042e-4
4.356781794932816e-4
5.119053642601068e-4
5.655298476758345e-4
6.458839051002908e-4
8.225529131499627e-4
0.0010560666504417346
0.0012940185366280275
0.0015532156455023804
0.0018324008506164044
0.002156398473703635
0.002603175814517067
0.0031206784310711315
0.0035814982646585197
0.004030228163496012
0.004579140101154539
0.005222394922694031
0.005886977503581667
0.006464721268265766
0.007026542673755711
0.008010654086963442
0.009538498510191593
0.01098224445699599
0.012084445511811528
0.013414928975229981
0.015032941232235343
0.016466133063437166
0.018077695430066636
0.020295975693952185
0.02235902082835344
0.02379240347968685
0.02528050474718549
0.026959906675834717
0.028383685442297545
0.029956716833320574
0.03185851861301956
0.033275486730925286
0.03452901682347713
0.03700299226790315
0.04033771373035321
0.04310268109974124
0.04552738503641292
0.04861079418886554
0.052179275853379545
0.05558473314555402
0.05861717127593511
0.06149868764800524
0.06470574930597024
0.06774398002204715
0.06931242402297058
0.07050780357177878
0.07434785965789678
0.08012209675043248
0.08355546049151313
0.08409517351165487
0.08578212566644566
0.09012236177868051
0.09425008752471203
0.09649413170224289
0.09866216539110391
0.10237677452982782
0.10664286318957801
0.10989744481891307
0.11241827202673212
0.11542813852374449
0.11913387564602906
0.12294458293400282
0.1260950416531477
0.1273651017020604
0.12672427668829842
0.12695971610353138
0.13016723240102268
0.13418134327037412
0.13623978880485954
0.13714702440077428
0.1384145351702533
0.13945309572221118
0.14021316532586728
0.1421482139204354
0.1449828122331867
0.14648993185687967
0.14606148089843055
0.1452767454743832
0.14485341785520722
0.143789575908339
0.14184012787927022
0.14021487675407848
0.13896221642694484
0.1365915323627788
0.13343029648203747
0.13164930296499514
0.13094532184276816
0.12876498737229322
0.12536586922794632
0.12362275361346903
0.12370523867630612
0.12261735896934488
0.11889680609072069
0.11416377676678188
0.10998676194115688
0.10576228223732272
0.10061312863066846
0.09558262478318903
0.09174498484564136
0.08785464397623478
0.08306474425800693
0.07932003752679496
0.0773242384567697
0.07415027781163937
0.06827471805214975
0.06199870365524311
0.05690084553938531
0.05216027674150522
0.04740972886105982
0.04282523470722145
0.038152691400926295
0.03401220600410349
0.03112899989588374
0.028362411685202215
0.024710501062923402
0.021052175132174777
0.017802256907434328
0.014473082587772216
0.011867589153718851
0.010753121902375857
0.009802054103613973
0.00795207769769183
0.006149437980908655
0.005167756521757853
0.0046764246388092305
0.00450181013055441
0.004489977913608699
0.0042341587031683265
0.003999546752643582
0.004315510606396487
0.004892300184449271
0.005353430861827701
0.0059136407886845235
0.006574520045399304
0.007058596071908256
0.007539624594541838
0.008277140745967441
0.00905752485498261
0.009627114598680306
0.010012706791628408
0.010308787191052946
0.01060888852364457
0.010953584232538052
0.011247904873768838
0.011432426011163371
0.011525345120969888
0.011480032755367764
0.011310819631377055
0.011149140116710345
0.010998857799983669
0.010778788796344845
0.010532831298222207
0.010288810445155745
0.00998737904444932
0.009664169234154103
0.009364394386709484
0.009015716629571213
0.008620717586631866
0.008261475378057062
0.00789423270356212
0.007474214847550201
0.0070789057211000294
0.006707648865815632
0.0062986188885087585
0.005925674639950005
0.005642546641614515
0.005345953365210598
0.004995521382440275
0.004661574366026644
0.004346915004881202
0.004035881129692595
0.0037666026465290768
0.003518208162696171
0.0032479274536082515
0.0029998966176581314
0.00279265438355143
0.002574079316506549
0.0023581108986780253
0.0021857385418788833
0.0020165465763537904
0.0018321697067460814
0.0016818429915218226
0.0015577841192399016
0.0014180014256008888
0.0012868066769814342
0.0011846704659331509
0.0010803009310791604
9.735244147427201e-4
8.878176100009464e-4
8.077325519134242e-4
7.23252152078656e-4
6.533067133354677e-4
5.925677574656886e-4
5.267559748953908e-4
4.7015380974856064e-4
4.268060849491694e-4
3.8081438476355185e-4
3.370863917669658e-4
3.04911375349324e-4
2.725286087528845e-4
2.3792600948108677e-4
2.123010392354655e-4
1.9037945455742546e-4
1.6535810714425386e-4
1.4561068679945833e-4
1.311039231923382e-4
1.1344838301016848e-4
9.71852299631415e-5
8.691034076583695e-5
7.594289444967857e-5
6.396522872688e-5
5.633953460317094e-5
4.958840263496673e-5
4.0953338098299085e-5
3.5091332542932434e-5
3.1458186123946085e-5
2.5947887207386145e-5
2.1068440753831086e-5
1.8759038284384737e-5
1.576146521552044e-5
1.2222608120769967e-5
1.062831730432376e-5
9.259997262525198e-6
6.8935696000893385e-6
