-7.606788505257732e-7
-8.020901630774934e-7
-8.976872288276598e-7
-1.0667370671602525e-6
-1.1755210596824477e-6
-1.2549357775522425e-6
-1.463424829952443e-6
-1.7289758467580184e-6
-1.9062703539057342e-6
-2.0896562904034534e-6
-2.4006485693185033e-6
-2.7783213172243556e-6
-3.163444592023964e-6
-3.609806961638539e-6
-4.1570950847646555e-6
-4.714323498460063e-6
-5.186806720344059e-6
-5.796034398554939e-6
-6.909358511723991e-6
-8.40367625498849e-6
-9.86019608428938e-6
-1.1353547747134324e-5
-1.3224172906768638e-5
-1.545730769004646e-5
-1.7933753887027006e-5
-2.0680446396651477e-5
-2.3794174946779983e-5
-2.748410003886284e-5
-3.159218143737947e-5
-3.566019636334017e-5
-4.032216676086333e-5
-4.663579767638318e-5
-5.403994346386084e-5
-6.203438860678748e-5
-7.150485029319516e-5
-8.17919870724811e-5
-9.248427185440646e-5
-1.0764771285592087e-4
-1.2825646483383675e-4
-1.4635982157137518e-4
-1.5908494640323628e-4
-1.7640461209678183e-4
-2.0482702709813866e-4
-2.4004635262256244e-4
-2.7886434486662726e-4
-3.216795054506623e-4
-3.6913998965655337e-4
-4.2351044747164084e-4
-4.798136344910447e-4
-5.300743656057337e-4
-5.922706763606295e-4
-6.905158460365668e-4
-7.99247333829026e-4
-8.843790777983895e-4
-9.851123261674574e-4
-0.0011499809776435012
-0.001336844578901484
-0.0014924921720083984
-0.0016536358537522684
-0.0018625494480658596
-0.0020851764630180234
-0.0022928033383195234
-0.002520230800557384
-0.002801346972061598
-0.0031269539835000197
-0.0034705789600766312
-0.003820967663794753
-0.00419919153568506
-0.004613808796457508
-0.00499954853485644
-0.0053045382468017346
-0.005621926832069142
-0.006084487359807432
-0.006664131916564679
-0.0072212831872479856
-0.007682875753120181
-0.008063877145506406
-0.008425852328247574
-0.008882618463766385
-0.009504172713962481
-0.010178533929205934
-0.01072717867952017
-0.011175436590345481
-0.011744534837850087
-0.012561598034781274
-0.01351097880098495
-0.014353906560108414
-0.014952459497605434
-0.015514225348922316
-0.016493243630884485
-0.017863420973984447
-0.018828710425060236
-0.01895117824913125
-0.018979201836782866
-0.019645596272985667
-0.020556956502586925
-0.021183833537207188
-0.021669890796318602
-0.022054760922262093
-0.022262085801353
-0.02279709949950093
-0.02382672550408126
-0.024583037746390833
-0.02500909327230096
-0.025950533611768332
-0.02712688661530001
-0.027738055233038718
-0.028480658183532216
-0.02993495522011283
-0.03109929899660271
-0.03203280132733369
-0.03414584316799996
-0.03642154337457917
-0.0363983393356243
-0.035053094710009336
-0.035458581812498884
-0.03780897250022319
-0.040046066941971395
-0.041114578303343946
-0.041193735286865596
-0.041263493736262376
-0.0424551045306788
-0.044139214059304606
-0.045080020776899446
-0.046342492158330965
-0.04874382245967239
-0.049841518368734204
-0.04856145238300669
-0.04838745328687546
-0.05147590220949089
-0.05521211671387871
-0.05714933756947319
-0.05758780711644374
-0.05713208484734516
-0.056496509637127046
-0.057005735390216146
-0.058787125638129385
-0.061155704311827146
-0.06423284676500203
-0.06731113826380829
-0.06853187211096422
-0.06806970445431325
-0.06784835468953056
-0.06847900955534426
-0.06995650177109435
-0.07257978729772979
-0.07504751225714124
-0.0758319034770918
-0.07617409714688735
-0.07745042396554354
-0.07859627865006573
-0.07932921630575936
-0.08089404698034286
-0.08256170542627617
-0.08309308699443113
-0.08399310053076985
-0.08627076066967469
-0.08812268790605733
-0.08909780214611625
-0.0908713639199724
-0.09299372208170965
-0.09386632395132445
-0.09456436351505947
-0.09663404554975942
-0.09913797517222538
-0.10116184221356558
-0.10333525784138049
-0.10550442399518332
-0.10684118182875069
-0.10812286852660911
-0.11054968929957577
-0.11324356932296338
-0.11449628059833629
-0.1144934070170887
-0.11485609214299485
-0.11608607917153567
-0.11717019474904355
-0.11764094932148268
-0.11820199774094542
-0.11906604675193767
-0.1197691495659742
-0.12077264823367455
-0.12288568974378844
-0.12524907855894862
-0.12612536489576942
-0.1252486279246997
-0.12388495045112781
-0.12325308560429754
-0.12344770388617803
-0.12342992178760272
-0.12246729821424757
-0.12129329381040431
-0.12057864747077199
-0.11949260856848574
-0.11744117422063392
-0.11523324036832923
-0.11325726053627533
-0.11097774124357479
-0.10848880991194684
-0.10601136648168734
-0.10281063838967766
-0.09873663793727695
-0.09488109528384978
-0.09150360878121172
-0.08782353552894721
-0.08392420709256251
-0.0802984853002704
-0.07642401064002154
-0.07186907316923641
-0.06732923636124558
-0.06333659451467769
-0.05953909669964489
-0.05565112870807447
-0.05185961321948483
-0.04843831264902703
-0.04550125218404246
-0.04276714151832895
-0.03979022118832295
-0.03668303363609767
-0.033871329078767415
-0.03129104261798867
-0.028775109884856723
-0.026594264731541244
-0.024796953329239084
-0.022988126562356145
-0.02114255137910711
-0.01952880864761947
-0.017991108202691456
-0.016341850714530617
-0.014880544380759926
-0.013774154347388521
-0.012726151203038131
-0.011613032205387137
-0.01062627064127335
-0.009776891389065656
-0.008929418580724588
-0.008127691860450684
-0.007469286466148441
-0.006909821358422738
-0.006362386219617976
-0.005804060451139976
-0.005276037704580386
-0.00483812655258232
-0.00447879167090254
-0.004133921059867214
-0.0038033050566272254
-0.0035127206518363115
-0.0032251811751339244
-0.0029260544565982657
-0.0026692656519811085
-0.0024617393158455304
-0.0022540290536127885
-0.0020444651756355175
-0.0018603972857890473
-0.0016951301508521751
-0.001540678661680796
-0.0014057412165067735
-0.0012876550484163846
-0.0011824849211035972
-0.0010900505996472441
-9.977637438381302e-4
-9.05906105666023e-4
-8.339190633729326e-4
-7.739219226974633e-4
-7.027094930648963e-4
-6.318690500170145e-4
-5.786325474507783e-4
-5.297560436834025e-4
-4.79584557216514e-4
-4.411541186774646e-4
-4.0834038859156576e-4
-3.68410713871878e-4
-3.314998329689774e-4
-3.05539092654515e-4
-2.8106150170207386e-4
-2.557556386865551e-4
-2.34210612518756e-4
-2.126858529939547e-4
-1.9049519846884005e-4
-1.7359753628771996e-4
-1.6008678658343224e-4
-1.454650156291834e-4
-1.3236240959012765e-4
-1.2126749761487551e-4
-1.095345378507424e-4
-9.97077375865035e-5
-9.278781306213688e-5
-8.445084520517566e-5
-7.531836060956777e-5
-6.899393714615382e-5
-6.311347081077508e-5
-5.5904577504656935e-5
-5.060029148240644e-5
-4.7044312953064e-5
-4.236740516045436e-5
-3.7935042798739245e-5
-3.5041605151568706e-5
-3.168885193270186e-5
-2.8113897308474692e-5
-2.5903302748117763e-5
