6.840535861802388e-7
8.159524630244785e-7
9.737893046405452e-7
1.158506258810609e-6
1.3714188564014465e-6
1.6167838815898663e-6
1.8916826819036603e-6
2.251149129798186e-6
2.587644219942607e-6
3.021297937902216e-6
3.596056699487328e-6
4.248267560521136e-6
5.002830773613305e-6
5.8803336453157445e-6
6.892225469182447e-6
8.064171983399147e-6
9.428470355792514e-6
1.1006584357909405e-5
1.2816240521038132e-5
1.4840386445157206e-5
1.6904280364477375e-5
1.951523371030998e-5
2.2888838920003996e-5
2.6730202724050484e-5
3.108056376412129e-5
3.60292192893999e-5
4.133973289524202e-5
4.582451564430364e-5
5.394327333156221e-5
6.315436184961138e-5
7.316331344931764e-5
8.40845008164507e-5
9.565898699200753e-5
1.0732999682278064e-4
1.1613415623443873e-4
1.1759351385550003e-4
1.1368342784707172e-4
1.1891483093875736e-4
1.3854210968841597e-4
1.6157778736353005e-4
1.7730003448002598e-4
1.907245971324502e-4
2.167002020081897e-4
2.554257964855944e-4
3.008064384432273e-4
3.523010670658439e-4
4.078129662371784e-4
4.69507611006938e-4
5.379344016249962e-4
6.132018566638361e-4
6.77599866725781e-4
7.353158755986352e-4
8.189279448283194e-4
9.395831010697811e-4
0.0010793361032014176
0.0012346285331920435
0.001394902352324338
0.0015901092876424738
0.0017698309515539867
0.0018987001192896612
0.0021640927057934916
0.002286089849138105
0.0022887259952420382
0.0020282086651876685
0.0017182020378449386
0.0013947011644565655
0.0012425067504060559
0.0015261355434224438
0.002275728684600395
0.0032958537996825377
0.00425452659254147
0.004980400870378807
0.005395624526291177
0.005869946056160434
0.006204807104029295
0.007366187238026857
0.008047656798941545
0.008810701341727591
0.009322608526746882
0.008818109825115189
0.008514826821598003
0.010430538689954982
0.01063284503284766
0.010523311123986427
0.010346137512573784
0.010050525091264216
0.00973039326308223
0.009770935388580902
0.009768937844510106
0.009755103531600633
0.009608680615255626
0.009741863284487211
0.01019332652432914
0.010480712369496884
0.011378811827702402
0.012749101778197703
0.01465429991223185
0.01730996533961438
0.019752604195846516
0.0183234173274127
0.016405844742061047
0.01864437229256715
0.023130684041504646
0.025341634961407115
0.026111710664587236
0.027973409283931876
0.02977342607437606
0.03219214951935888
0.03382935955149544
0.035229688817185946
0.03753827123621241
0.040016491624854114
0.04425201205794177
0.03835424198253904
0.03985439259325345
0.039937657954068125
0.04188347133898901
0.04300815711480177
0.04154456290446248
0.03979919965399935
0.03861048300817881
0.03847887097661305
0.04054201886690855
0.043835863368427846
0.04782836563382195
0.052160403181374666
0.05767011189978552
0.06570616630842765
0.07207737987609117
0.07618900701035897
0.08206520823092825
0.08932430417239255
0.0952282068241488
0.09791927721006724
0.09858544587864673
0.09754242211842418
0.09761650959021276
0.09139376267938665
0.08596705898819684
0.08466557954791232
0.08554802891031336
0.08754679130113383
0.08684258666184569
0.08786276082160527
0.09002236677172504
0.09115161027541603
0.09202218477971237
0.09225334063575376
0.0924864241656616
0.09165529362789204
0.08531554218131551
0.07159692466259734
0.060171117667310973
0.06460884334423331
0.07761630234126504
0.08803497372602426
0.08128096776665811
0.0716422149084119
0.06555840937321644
0.06488138639671825
0.0659941874486989
0.06812749554290527
0.07123276588892495
0.07340635100370135
0.07591806580362831
0.07999584461146893
0.08513198927294201
0.09115560487684442
0.09839530651810127
0.10610394955818761
0.11353330010862503
0.11988964125825391
0.1234037680914816
0.1280616072518565
0.13599790793494676
0.14542008497671094
0.15322020459367053
0.15414783244579505
0.14839109985347426
0.14067989767071726
0.1353524182857406
0.12709696896150588
0.1257227462624527
0.12251370511121429
0.11874159021629713
0.11348746204118304
0.10263446913934186
0.0841409590505049
0.06860431711659196
0.05959002346688276
0.04406380708118646
0.039284785976991754
0.034641176417050557
0.0305721142944283
0.027557789117204634
0.02397435387938756
0.022485821215769385
0.024676002357167298
0.028456147773385537
0.02980919446187196
0.02934679891400914
0.02930650000119457
0.030199028464078626
0.030235779989562055
0.02878326515886215
0.026554581709458763
0.023157121946335568
0.017455577785399773
0.012338798065400142
0.010496705323871144
0.009768597625856525
0.00851221523453747
0.007203692665132412
0.0065050084129875865
0.0063121182224515834
0.006694039027962235
0.007592011532791361
0.007043888146235799
0.007042325686742953
0.007023726222185594
0.0068975048240541015
0.006728263760581846
0.0063949275666063225
0.005864579650516691
0.005137451036735314
0.0046823882774525115
0.005244623304400408
0.0049008061046717025
0.004596260742350807
0.004605157458132831
0.004469193909363931
0.004268673938294852
0.00393427932074099
0.0035244577167228112
0.0032470548663648792
0.0030647441488980617
0.003047498296959757
0.003698020239238673
0.004834797471273985
0.00554939013574071
0.0057884449426047835
0.005521662235678742
0.004909754419006895
0.004351725777705099
0.0037532703398042563
0.0031282530840091236
0.0027782758534340224
0.0026061009055452773
0.0024333185110829436
0.0021488252087698127
0.001905610937797949
0.0018391054628010804
0.0016781903955356042
0.001449815798126601
0.0012395710428364669
0.001142846525513165
0.0012403433128342915
0.0012630706260066803
0.001122957764236374
9.517351670107279e-4
7.988764582163245e-4
7.538776457442943e-4
7.94527672100905e-4
7.646183966895172e-4
6.997731766548351e-4
6.627626356413163e-4
6.194831997507372e-4
5.577175469379034e-4
4.901056910535307e-4
4.441411785230221e-4
3.985592844855043e-4
3.569936772448353e-4
3.1861408079452097e-4
2.8623216270915445e-4
2.4284527804596787e-4
1.5785116323653502e-4
1.4118962966812814e-4
1.447539648476216e-4
1.4078055567228837e-4
1.302323274553092e-4
1.1139490951677847e-4
9.275932173351405e-5
8.142145288234612e-5
6.715823414676076e-5
5.6151890725695037e-5
5.0756057037390835e-5
4.692603869841277e-5
4.326211319102176e-5
3.944336795203903e-5
3.6716816251904886e-5
3.211316832658187e-5
2.664879719287197e-5
2.3063032763021347e-5
2.106661076398163e-5
1.8208930631160448e-5
1.5693282212014595e-5
1.4323563648208727e-5
1.2273525511781768e-5
9.694963061199704e-6
8.054701443793267e-6
