-7.212640448535555e-7
-8.330518663033416e-7
-9.559003925713895e-7
-1.0948709042236495e-6
-1.2573323822929236e-6
-1.441806218583373e-6
-1.654671518168215e-6
-1.8663558923037855e-6
-2.161402317174644e-6
-2.534302733438785e-6
-2.8706200154804874e-6
-3.248293651825975e-6
-3.6666344814721055e-6
-4.132330950449945e-6
-4.658631164749429e-6
-5.238278315488101e-6
-5.871071329812935e-6
-6.570021052553389e-6
-7.329191717797769e-6
-8.163689037971844e-6
-9.272647107072883e-6
-1.054772994560429e-5
-1.1625822611013105e-5
-1.2730322602652174e-5
-1.3896510841843482e-5
-1.5067742624352529e-5
-1.6329534624194466e-5
-1.897302889670299e-5
-2.0604592975368983e-5
-2.1562644189226703e-5
-2.2559754587016555e-5
-2.35352646835722e-5
-2.4690779533153745e-5
-2.659115651599997e-5
-3.156099269712546e-5
-4.401552893653451e-5
-6.541591609834337e-5
-8.355294108900447e-5
-9.464204095557866e-5
-1.0141252419386705e-4
-1.163352677285111e-4
-1.4016883901515583e-4
-1.6013170186737784e-4
-1.7262438967186077e-4
-1.8219263421488072e-4
-1.901580184059597e-4
-1.9831008998554022e-4
-2.054130705053714e-4
-2.1153643697236589e-4
-2.1888966556156788e-4
-2.3899344470399732e-4
-2.7074373774994094e-4
-2.940862875915782e-4
-2.9954244563894553e-4
-2.9808003148499706e-4
-2.8958489953017025e-4
-2.8047498721006344e-4
-2.403344167338746e-4
-2.3644704537337957e-4
-2.566434279558422e-4
-1.887864002305408e-4
-2.338441486216118e-4
-3.519410517408721e-4
-7.192689671916773e-4
-0.0011793109594677791
-0.0016802002014097836
-0.00203819455171379
-0.0020759697230617186
-0.0017692732702830488
-0.0013158656324203824
-9.675634689255144e-4
-7.564365525493533e-4
-8.052867353711009e-4
-8.624760652102929e-4
-8.830414952968621e-4
-5.867058934870327e-4
-6.188226635318451e-4
-6.124563673579769e-4
-9.729906623372934e-4
-0.0017613237756007015
-0.001698380530698485
-0.002327577464364733
-0.0036422460055992112
-0.0050197263218968325
-0.006437975920465576
-0.007966504784545634
-0.00956570990246827
-0.010986270788980238
-0.012420813493422115
-0.013839716299925336
-0.015462004167150614
-0.016878556610766666
-0.017994495408853346
-0.01910193302127762
-0.019518027890902196
-0.019464430433893988
-0.01848393791731951
-0.015715178265547483
-0.011295195425858974
-0.011016757132158113
-0.014585411217595719
-0.01694520057244577
-0.01729633394996447
-0.01936947567442615
-0.02302546107780141
-0.02430161547096336
-0.02674739959110236
-0.028981031765285853
-0.03174451729597415
-0.034358305719015055
-0.035418570362377444
-0.03538078143712876
-0.03296418738780514
-0.04228571692697335
-0.04420301217442396
-0.04621806644034745
-0.046862688240390256
-0.05119478067075925
-0.05608206449361509
-0.06063461982194715
-0.06390694356741623
-0.06488981552358279
-0.06278812719574672
-0.062754173180946
-0.06535140008004334
-0.06889899001503369
-0.06844242896420988
-0.06417765179184787
-0.061208960166853815
-0.059271640657698646
-0.059177793332997816
-0.05967595606786939
-0.0580742397460849
-0.05511154257092929
-0.05404515118886988
-0.061057451961406765
-0.07040674622700432
-0.08611229778376683
-0.10197801304587358
-0.11125181170053247
-0.11601122772381375
-0.11711291954142809
-0.12149355252336672
-0.12821747176907916
-0.13111051425847867
-0.1336040189815103
-0.13532615894036096
-0.13683970137974458
-0.1377913207140829
-0.13792467968303385
-0.1404540833502173
-0.1484933331492987
-0.15827575436046964
-0.1575844642918392
-0.14896926601051452
-0.1408325718174125
-0.1506373596998301
-0.16143988149932886
-0.17001407521401354
-0.17378540245945234
-0.17482169439461875
-0.17518727386704372
-0.17365415651888588
-0.17083179591606754
-0.1667514542993277
-0.16267334287863175
-0.15755161615797675
-0.15030594008433457
-0.14088458917043145
-0.13020178583634784
-0.11951239371327735
-0.11041526904207183
-0.10363042359887664
-0.09478849104618574
-0.0805198757354521
-0.06320668771662882
-0.051849126801367065
-0.04559937903248276
-0.04538711130016443
-0.04818935633190056
-0.04941581461447641
-0.05115412858706633
-0.05354323548845432
-0.05362826957424196
-0.05070283357135537
-0.0468314521907373
-0.04639424147741177
-0.048514126074905496
-0.062060999189428326
-0.0803103305481599
-0.1039594597972069
-0.1073595127096254
-0.10669211321106009
-0.10792779991556656
-0.10783240144245096
-0.10712527409346193
-0.10261859809603553
-0.09432786640650577
-0.08677676204398249
-0.08249300120820674
-0.0791438001865625
-0.07451487493821163
-0.06948009739897124
-0.06588650564853535
-0.062335182706354575
-0.05771588972255095
-0.053043653236315096
-0.05240744542894154
-0.057455452050818485
-0.06083788533364674
-0.060809536247585734
-0.060078732845773856
-0.0590064071486889
-0.05666361909414872
-0.053267688319965895
-0.048926021631043176
-0.04443677470377047
-0.04352448599329697
-0.04096192541711905
-0.03854144303367382
-0.036267284073034776
-0.03398571852960307
-0.03213787450329242
-0.03032476598124768
-0.028555855207601906
-0.026819190021354786
-0.024436968653968154
-0.023662584981258058
-0.022591852837940685
-0.02090613794988772
-0.019414394931329196
-0.018076897315763715
-0.016988143304229906
-0.01595335202236006
-0.014563115309985133
-0.012919036687309711
-0.010986827226528717
-0.008302836215719584
-0.0058645366179959175
-0.0044337425519182395
-0.0038107053835063137
-0.004062249259608232
-0.004596228550455223
-0.004788426986385657
-0.004858102181987282
-0.004961789573060722
-0.004786220709764787
-0.004337637349323678
-0.003936691282829082
-0.0036803923922583744
-0.0033456824945040497
-0.0029456043844023633
-0.002801041579849839
-0.0026926153833102106
-0.0025563237012834945
-0.002244488683488228
-0.001769370319658693
-0.001516903491042154
-0.001440154781507009
-0.0013565178839806118
-0.0012518988368739547
-9.879749397884259e-4
-8.147705991482054e-4
-8.128731526314818e-4
-7.89921722241082e-4
-7.070895415493513e-4
-6.760640484779958e-4
-6.375722811277766e-4
-6.090844934438016e-4
-5.668905249091529e-4
-5.225027350672035e-4
-4.758497379884998e-4
-4.248575273550353e-4
-3.6631866224562176e-4
-3.1050326655793334e-4
-3.053646151412523e-4
-3.028573341514513e-4
-2.5521083260816944e-4
-2.0965566990121628e-4
-1.7662819804391727e-4
-1.683304429394972e-4
-1.678117206202138e-4
-1.5687176656958008e-4
-1.4545413145673433e-4
-1.3708954613844514e-4
-1.254213404856839e-4
-1.0973327826957099e-4
-9.622467897298353e-5
-8.672659389118026e-5
-7.478912743334508e-5
-6.560509951450304e-5
-5.768521470340628e-5
-4.950742543247397e-5
-4.242258786715421e-5
-3.965282946921431e-5
-3.573890152451904e-5
-2.9001212268649678e-5
-2.449762384595984e-5
-2.3666051601406335e-5
-2.2330216489341154e-5
