1.0085020707139e-6
1.1798762335980396e-6
1.378667026189193e-6
1.6088239222802945e-6
1.8742648176069355e-6
2.179939376432135e-6
2.531790952662407e-6
2.9351866754605203e-6
3.3971587689203256e-6
3.926821221894591e-6
4.534058259185904e-6
5.225100761913635e-6
6.010547246840519e-6
6.907506687381769e-6
7.923588440974909e-6
9.073860274273526e-6
1.0375470888529226e-5
1.184224663854362e-5
1.3497420990422125e-5
1.535414205818523e-5
1.7440992316110185e-5
1.9780121242819594e-5
2.238180636991261e-5
2.528144744695935e-5
2.852535871816632e-5
3.211737985472509e-5
3.607228153086696e-5
4.04614331076853e-5
4.528568124707376e-5
5.056930417785784e-5
5.633180307203517e-5
6.264041405774619e-5
6.944931712848839e-5
7.683086298829742e-5
8.483134641122113e-5
9.338666186964441e-5
1.024717951904139e-4
1.1216824905571935e-4
1.2231674732175905e-4
1.3310944679247036e-4
1.4422764271500066e-4
1.5558786900028734e-4
1.6734043066583574e-4
1.7911801249716362e-4
1.9095268607068305e-4
2.0259496489216666e-4
2.1344262584979847e-4
2.2406128125815303e-4
2.3372741572549605e-4
2.419723563996636e-4
2.4838475133617875e-4
2.533262891271147e-4
2.557578071898292e-4
2.5520142712035085e-4
2.5202882896950595e-4
2.4545100088837487e-4
2.34605901860178e-4
2.2192159242850765e-4
2.058890791054975e-4
1.8517940495927287e-4
1.6250381037850712e-4
1.366815633120006e-4
1.0912948941403968e-4
8.166656182139167e-5
5.5878081356487664e-5
3.2285799405873833e-5
1.4719576668295751e-5
3.613814222927153e-6
3.539115641754548e-6
1.6682890262380492e-5
4.58909902918737e-5
9.549383757149517e-5
1.6883689705659367e-4
2.701622056781396e-4
4.022146879007311e-4
5.700702371800645e-4
7.748445211967177e-4
0.0010256845813279925
0.0013204890058893875
0.0016655208194712
0.002067214825790007
0.002516518718890612
0.003030865197884147
0.0036111391151251774
0.004264823263840053
0.004957452376160444
0.005749003406395833
0.006615919905328118
0.007548312327465563
0.008567776970956315
0.009661263053498334
0.010848992127131297
0.012088257887395325
0.013405165689874533
0.014873730651675748
0.016411514204207556
0.017977149703449602
0.019697403596581068
0.021508355660459076
0.023404724590683167
0.02540727523557481
0.02746315483409204
0.029636949921361445
0.0318762280125953
0.034261242701487137
0.03670997252137714
0.03923521041642414
0.04180285278801129
0.044620061367473755
0.047351564732697124
0.050293289904126126
0.05328016938482018
0.05631124187327494
0.05939928109982094
0.06255646948384963
0.06567922900422936
0.06909148327390077
0.07249857447625588
0.07588238200634917
0.07934268336884359
0.08282128779702733
0.08636733800566931
0.0898075976360362
0.09334162018789194
0.09683840564056152
0.10051293158378358
0.10402078094686597
0.10740538240585498
0.11104179228150556
0.11451594704919307
0.11791903702153873
0.12127432675464495
0.1244118471784868
0.12767863081765274
0.1307329233121301
0.13368053239023123
0.13667964790563591
0.139435536071117
0.14219793294104457
0.14468371777164113
0.1470568171983571
0.14923750966811522
0.15123801449357632
0.1529829320937907
0.15475579785785315
0.15632331402783622
0.15749743174890832
0.1586670575642703
0.15949932676922413
0.16014334244980047
0.16049917101174332
0.1606478631779411
0.16040716995169663
0.16028885732443127
0.159563515942574
0.15877422268581287
0.15778449687992757
0.15642599834799717
0.15478580152578697
0.1528987750930016
0.15075159126628002
0.14839227772194336
0.14571956528374813
0.1428778011617874
0.13976402809323774
0.13636218195464433
0.13278159623640343
0.1289513936001957
0.12488076738828115
0.1206555661325157
0.11630842603206774
0.11156495428558358
0.10690816118878521
0.10198775440128344
0.09681891381263551
0.09175464109207047
0.08649704678402989
0.08110007080118992
0.07578237402700731
0.07022030418573902
0.06492792340635094
0.059607088425926436
0.05433002666264807
0.049101667049684244
0.04400211829577611
0.03905343452239156
0.03429552473186543
0.029796573396788227
0.025523417013461298
0.021480943482025477
0.01782045590275001
0.014375524770276364
0.011412685975359691
0.008681992743866239
0.00641808606798381
0.004476461078142332
0.002873001375629991
0.0016748979479332578
8.209340950136102e-4
3.0624901808830096e-4
9.638458977143655e-5
1.5802672900148333e-4
4.415070206706279e-4
9.467615013788468e-4
0.0016383536901799253
0.0024539362459247934
0.0033781334450406495
0.0043711973937085955
0.0054077144075670375
0.006424892585934924
0.007443056094219509
0.008409424592084307
0.009316724587434938
0.010149637320841787
0.010900122254070301
0.011561690448855595
0.012123614758061755
0.012580228473068555
0.012954771484872108
0.013232249178164618
0.013395832129424563
0.013482490306836991
0.013489083093709874
0.01342163907184003
0.013307350990608206
0.01311448764743042
0.012856207938969506
0.012559182932405521
0.012229958053535425
0.011864284744218892
0.011468483535470187
0.011064451750020788
0.01061993931937942
0.010185733468220794
0.009724906307944613
0.009269570764286045
0.008819611393791097
0.008366014539979056
0.00792426955889506
0.0074819779142960815
0.007050494179706029
0.006634378533187511
0.006224982329276708
0.005837860933031212
0.0054612881942486665
0.005097756265035414
0.004752246293496392
0.004423796668446604
0.0041074421651237595
0.003809815067296402
0.003527963529933229
0.0032630589228313427
0.0030104461203222703
0.0027765369556943904
0.0025543326281785754
0.00234649549396821
0.0021514793365261797
0.001970493723040714
0.0018026505381365165
0.0016463136660640667
0.0015016505504373346
0.0013666523767123526
0.0012414989925574175
0.0011271041033480307
0.0010212793120662018
9.240422436871561e-4
8.340144193410164e-4
7.522637384851787e-4
6.774199836671402e-4
6.087492268323432e-4
5.464175806458216e-4
4.892826040281052e-4
4.3728983598040257e-4
3.8998246635825977e-4
3.4753099187322697e-4
3.089734618421967e-4
2.7404793518938456e-4
2.4255449604624894e-4
2.1410067635626955e-4
1.8868969727126752e-4
1.6591654643054895e-4
1.4542132945062977e-4
1.272296509933865e-4
1.109404609140712e-4
9.65077181534474e-5
8.36349984546012e-5
7.230679000836142e-5
6.225536362174761e-5
5.340354417573475e-5
4.5598401380372996e-5
3.881410001042255e-5
3.289433554303422e-5
2.771836433336581e-5
2.3238705849543016e-5
1.9355497027408583e-5
1.6039489178171386e-5
1.3186764818673815e-5
1.076251095560569e-5
8.723782090020703e-6
6.989038645892844e-6
