-4.10686469668802e-7
-4.823119580912434e-7
-5.667653573463827e-7
-6.650820418317151e-7
-7.799901496251701e-7
-9.142604041240319e-7
-1.0709695459687098e-6
-1.2536664520577492e-6
-1.4676366231676178e-6
-1.718688227450635e-6
-2.0095794185572772e-6
-2.347886665089147e-6
-2.7444157466764817e-6
-3.2048612691268085e-6
-3.739853065368666e-6
-4.363683661358913e-6
-5.087498099331083e-6
-5.932248445854986e-6
-6.910749949407362e-6
-8.047709877799288e-6
-9.374648537858716e-6
-1.090664335131858e-5
-1.2682358048492576e-5
-1.4752536692367726e-5
-1.7153485394347214e-5
-1.992421619790393e-5
-2.3134222925207583e-5
-2.6862212761317422e-5
-3.1164004120753043e-5
-3.6136006957746466e-5
-4.186105315229992e-5
-4.853481664626379e-5
-5.619845928641066e-5
-6.512330208366648e-5
-7.5350916018604e-5
-8.712000608633312e-5
-1.0070275468555476e-4
-1.1633487838216879e-4
-1.3430488853139274e-4
-1.549029894242746e-4
-1.785705532817154e-4
-2.0576808582208292e-4
-2.3689711868907318e-4
-2.7262001408390364e-4
-3.133096608562071e-4
-3.59565450198776e-4
-4.1225892821127605e-4
-4.725659812628369e-4
-5.406052432345682e-4
-6.179495906769981e-4
-7.050681935068541e-4
-8.029246642017329e-4
-9.138358361566666e-4
-0.0010376251914579447
-0.0011765821298694147
-0.0013304745196652723
-0.001501067820229023
-0.0016895417343343985
-0.0018998437806956798
-0.002129004635076439
-0.0023769593522233803
-0.002650529665773935
-0.002944675598143145
-0.0032627307765483796
-0.0036013781590626117
-0.003964186544273985
-0.004350369123906287
-0.0047608105663297755
-0.005184619356527042
-0.005637796438737724
-0.006108328500408301
-0.006591877447503612
-0.007098773815433911
-0.007608569931136057
-0.008141615227385724
-0.008673347540801277
-0.009245330386111045
-0.009811722338677758
-0.010365512182160929
-0.010960638834433689
-0.011554676997684655
-0.012134205414565821
-0.012752213647854256
-0.013370877012819056
-0.013960164436721626
-0.014577747847592007
-0.015248511284469208
-0.0158740021508324
-0.016506526745081768
-0.01716328025642539
-0.017822802998846345
-0.018458348933133424
-0.01912670708522283
-0.019847804297137478
-0.02054225989428648
-0.0212276440346323
-0.021934270191235727
-0.02269497846051359
-0.02341127256185694
-0.02418792429045148
-0.024928695205349564
-0.02572667801273899
-0.026501364419487358
-0.027297371349964437
-0.028159562753756057
-0.028954491838915082
-0.029776202679184485
-0.030733011002009297
-0.03160712395848158
-0.03250575916024636
-0.03348604503643522
-0.03439370349186696
-0.03531440941839323
-0.03630501480793297
-0.037263402980572666
-0.03834049872140578
-0.03941992919909904
-0.040426600074620456
-0.04156077811162484
-0.04260562124942742
-0.043763962567100495
-0.0448552887189853
-0.04604090894248469
-0.04720210270360596
-0.04846880598836594
-0.04966477393559955
-0.050875444678210854
-0.05221031538744783
-0.05353086622338659
-0.05477120865151822
-0.0560877254592386
-0.05749870670901466
-0.05882624022674991
-0.060314106401668344
-0.06163695380424772
-0.06319371827134453
-0.06470561179180749
-0.06614057946530295
-0.06761569618476738
-0.06911082036149564
-0.0707401998066498
-0.07232985203440886
-0.07394224618074689
-0.0756552728015096
-0.07721270341660799
-0.07893632703371145
-0.08060616411656008
-0.08235208290630694
-0.08411085397611262
-0.08583399944744356
-0.087671011141705
-0.08944599912197793
-0.09137332436816127
-0.09315758176802033
-0.09510106460209308
-0.09709550864373159
-0.09892115731657156
-0.1008072622959026
-0.1027795595164224
-0.10470006734878984
-0.1068429064268715
-0.10883026948900415
-0.11087861569520352
-0.11295417425214252
-0.11500774294819632
-0.11702338997424017
-0.11887251660476642
-0.12108959335627267
-0.12309164417592183
-0.12504561642627163
-0.1270867062539584
-0.1291551057350432
-0.13117639379365564
-0.133062373425466
-0.13481469345834626
-0.13670275606822807
-0.13847200804685528
-0.14002641696520923
-0.14161828564289045
-0.14315203775035512
-0.144346645854176
-0.14562058270627096
-0.14653162859875557
-0.14738059503752782
-0.14806535295763226
-0.1483226606830459
-0.14842544032375085
-0.14839501018827034
-0.1480578471168942
-0.14728000234304067
-0.1462442475509165
-0.14489296744926733
-0.14317626644068418
-0.14106722735483052
-0.13865838278004594
-0.13597066713177994
-0.13291186234861724
-0.12950074922377233
-0.12570767827047624
-0.12180441859155586
-0.11760824898899715
-0.11315753542843247
-0.10857420053005436
-0.10384698410052848
-0.09901729612733456
-0.09411567801067701
-0.08921036827649499
-0.0843962254025094
-0.0795460805680745
-0.07486045464808323
-0.07020080153519448
-0.06577199751553126
-0.061406499848401644
-0.057252674205453824
-0.05328775039660639
-0.0495270968983454
-0.045936043525905274
-0.04257873545648352
-0.03938159013292421
-0.036374311740506135
-0.033562165603369956
-0.030966376415230472
-0.028510412786213284
-0.026275574161485685
-0.02416963959002131
-0.022203441544286072
-0.02039463032211477
-0.018745768636205064
-0.017213017055567215
-0.01578081388550601
-0.014465161031634904
-0.013265616872915548
-0.012155416201744935
-0.011140897738873393
-0.010201081334445486
-0.009357453167680855
-0.008570085468727567
-0.007840901257013144
-0.007170802901745909
-0.006568398294476363
-0.006011962884145453
-0.005499974171529162
-0.0050364385782768264
-0.004608298894919611
-0.004216730807385845
-0.003858603599887156
-0.0035272494299067305
-0.0032274226577374255
-0.002953106884492165
-0.0026983805891231797
-0.00247172515935478
-0.002259801267651536
-0.002069223129342153
-0.001892487535797833
-0.0017294466851007677
-0.0015813877475834913
-0.001446948845466622
-0.0013235941348955084
-0.0012102886193824016
-0.0011079043217177885
-0.0010137157059778258
-9.267382341981015e-4
-8.468945222979586e-4
-7.750639456902626e-4
-7.090356031204869e-4
-6.481810758667205e-4
-5.931003039971443e-4
-5.42610497054778e-4
-4.959650971069168e-4
-4.5373943450422317e-4
-4.149085173884996e-4
-3.794724336783392e-4
-3.469972942856958e-4
-3.174404080078032e-4
-2.9035147867332813e-4
-2.65340258404354e-4
-2.4256674760377822e-4
-2.219030169485248e-4
-2.0272858406328637e-4
-1.853629645742595e-4
-1.6947852921092913e-4
-1.5477811814742213e-4
-1.4142031375123404e-4
-1.291291697227045e-4
-1.1793887274810486e-4
-1.0764999025594206e-4
-9.825666766226983e-5
-8.963926266230926e-5
-8.172951165648346e-5
-7.450958765006191e-5
-6.786443844097013e-5
-6.176025686160873e-5
-5.618007824476925e-5
-5.107067558370232e-5
-4.638436769664911e-5
-4.2086763639175525e-5
-3.815930027507001e-5
-3.453308132271022e-5
-3.122316630905197e-5
-2.8189884499323824e-5
