1.367043796088122e-6
1.4822373165496693e-6
1.5961843643411473e-6
1.7038131029905214e-6
1.8027344061190242e-6
1.8946181130761773e-6
2.0065224520953055e-6
2.223133481632601e-6
2.5644618550002516e-6
2.945228625843936e-6
3.4081415517417278e-6
4.105062633110907e-6
4.7936533109097665e-6
5.423786629053061e-6
6.028687362937941e-6
6.578647063491099e-6
7.002510876428913e-6
7.40089423847701e-6
7.920309778519954e-6
8.535217042203433e-6
9.135887315300142e-6
9.743274195101692e-6
1.0359116385115416e-5
1.0869034473733188e-5
1.1289159771716256e-5
1.1839846347437023e-5
1.2729479559763976e-5
1.3958228836680817e-5
1.5471308091935774e-5
1.7268490241686196e-5
1.9515975338196023e-5
2.2178111091592455e-5
2.478220385444809e-5
2.7191315243012654e-5
2.9581322732511085e-5
3.206981445522332e-5
3.4958721115897355e-5
3.881495448462249e-5
4.3639696404924647e-5
4.8942836539977026e-5
5.464600793343027e-5
6.0351200188150804e-5
6.629515031262129e-5
7.246428350023848e-5
7.830326966108618e-5
8.383134658262653e-5
8.930003483174403e-5
9.567813362862756e-5
1.0388518820638147e-4
1.1363022275481804e-4
1.2365978922230532e-4
1.3377916682774232e-4
1.4431114490214532e-4
1.5433266101531117e-4
1.6366567221644428e-4
1.7421938719323888e-4
1.8690165273887205e-4
1.9947481493037665e-4
2.1100250594063288e-4
2.245781042006067e-4
2.4185041352013802e-4
2.6179252977464137e-4
2.8600288288968057e-4
3.1486054046464963e-4
3.452187615642051e-4
3.7430597335517995e-4
4.0257712903767935e-4
4.3244727170412396e-4
4.685293367729522e-4
5.077315556651975e-4
5.428681069867125e-4
5.742028961551392e-4
6.049390791980067e-4
6.395248879582625e-4
6.823679918858213e-4
7.268473103853389e-4
7.635896309448401e-4
8.001346983545239e-4
8.482366158794237e-4
9.01725496014383e-4
9.51640793331864e-4
0.0010004115938006771
0.0010614382958102078
0.0011386651589793675
0.0012378573463761812
0.0013340914181382381
0.0014247141617535933
0.0015224614971388213
0.001624227402004179
0.0017333029113566964
0.0018630623272464588
0.0020164645094102357
0.002173080000175147
0.0023193941426110517
0.0024687643462012582
0.002607749795669414
0.0027245457599574994
0.002824764584080365
0.0029267912081056653
0.003053967890541172
0.003190970171315589
0.0033125925955342548
0.003457650371496594
0.0036576850114097607
0.0038948960382351894
0.004131694539740261
0.004367693527160915
0.0046039386965564845
0.004840021028938008
0.005076107713665853
0.005296175258609471
0.005511470469633758
0.005725526932677284
0.005954877917019565
0.006184452023532489
0.006407888095194314
0.006735703243995709
0.006995164297454859
0.00723471835769897
0.0075438283092771575
0.007995806692667345
0.008543629341679857
0.009145504345195303
0.009726790976921034
0.010241446355067704
0.010731118406191956
0.01121953790525066
0.011741514188067011
0.012334663630974192
0.013003073195689706
0.013741646744108618
0.014428779695711439
0.014974889184954304
0.015491280226624687
0.016141309895792537
0.01680340714292266
0.017373668445489123
0.017962172594593206
0.018661783228939795
0.019409588893109977
0.02016904399504847
0.020927011511732874
0.021718084650177015
0.022637286249409503
0.023698674489566557
0.02487865490747669
0.026019513050399512
0.027177314609219787
0.028395933817544232
0.029533749698768604
0.030490963883200207
0.031412896427157326
0.03252750494303067
0.033926204774766454
0.035338121701437575
0.0370502080976855
0.03878984629090122
0.040231376513048485
0.04125929448603229
0.04205588047906227
0.042863241883770914
0.04397685111682945
0.04557857334963393
0.047256707859029516
0.04883119391523006
0.05017852118943396
0.05158295234330024
0.05330576361982881
0.0550818093774357
0.0566883631783191
0.058545190164482945
0.06081183251502542
0.06305118324893197
0.06519567431420398
0.06785900213358687
0.06988566494823327
0.07139741847403758
0.07241709777404874
0.07303935202144779
0.07333413697995365
0.07334675173574724
0.07369874937293223
0.07493755863085466
0.0766506162809094
0.07880818538964568
0.08117827179718894
0.08311126544547483
0.08444620280096868
0.08546301979415838
0.08691219480013788
0.08895301708779717
0.09111682612715195
0.09320829675583245
0.09577133588412103
0.09820626620464643
0.09999735344559266
0.10188856972832896
0.10398705190774714
0.10561883799378753
0.10618618454412466
0.10690391371836248
0.10772024007487266
0.1088536600692684
0.110191254047776
0.11175075528131571
0.11344595704978577
0.11516597288218988
0.11696643243364191
0.11871988005258471
0.1203263698436494
0.12206805149887077
0.12450725955230946
0.12699488081454322
0.1288102619495667
0.13027192649510175
0.13135766273650284
0.13218399587480412
0.13319078762972167
0.13426323197464998
0.13558303455289528
0.13691563848651142
0.1380066483329545
0.13896316239924114
0.13942604231432226
0.1394016655435753
0.13843689763085806
0.13718808762172321
0.13544596592875593
0.13356276560503602
0.13195018963086008
0.13005623584610462
0.12769273209705348
0.12639858767076878
0.12656618319704824
0.12689463795097503
0.12645784984346606
0.12544112602896168
0.12433509752176623
0.12450861567327555
0.12501296782503635
0.1247908759453365
0.1247624948325164
0.12498649990953949
0.12414858445489553
0.12285166641092403
0.12210871575794849
0.12195677370437918
0.12146102318968345
0.12020674818323758
0.11722354647655267
0.11391846770860024
0.11102374657896132
0.10907221166281948
0.10689329026489705
0.10443426608510135
0.10167485238559663
0.09802959865761451
0.09572751734993903
0.09485591872489688
0.09404390388389496
0.09238053965626133
0.09077398634500834
0.08952363839663
0.08779405331485947
0.08470913821928756
0.08096243057451703
0.07763767359324186
0.07710471190136436
0.07537764759132977
0.07469951896584692
0.07432924888231857
0.07296047234696418
0.07027890224025504
0.06736574020994807
0.06456185288358356
0.06269980940377427
0.062031725206241624
0.062000915662201415
0.06129551060007038
0.059217938847580406
0.05613884754606508
0.05299377302992936
0.05070776629705125
0.04952361386274882
0.04897860323999656
0.04860193957476766
0.04796677223352558
0.0465616167481754
0.04461638885055478
0.042626608874582333
0.0409600001008837
0.03998855868738074
0.040002810735656834
0.04075929409719213
0.04163715776985144
0.042430118780296136
0.04331111872673663
0.04410517829310803
0.045117520382241476
0.046417510351441586
0.04837627213250801
0.04912307071533718
0.048809061916057314
0.0480253384858827
0.04737621432980492
0.04720645423054795
0.04709802080965812
0.04706957954810773
0.04739931303419571
0.0480658125496417
0.04848987484779292
0.04823468147148611
0.04747051827215316
0.046808320880419446
0.046579126750909965
0.046723974347111744
0.04707035106187734
0.04745331285908596
0.04695544175193597
0.047139165696220224
0.0477026000711086
0.04831721211711172
0.04897468023531589
0.04969767330004679
0.05022855518177109
0.05006498074339182
0.04941994607248474
0.048931886348802286
0.04904418604653811
0.04947760375179024
0.049922476617655455
0.04985563529758012
0.05040404234121305
0.05048251665368028
0.05013464838541696
0.04930411566681448
0.04787272719897707
0.047785215798269214
0.047965794393546944
0.047066541587802324
0.04635288043361038
0.04576441993665685
0.04517922845970831
0.044524599096707404
0.04380485357635346
0.04302410959874307
0.04230270997640794
0.04155937574852976
0.040661571517405654
0.039666489465696265
0.038605011623996134
0.037511229327738635
0.036900914713264246
0.036331427444213894
0.03556426516399634
0.03494870644715434
0.03442166228183172
0.033741415674739685
0.032969514234188015
0.03207370584621132
0.031047111255923472
0.03013192139530714
0.029383404044522183
0.02864993642065194
0.02787869485621404
0.02714415295395274
0.02648029790918628
0.025810004311856795
0.02513154953306567
0.024460095593724515
0.023852395790466403
0.023316939987201066
0.022762990192956772
0.02203694914209471
0.02124444671430928
0.020439868525590207
0.019594883382386734
0.01898211930705177
0.018395698917536996
0.017812309019464588
0.017254375804915827
0.016713851004263015
0.016209933868741498
0.015739947203224313
0.015149272078755023
0.014593239833604143
0.014039911949215108
0.01348154577479253
0.012939302051898097
0.012429459180788404
0.011958793690265172
0.011532389600116271
0.011106100206342964
0.010643850185378483
0.010185887566824729
0.00975695641959415
0.009362320968707505
0.009006825376695764
0.008676029527683293
0.008358316444925528
0.008051086634811121
0.007737391781561365
0.007410411906285346
0.007100602876016357
0.006823567855797392
0.006561282038653244
0.006278979816703534
0.005981619185186029
0.005696164000978632
0.005437252590466572
0.005200084031426336
0.004965014146607842
0.004732726548774062
0.004502859316335079
0.004267259521886352
0.004033596669521672
0.003829107728267003
0.0036499859075033838
0.003480195694596243
0.0033070243915923193
0.0031285539893722287
0.0029648582538593996
0.002809375392536605
0.0026553403630902085
0.002501254192100664
0.0023575325678910544
0.002230614859659691
0.0021128333768180886
0.0020056798459837004
0.001906591606017795
0.0018116566053887617
0.001717376190433896
0.001625760387932468
0.0015366524940479476
0.0014508481617163328
0.001363119133692904
0.0012813010486980296
0.0012059930142405528
0.0011370340989949196
0.001072685381095874
0.00100981166395262
9.468642214207976e-4
8.873943641173057e-4
8.320421758062285e-4
7.799099119269343e-4
7.304390331699983e-4
6.842933704255388e-4
6.421849810747098e-4
6.028803049131253e-4
5.639038497568466e-4
5.269518603336839e-4
4.936935343165118e-4
4.6259674817450126e-4
4.3369032325070266e-4
4.0623021154115936e-4
3.799751360165133e-4
3.5505055452648266e-4
3.335009651798177e-4
3.1366151043291644e-4
2.937585375852543e-4
2.744454073260109e-4
2.5584453222223744e-4
2.377491571940679e-4
2.205876154880017e-4
2.0528930509815742e-4
1.9106467463173626e-4
1.7780196124716994e-4
1.6583840072513953e-4
1.542731067662192e-4
1.43487829656483e-4
1.3359089833793637e-4
1.2361335083432674e-4
1.1360327356294212e-4
1.0427641569791696e-4
9.562958633789585e-5
8.752226069904804e-5
7.993474497391204e-5
7.324087419210706e-5
6.739064725487909e-5
6.201282116961534e-5
5.702905847763981e-5
5.2441408100638665e-5
4.811701760282598e-5
4.412540526697488e-5
4.0490307384878754e-5
3.7163052871241175e-5
3.3945417342990246e-5
3.09304553504504e-5
2.8259143155517366e-5
2.5825294838542894e-5
2.363086102436141e-5
2.1588869287964064e-5
1.9699934464322347e-5
1.792467529053127e-5
1.624623722598254e-5
1.4703046577445334e-5
1.3288484281786323e-5
1.1962151516134735e-5
1.0775672034160562e-5
9.677044187020615e-6
