-4.4848393045212786e-6
-4.848481503256687e-6
-5.297636341513097e-6
-5.8789965834448566e-6
-6.535825412876021e-6
-7.206014033755957e-6
-7.88127431781226e-6
-8.47334594109219e-6
-9.018718415516783e-6
-9.618178165557159e-6
-1.0170397301337523e-5
-1.0622870849315583e-5
-1.1217732458620028e-5
-1.1924543569622176e-5
-1.274506866783172e-5
-1.3765698916084026e-5
-1.511609188783356e-5
-1.6694492927188945e-5
-1.841891379617052e-5
-2.0302180866855726e-5
-2.2290386025606905e-5
-2.432240743365597e-5
-2.651305711095296e-5
-2.9078291133867253e-5
-3.213472240793462e-5
-3.5356310798891247e-5
-3.8323372742605775e-5
-4.10336040274953e-5
-4.361119230875247e-5
-4.600667011202069e-5
-4.8078209461336055e-5
-5.0286936947827754e-5
-5.3497095027605244e-5
-5.760394709698607e-5
-6.226511497696508e-5
-6.705011792991802e-5
-7.136729806659014e-5
-7.488219196359004e-5
-7.830313736251059e-5
-8.24429787812903e-5
-8.693011502978323e-5
-9.202607559857242e-5
-9.803011038093637e-5
-1.0488350764469136e-4
-1.1279955023841901e-4
-1.2146611150273302e-4
-1.3055091888157858e-4
-1.3922097800613112e-4
-1.4672173282549117e-4
-1.5373443739719037e-4
-1.6204178881713827e-4
-1.724904821286335e-4
-1.8513758295653915e-4
-1.9996898249405705e-4
-2.1549427025783555e-4
-2.297003843024818e-4
-2.4228708541692415e-4
-2.552660109821918e-4
-2.69718630253852e-4
-2.838979494360263e-4
-2.9756385860916915e-4
-3.117130051752691e-4
-3.2539509645214496e-4
-3.3841376095034313e-4
-3.5216742571022745e-4
-3.6740199265703204e-4
-3.8261097537647303e-4
-3.970693885615826e-4
-4.1134848344590583e-4
-4.2859416126948255e-4
-4.548678424893991e-4
-4.906380098078683e-4
-5.299006318126631e-4
-5.672148555111517e-4
-5.999102189338523e-4
-6.339605694950045e-4
-6.810655715306405e-4
-7.382934065864447e-4
-7.935256531991125e-4
-8.491663644065431e-4
-9.135500848102293e-4
-9.817241384518685e-4
-0.001041962000383216
-0.0010902813341328059
-0.0011302675384884183
-0.0011640383997774046
-0.001213496439433493
-0.0012753735119724744
-0.0013449457393998531
-0.0014124863078623143
-0.001466827195782525
-0.0015132468849246715
-0.001577374360563802
-0.0016607353036141254
-0.0017408076657400094
-0.0018288973128247979
-0.00193769661244728
-0.002066169041829202
-0.002206530515559668
-0.0023211568060731874
-0.0024252059164475083
-0.002590088418356526
-0.0027974345710047722
-0.0029862034710078844
-0.003145291458102148
-0.00331281085308972
-0.00350156387063871
-0.0036854689767615574
-0.003837692940000686
-0.003982679831453254
-0.004179692925904141
-0.004414232975649256
-0.004656857521839363
-0.004900155629842953
-0.005181357558011196
-0.005577846791212047
-0.005928887915434613
-0.006221529814783282
-0.006482916754396385
-0.006698540931156351
-0.0068778546023979484
-0.007001067598463658
-0.007078789677076837
-0.007202827231657303
-0.007430883351771932
-0.007740297426455895
-0.008122672781582282
-0.008555051349895357
-0.008951337433153857
-0.009258361014405117
-0.009505953773354572
-0.009826317179702207
-0.010336161556253186
-0.010990046586592752
-0.01166502384672875
-0.012326182437214497
-0.01293401023060355
-0.013447494518423845
-0.01392657609524955
-0.01440072707426966
-0.014959859157734031
-0.015575961330019653
-0.01619565688254973
-0.0167020991483075
-0.017083280999145065
-0.01738951462405397
-0.01776833780587395
-0.018280956961822394
-0.018789889411934997
-0.019270899359273688
-0.019898761512240667
-0.02075223717017492
-0.021601702450571976
-0.022510318213040403
-0.0230527129438966
-0.02349735814296224
-0.024063677042425874
-0.025005721946339363
-0.026339629155674914
-0.02773444658051858
-0.028927061760886098
-0.02987660288492584
-0.03060333565943476
-0.031317650947024114
-0.03219012536293227
-0.033237109205714384
-0.034230858387543237
-0.034821657683212374
-0.03529850297559125
-0.03614773474138718
-0.037402641362192686
-0.038795867543124064
-0.0401162763130982
-0.041853986484554274
-0.04258178702802067
-0.04372353243057955
-0.04580718352126573
-0.04830816299001636
-0.05068667945652269
-0.05301407143586972
-0.05550585247481809
-0.058172820359491444
-0.06066589314069148
-0.06287574354473138
-0.06485484784528593
-0.06662750156245263
-0.06817731382810131
-0.06967057532724047
-0.07137751049836476
-0.07309743441922503
-0.07459801909279201
-0.07609960205613335
-0.07802182161396008
-0.08121487886302414
-0.08345739022783412
-0.08583831099107884
-0.08837114262950439
-0.09094550791456994
-0.0935029894960956
-0.0962928582644925
-0.09962126242718214
-0.10281393838249388
-0.10597663817011219
-0.10893269572144428
-0.11173604655930014
-0.11431355660035915
-0.11644924510041994
-0.1183057928895424
-0.12063613334055873
-0.12353860050217558
-0.1263100905342874
-0.12822831825186048
-0.13018497268540638
-0.13246177005610302
-0.13458600486768718
-0.13681171689206484
-0.13946199295510625
-0.14225867000815245
-0.14507658953412558
-0.14767617069650163
-0.1501183502377331
-0.15215721248091646
-0.15361167003533197
-0.15495046552784544
-0.15690036222464965
-0.16225107401844574
-0.16758242703773737
-0.1732553666299343
-0.17925940856153913
-0.1842973850457628
-0.18860245117467464
-0.1931609346949583
-0.1980748442277194
-0.20188076888859097
-0.20469372480693368
-0.20779045854289438
-0.2116592374624918
-0.21522312212879782
-0.21732595382017034
-0.21895516739409487
-0.2211587839749319
-0.2228905856624556
-0.22390174600486412
-0.2255466768529863
-0.22871080441959565
-0.23197235306775751
-0.23390807590269277
-0.23462198616544386
-0.23625529056856176
-0.2405210284930206
-0.2446768996313016
-0.2476398009249504
-0.24975401417298132
-0.2532645326716565
-0.25803777028326746
-0.2634105987951302
-0.266457992347665
-0.2686101073717251
-0.27074145959835355
-0.2728208993282709
-0.274328639165014
-0.2748321247473693
-0.27511810981812496
-0.27613335565636477
-0.27812054152390103
-0.28033170787407824
-0.2817887776558855
-0.2854058816917691
-0.2858057864703574
-0.28505891734141203
-0.2850880228967497
-0.28609771694138164
-0.2898527075619189
-0.2914457239943134
-0.29326513436399954
-0.2941791582600749
-0.29372313224985647
-0.29251824179971886
-0.29214371164614017
-0.2934906714276819
-0.2951571394785116
-0.2956700478395413
-0.2944183442332332
-0.2919605933876988
-0.28969098680589467
-0.2886245901854465
-0.2880136024228776
-0.2870970718610057
-0.2862207376706105
-0.28536215221430167
-0.28388278292622826
-0.2807305925911662
-0.27608904325314715
-0.27110519474288536
-0.26655360769914827
-0.2622518823627206
-0.2586035841520297
-0.25533936503458454
-0.251050354284224
-0.2453484964261746
-0.23964066929668018
-0.23429820746141786
-0.22923585953542527
-0.22474018933657572
-0.22135935300117152
-0.21873634497746117
-0.21600469391122848
-0.21269265445831084
-0.2081213725928579
-0.20225862956303148
-0.19698410391765192
-0.1940548101134915
-0.1925206422864849
-0.19050459258346372
-0.1872279778424142
-0.18241784709849698
-0.1758042909214785
-0.17184141746294357
-0.16752906313548505
-0.16374472499045747
-0.15982449068089052
-0.1553075929647502
-0.14967501063729532
-0.1431266134735774
-0.13696344061912868
-0.13335337097377023
-0.13215259450350492
-0.13097659774237883
-0.12804079200727328
-0.123864868680901
-0.11958930053202162
-0.11655972799581917
-0.1115066416144849
-0.107560603341532
-0.10432475014010584
-0.10149721249557722
-0.09997383070463035
-0.09928444720128642
-0.09573672095332461
-0.09302143651330769
-0.08998875103480386
-0.08647321451594361
-0.08303361146308345
-0.0799874831764572
-0.07727142734331531
-0.0748219165995988
-0.0725198712795106
-0.0704745847975049
-0.0686974982742149
-0.06686325857311794
-0.06481315250173186
-0.06268165588792983
-0.060146017985109795
-0.057624386281917225
-0.0559010998693779
-0.05389581488944647
-0.05156886095997234
-0.04972896087826149
-0.04833519409757747
-0.04718931428183318
-0.04603104828846941
-0.0444426448719527
-0.04262239537023733
-0.04104084696840825
-0.03969868956363383
-0.038229307706509966
-0.03656022925512667
-0.03496157518211562
-0.033383967188187355
-0.031668139674419116
-0.02997121405146397
-0.02862333328805012
-0.02752536007333035
-0.02677162948750536
-0.025863961236152214
-0.025037043978662084
-0.024394770186624167
-0.023742262499913555
-0.022841505017413444
-0.021946509046677786
-0.02101966507861818
-0.019988700469692543
-0.019027414759543747
-0.018263388130431508
-0.017603437928997677
-0.016960270549945148
-0.01634759746590657
-0.01575441561355287
-0.015161676863096992
-0.014523720940152519
-0.013843213469574291
-0.013166505686620778
-0.01256054843326696
-0.012076267432643966
-0.011619135130462494
-0.01110788721165127
-0.010564496452194054
-0.010006279285061297
-0.009497063458693842
-0.009063150661840432
-0.008608131830076757
-0.008138131967204424
-0.00774647144563637
-0.007383221020815235
-0.0069902912864250495
-0.006616432099964543
-0.006289368818895261
-0.006004213193443587
-0.0057178741822992915
-0.005392388823496944
-0.005114332930902757
-0.004894085634822524
-0.004664346871808613
-0.004444217415607023
-0.0042702379608510425
-0.0041371637423741996
-0.004004717274190463
-0.0038265848294930416
-0.003629323556009512
-0.0034640484268568775
-0.003324053709244535
-0.003161833670205781
-0.0030009000688535096
-0.0028507412341278672
-0.002718166134474126
-0.0026057052745810483
-0.0024870531712484043
-0.002357338264998015
-0.002228342208363802
-0.0021012856727500545
-0.001967860330215114
-0.0018459679567658209
-0.0017484805269136162
-0.0016680923973665098
-0.0015979303026214006
-0.001529626339797255
-0.001456621599817632
-0.0013792161616432463
-0.0013004646230284245
-0.0012228658141624795
-0.0011607408450078946
-0.0011117701228448614
-0.001062239601848129
-0.0010079664360769698
-9.492357260276375e-4
-8.929748525819826e-4
-8.417430745800531e-4
-7.930126941229814e-4
-7.495310844886655e-4
-7.097915413309222e-4
-6.699161873704605e-4
-6.304784951017046e-4
-5.923893974863748e-4
-5.565612355150731e-4
-5.206945394621145e-4
-4.8584617394304205e-4
-4.5505325776096017e-4
-4.2413379035950043e-4
-3.9474690016119137e-4
-3.716868623799103e-4
-3.517429424988414e-4
-3.329427736013797e-4
-3.1581803912162623e-4
-3.0007787698695484e-4
-2.8477049407442677e-4
-2.698489182179068e-4
-2.535979482974998e-4
-2.366988196418262e-4
-2.2172073888747395e-4
-2.0805202829178628e-4
-1.9521597065126143e-4
-1.8432634337161717e-4
-1.75189125325872e-4
-1.6666940899953507e-4
-1.5822349709980038e-4
-1.4969910259236423e-4
-1.4131590008103863e-4
-1.328104912463366e-4
-1.2445110300861794e-4
-1.1681992027583817e-4
-1.0959858425101035e-4
-1.0256877577940138e-4
-9.557504905636117e-5
-8.897427603238448e-5
-8.306706674961496e-5
-7.775981872701802e-5
-7.29917137778978e-5
-6.846862261611983e-5
-6.394425430419375e-5
-5.9853834009968025e-5
-5.61863319175289e-5
-5.279845068801596e-5
-4.9568215204996974e-5
-4.6541189891660786e-5
-4.365878632813047e-5
-4.087987131357586e-5
-3.833554327962294e-5
-3.602428871310407e-5
-3.3705003892863486e-5
-3.141675905311352e-5
