-9.640315133072365e-6
-1.181378254684e-5
-1.3639081100485435e-5
-1.5335964519411386e-5
-1.7141503761046926e-5
-1.9535646563384004e-5
-2.273239290881828e-5
-2.593608541881845e-5
-2.895405780420071e-5
-3.1912215850342796e-5
-3.5165922546843564e-5
-3.9856853066327504e-5
-4.588762219791222e-5
-5.137999590322493e-5
-5.652326899930179e-5
-6.077890487359044e-5
-6.422187186877183e-5
-6.950938317333795e-5
-8.487535034663894e-5
-1.08898944053906e-4
-1.3342726100164118e-4
-1.5445453966411894e-4
-1.7260671634914266e-4
-1.9179141334808752e-4
-2.143816982369419e-4
-2.4134712401604694e-4
-2.747865828307458e-4
-3.143907569478449e-4
-3.569619700435628e-4
-4.010825552085976e-4
-4.484990999974308e-4
-5.05293749496341e-4
-5.749138502336166e-4
-6.456914533152944e-4
-7.110734402106138e-4
-7.729364304312981e-4
-8.39569383506634e-4
-9.330525848443825e-4
-0.0010608497961884487
-0.0011948547924577732
-0.001320668092071763
-0.0014411843461389269
-0.0015658977929573063
-0.001708414058224833
-0.0018711877804489523
-0.002042868649886519
-0.0022244867954307
-0.0024021508369281696
-0.0025681819873080904
-0.002745722486786859
-0.002976787782779816
-0.003333179049481663
-0.003838935033916983
-0.004417912726711284
-0.005022900010133899
-0.00561984699576855
-0.006110537110236654
-0.00647936903331303
-0.006947596349673587
-0.007675555313625187
-0.008517084798807039
-0.009431893558629752
-0.010853884007149775
-0.01228682846651903
-0.013498756962392085
-0.014510746568975785
-0.015447349754510025
-0.016381664451260228
-0.01731287108759558
-0.01825085682557657
-0.01938134870093982
-0.0212059411639732
-0.02365828244111958
-0.026302100420604914
-0.030219035523039513
-0.03404810961201721
-0.037329570410201116
-0.04029530796667297
-0.04318122770009311
-0.046014640884081276
-0.04874762881613057
-0.050499335276768975
-0.052545104965907884
-0.056101373678774734
-0.05905752167236929
-0.05515591944450617
-0.0583386680409906
-0.06254033401038032
-0.06661735234158091
-0.07250497615494504
-0.08074934738895316
-0.09054807243165136
-0.10070390812051641
-0.11049726580453252
-0.12100613941586119
-0.13288013443245114
-0.14465408696568977
-0.15514645232782473
-0.16418855181944286
-0.1727323899714939
-0.18153411726892507
-0.19067332857375302
-0.20129361924180528
-0.21413142781111774
-0.22476689571575373
-0.22162523243868182
-0.2210745299167521
-0.22934962407937132
-0.24394466909103654
-0.27412724700690866
-0.30278109071458925
-0.31978105330702294
-0.33710774788826114
-0.350689948878229
-0.36099964668486345
-0.3690820195001345
-0.37677003831305134
-0.3890642632457792
-0.41197426418814564
-0.4420512272591926
-0.46596777558288105
-0.48005049334939826
-0.49124432511156196
-0.5062126860107756
-0.5252869955346544
-0.5476723487234173
-0.5793868323577891
-0.6164154951771534
-0.6504434883538387
-0.6766498002561895
-0.6968301653190141
-0.7102468643809094
-0.7193923134715985
-0.7355258887073222
-0.7511955933286459
-0.768033100023242
-0.7853702963016173
-0.8081647326710655
-0.8330912974955978
-0.8537456938550871
-0.8592732455925227
-0.8379848600626367
-0.8121372632997268
-0.8221146223167088
-0.8515890045354897
-0.8918233904948288
-0.9368715599195804
-0.9756120226193185
-1.0066320857555293
-1.030317853450142
-1.0454697100631627
-1.044647925232359
-1.0301346339183615
-1.0094612702245758
-0.99530469895285
-1.0026401675179268
-1.0199586764042399
-1.0341669688854305
-1.0525670690584077
-1.0679351157514951
-1.0758852966961148
-1.082858874058638
-1.0821177499023655
-1.0644914129649343
-1.043470435558785
-1.043713998463017
-1.0501679799648176
-1.0505106168233684
-1.0488337155131076
-1.0489633513988634
-1.0505840278669671
-1.0435681537799282
-1.0306147050930075
-1.0124837657799874
-0.9908161672540765
-0.9710292741762399
-0.9577635875912166
-0.9483390208520291
-0.9344307680699311
-0.9117692712644674
-0.8843302703400766
-0.8566145945653955
-0.8278788271410179
-0.7958478705345833
-0.7640085602236131
-0.7363730505467538
-0.7136940127412718
-0.6948762500849994
-0.6792006275392927
-0.6649472538631572
-0.6519313379626145
-0.6387432169348652
-0.6212539549019639
-0.5989606209680596
-0.575270546812847
-0.5529906321651826
-0.5291139488688387
-0.5036781306976251
-0.4798810958314427
-0.45876665558206825
-0.43706097721068227
-0.41356214952989534
-0.39121900504939305
-0.3722990788542421
-0.35661450277826323
-0.34126682950795884
-0.3241248754110946
-0.30749875785503195
-0.29249811547175936
-0.27823714698561713
-0.26503465917151575
-0.2530162993906229
-0.24039195091158175
-0.22643440178344593
-0.21217804305526367
-0.19904117323218476
-0.18743494442280553
-0.17648476475621622
-0.16616591163443462
-0.15687889747013492
-0.1477337823866739
-0.13796424292350443
-0.12776764390288517
-0.11780117274848975
-0.10903246731982912
-0.10176760870987106
-0.09506189258446467
-0.0883044398819852
-0.08164151015285652
-0.07537193261856065
-0.06981935421728827
-0.06527326061288999
-0.061328436548609054
-0.05733535314725982
-0.05333791837780596
-0.049224581020464425
-0.04518796365932382
-0.04134969565616407
-0.037903701897578024
-0.034921896706923194
-0.032313465352729324
-0.02990145777607648
-0.027505749129960427
-0.025056123629610197
-0.022627498015313927
-0.020504948719836314
-0.018831680295354432
-0.01738702699709889
-0.015947501018687676
-0.01450531692172464
-0.013126239995390018
-0.011869504043977772
-0.010800967650735582
-0.009910244029119882
-0.009105461534647306
-0.008368860456987549
-0.007714493073525679
-0.007090784903402257
-0.006454993139752037
-0.0058374781015774965
-0.0052722297975517935
-0.004753691598997831
-0.004280990868044629
-0.0038635519681402748
-0.003491692371495226
-0.0031553542022763623
-0.002858324026371465
-0.0025785269606562007
-0.002299497368069176
-0.0020251512469518216
-0.0017770446039617083
-0.0015685626067078148
-0.0013958170494569942
-0.0012475791269436832
-0.0011107863654171361
-9.84924514847826e-4
-8.740457082398993e-4
-7.850293351800682e-4
-7.138158326552626e-4
-6.465610897998295e-4
-5.82893477575149e-4
-5.326225187409576e-4
-4.789774661933206e-4
-4.249770503775035e-4
-3.7739366590675867e-4
-3.3718890190987484e-4
-3.014879398821219e-4
-2.6850299009369453e-4
-2.3805231204607145e-4
-2.1163986596894045e-4
-1.884859971176927e-4
-1.6470838311409696e-4
-1.4236497579549014e-4
-1.2368370371222201e-4
-1.0813176859254424e-4
-9.399396835294069e-5
-8.115640064133146e-5
-7.060848191188952e-5
-6.228314483698918e-5
-5.531660132924159e-5
