-1.40564657230597e-5
-1.585821671733992e-5
-1.737293021652565e-5
-1.9053353120832446e-5
-2.09609182280382e-5
-2.3558401103124727e-5
-2.7033570356022245e-5
-3.0335651998024628e-5
-3.3587725728280065e-5
-3.7550729372416716e-5
-4.255886791960322e-5
-4.9175421850650165e-5
-5.6158820934080866e-5
-6.223511056201602e-5
-6.881077102898819e-5
-7.683673952356511e-5
-8.773701303733256e-5
-1.0451694814398925e-4
-1.3154051228124388e-4
-1.5932738610002162e-4
-1.8051313960300517e-4
-1.9733305049831379e-4
-2.1476000066813144e-4
-2.376821560914324e-4
-2.6783077496315863e-4
-3.050911878778398e-4
-3.4823637394286607e-4
-3.9535689852283695e-4
-4.459724602730317e-4
-5.006229120363227e-4
-5.636918270772871e-4
-6.406008163949562e-4
-7.175745648824474e-4
-7.80572823674681e-4
-8.419442917689478e-4
-9.148522122278361e-4
-0.0010096567265212148
-0.001138082430179572
-0.001280104382862995
-0.0014086809678143827
-0.0015309972308942615
-0.0016554541214588356
-0.0017904841241834144
-0.0019547690450684766
-0.0021469478780786477
-0.0023514916841770265
-0.0025720679629714833
-0.002800704390427579
-0.003045032605967832
-0.003351472682659456
-0.0037844536172377736
-0.00437118863879923
-0.005064415136430004
-0.005782290229983301
-0.006455692803864221
-0.007043215111705895
-0.007542664217670794
-0.00806807194070917
-0.00885221550601624
-0.009847709233520859
-0.011013654618417983
-0.01210735413801974
-0.014025455401631684
-0.015317252856751937
-0.016417847991400634
-0.017425722718689213
-0.01850620102743133
-0.01971850770953304
-0.02125955429547625
-0.023292857571851018
-0.02600561331360182
-0.02917861024985013
-0.03198904269445493
-0.038170886892691984
-0.03997716283333971
-0.04377567553343921
-0.04651262136499184
-0.04924891578546577
-0.05183365541971753
-0.054147335810599925
-0.056408503736692754
-0.058884449108151916
-0.062493029947221876
-0.06776519325688497
-0.07435310297360595
-0.07556390169200522
-0.07394643140350468
-0.08092831513712559
-0.09049782725884786
-0.10340233068469058
-0.11814651861913793
-0.13373031757586654
-0.1495532873314081
-0.16708920374406516
-0.18757364517553032
-0.20558750634583778
-0.21527981380527278
-0.2190606893677915
-0.22228404740204255
-0.22725917136066753
-0.23386651440608738
-0.24206414195612036
-0.2532310100848517
-0.26888498436932523
-0.290961493640975
-0.3173410753429063
-0.3160422617173882
-0.3323630710886118
-0.34245292352105683
-0.3552178962833742
-0.37878947294349885
-0.38776989393374844
-0.39801571433612376
-0.4109134763111324
-0.4251591829206863
-0.4409267356697693
-0.4591962469728514
-0.4818799963009559
-0.5103332274484633
-0.5393550428414201
-0.5608075646348181
-0.5773389419344931
-0.596709662400722
-0.6235759499027069
-0.6540016478374723
-0.6841438054798846
-0.7167919924704473
-0.7452694800832007
-0.7689926518174072
-0.7917158365038041
-0.8141376186970176
-0.8325068604694784
-0.8440902866482694
-0.8575737591634559
-0.8726841209728458
-0.8897465008263398
-0.9056252281463218
-0.9263019054400469
-0.955958635703302
-0.9890549788535534
-1.0177887484823414
-1.0326159375241544
-1.0401037104511879
-1.0588217278553997
-1.0811560108659042
-1.1030378938717214
-1.1289922518346192
-1.1574292919120244
-1.1850218593918391
-1.207796144950397
-1.225828658455692
-1.2363048686098097
-1.2403396577041852
-1.2460836920111311
-1.2492306642273032
-1.2683985357321497
-1.2954805780008123
-1.308678948886192
-1.3110214535323201
-1.3078094224321466
-1.301084424636656
-1.294969076554783
-1.2888942088486157
-1.2810695265173
-1.2756600339069015
-1.2774964736709948
-1.279819458268838
-1.2766468306735381
-1.27062157859856
-1.2618908240614366
-1.2515332348333805
-1.2363437043473338
-1.2170368043435686
-1.19764865851644
-1.17925719726695
-1.1629223079309148
-1.1498298338005946
-1.1367059496581622
-1.1182526593380682
-1.0946687659658665
-1.068868996189859
-1.0424491555233197
-1.0159977918688754
-0.987865026664253
-0.9565536515242097
-0.9243196087975896
-0.8947108069601926
-0.8677128870593982
-0.8423040941522333
-0.8201469465438481
-0.8022959749767947
-0.7857998089877161
-0.7655289875216336
-0.7404272580788723
-0.710845011849963
-0.6795818140816346
-0.648830240993083
-0.6194068977345832
-0.593153571186363
-0.5692923152443028
-0.5444917683054251
-0.5193341343173343
-0.49573910583058417
-0.4737011277967954
-0.4526393319562916
-0.43147428804585125
-0.41005869692067537
-0.3896829932490471
-0.3708885331003215
-0.35347904231165184
-0.3373861987850931
-0.32234388916488965
-0.307034044106791
-0.29054994878887164
-0.2733900605289291
-0.25640916222526705
-0.24101442666564088
-0.22704024801291822
-0.21381001507018224
-0.20156642233868502
-0.1902465681712949
-0.1794022576037113
-0.1684647746188851
-0.15738805007335874
-0.14675648830779184
-0.1370028505999388
-0.12774203809760326
-0.11881276088692438
-0.11057945068464843
-0.10308647017661336
-0.09608374361258737
-0.08956884989929768
-0.08320245028608142
-0.07710139972922402
-0.07148774937106715
-0.06625757956697734
-0.061347861072399944
-0.05662832921459038
-0.05219028618538805
-0.04819541211819542
-0.044692487952916894
-0.041534912754512085
-0.03842109367785753
-0.03521093787236737
-0.032043882103223904
-0.02924091711567075
-0.02690024140412085
-0.02484516217748487
-0.02287698512026272
-0.02095021013577901
-0.019138509535248628
-0.017489070692426233
-0.01599634411361501
-0.01460566688029914
-0.013267043250145116
-0.012024675820865572
-0.01094513626790217
-0.010004199933897789
-0.009131969555350908
-0.008296798688392861
-0.00752361568900493
-0.006825387252938068
-0.006206455990839288
-0.005655223972436932
-0.005141230019245984
-0.004651864775909822
-0.0041984956335290174
-0.0037758896359238554
-0.003378752741561545
-0.0030039891850617627
-0.0026630523607027927
-0.0023676932112881763
-0.0021119236062519596
-0.0018837373251567866
-0.0016760411484309826
-0.0014919179670945695
-0.0013299504791514495
-0.0011941717109955768
-0.0010808157307319551
-9.762738303448646e-4
-8.747137838950867e-4
-7.862833973285108e-4
-7.04091764431601e-4
-6.292680271400505e-4
-5.622863982922474e-4
-5.019923143050262e-4
-4.467630040871823e-4
-3.9650947201490716e-4
-3.5168509471438685e-4
-3.1279119742040764e-4
-2.769227351248286e-4
-2.4289167354522523e-4
-2.1197461695832273e-4
-1.8503600425183567e-4
-1.6179074929196691e-4
-1.4131271645915716e-4
-1.2345437799995106e-4
-1.0839500490846997e-4
-9.59110953302105e-5
-8.543872722560072e-5
