1.0304910072643814e-6
1.1678288858627479e-6
1.2395501791971126e-6
1.3298546928800642e-6
1.5437859459759976e-6
1.773157801474972e-6
2.082704261152238e-6
2.5621186590247194e-6
2.9356529002623786e-6
3.169891468045324e-6
3.6455606875670167e-6
4.274702370552521e-6
4.77606624519479e-6
5.465301302920238e-6
6.454520348014238e-6
7.35749538449576e-6
8.403917614174563e-6
9.949084116580222e-6
1.1511059856878367e-5
1.3056051460780864e-5
1.5192477218287517e-5
1.724941043595182e-5
1.825149255682693e-5
1.9438823871081128e-5
2.2642765215078844e-5
2.7322780401729147e-5
3.146800441577968e-5
3.452222700906672e-5
3.8398047503164495e-5
4.484144992519368e-5
5.2203072997593716e-5
5.794894524877579e-5
6.272208086844666e-5
6.717784393745847e-5
7.049180890994719e-5
7.660317716720147e-5
9.064163294083627e-5
1.0776214226427934e-4
1.2124527279520756e-4
1.3534416029825196e-4
1.5275502520224374e-4
1.6667974772871107e-4
1.800053442874721e-4
2.039150605363003e-4
2.310545255732977e-4
2.474578262300013e-4
2.6482046591236465e-4
2.98487737350811e-4
3.3410160574312765e-4
3.588203561641827e-4
3.9073684668996606e-4
4.3836755462887326e-4
4.7954199040524257e-4
5.129392057994758e-4
5.669340439555134e-4
6.317881506802646e-4
6.632468931577811e-4
6.722961726263708e-4
7.184431788089942e-4
8.067375329738109e-4
8.86991580980138e-4
9.399433358169164e-4
9.807679502827208e-4
0.0010220131505109594
0.001082516839758203
0.0011600417646633724
0.0012025833801198433
0.0011951757087726859
0.0012039182975357439
0.0012645590742901048
0.0013540572717252342
0.0014855785411881576
0.001675197951413348
0.001860782813242409
0.001968501396489573
0.0019669439380581395
0.0018661166557433879
0.0017928629459129835
0.0019291953311381662
0.0022755502508000434
0.002676965720314118
0.0030421122800207336
0.0033295459002149895
0.0035243616076272256
0.00375508239784862
0.004163309964837112
0.004721730696421819
0.005344567218801865
0.0058760914768643075
0.006080301845297299
0.0060789119349304675
0.006328507088452747
0.006900938130972071
0.007656537324624661
0.008915615660483416
0.010802180479482613
0.012660644837985395
0.01404560697724489
0.015053650069731419
0.01556599564792833
0.015720097417028112
0.016245570839675143
0.01718483178058631
0.018190223147281148
0.020012158044979134
0.02300704159821421
0.025755211056278666
0.02756236908439719
0.02919159683463798
0.030310511770159167
0.030658027223361577
0.0322335583844024
0.03567851047254997
0.03843919120180581
0.03977901214155064
0.04167490754845685
0.044100240344237526
0.04597231041835586
0.048239123195960056
0.0507775891622086
0.05167877611432378
0.05193388375149772
0.05389237192539886
0.0566384575177465
0.05927458077939254
0.06343852023628808
0.06859869735386778
0.07241000300543099
0.07572582985157374
0.07941819885282582
0.08046814481859949
0.07787559608897111
0.07599144745807583
0.07818284260772539
0.08337582059690751
0.08899601326948708
0.09301006957636823
0.09504905915157687
0.09647451421244273
0.09760167548808071
0.09794785294319608
0.09916019695496406
0.10211429094508448
0.1039824596478713
0.10335117589876251
0.1024026779814038
0.10205874163098709
0.10269539814505749
0.10664386529805824
0.11229690347060375
0.11382658389264916
0.11210092497223356
0.11402268016255568
0.11944675960234563
0.1220907881314343
0.1213592703413156
0.1212158689808833
0.12184832231929318
0.12115078132505996
0.1192929872409729
0.11714810100386686
0.11453888963220929
0.11187176619001386
0.11097672947652538
0.11302387312888693
0.1158606892695636
0.11593432411659424
0.11392738558038266
0.1136673268324746
0.11460519333450635
0.11261193996149865
0.10791259125660822
0.10421494409033026
0.1021309850398259
0.10012429419548184
0.0979641623517929
0.09538939726854669
0.0920238891687677
0.08880164498670538
0.08553400763291762
0.08033869013067108
0.07392397478768617
0.06940695338962727
0.06741867221614371
0.0661481090114386
0.06476368617815319
0.06346346802415773
0.062223381940242226
0.060578869847765
0.0574570424475882
0.05270010322741287
0.048510161022708914
0.04638789155816422
0.04449955573310406
0.04111507564493265
0.03730235061612778
0.03411128959753889
0.03122544271456077
0.029150039500844202
0.028703139599586737
0.028788586964462255
0.0278379365708157
0.02620769503484121
0.02501735364583786
0.02409894681940933
0.022585787316011605
0.02053742201275803
0.01886578162008971
0.0179348178577362
0.017169652926337937
0.016147386072515056
0.015059297505485842
0.013993180117347993
0.012909537499009915
0.012216967550976955
0.012289756257468308
0.012775487232243008
0.013070469468438605
0.01292193151080939
0.012377282903981658
0.011703042979420868
0.01117975040609866
0.010751609382763355
0.010262321434846872
0.009784682250744359
0.00930888121453509
0.00869091842631743
0.008085559695264649
0.007721405173831056
0.007428074939777261
0.007009411727168134
0.006610361415163798
0.006325217200620921
0.0060204000619303545
0.005654909335561922
0.005305909232238815
0.004990382713844812
0.004705252304790151
0.004450324928026465
0.004199924636957441
0.003969204915668028
0.0037676358087467545
0.0035327785330308203
0.0032747692049911173
0.0030815522895408527
0.0029100600064956086
0.002663484160114832
0.0024043060437498216
0.002221559616346855
0.0020773073549299253
0.0019411252032708127
0.0018351406815719814
0.0017288650515330944
0.0015935387206344144
0.0014665976725384959
0.0013597954993719364
0.001247756062493769
0.0011400014110679896
0.001043704908848392
9.401941799953145e-4
8.449030878954696e-4
7.806031652566112e-4
7.254990200350838e-4
6.68619048151957e-4
6.267919345752152e-4
5.846905824274716e-4
5.20972162707543e-4
4.593198523444682e-4
4.1903286563269205e-4
3.8400174522671993e-4
3.4752151802123484e-4
3.162340207531994e-4
2.8494950029404236e-4
2.5328608638001395e-4
2.291390057014079e-4
2.0734027656123653e-4
1.825808958125435e-4
1.61604726058505e-4
1.43783350686139e-4
1.2433722472624144e-4
1.1014860664183696e-4
1.0268781447429893e-4
9.137364897998341e-5
7.671551059646994e-5
6.737012725355465e-5
6.059778927083106e-5
5.2183550359466474e-5
4.630382019454381e-5
4.2784551689559144e-5
3.7127180584599756e-5
3.135441535512464e-5
2.7885588144749474e-5
2.4180919277421257e-5
2.0413906084688225e-5
1.8568944558695835e-5
1.6594531133489397e-5
1.3505354811957207e-5
1.1690756356985201e-5
1.0753073317993168e-5
8.757966463472492e-6
