-1.0553198015766323e-6
-1.1030561010212154e-6
-1.3550562084281844e-6
-1.541757936681583e-6
-1.6799892585008984e-6
-2.123683461694178e-6
-2.456286039255095e-6
-2.367559573394242e-6
-2.594845744374306e-6
-3.2047030971976277e-6
-3.464864460248057e-6
-3.820950890056357e-6
-4.725774258167301e-6
-5.286533782159751e-6
-5.6073462792482835e-6
-6.6372965485695515e-6
-7.5756981595256084e-6
-7.993650359912567e-6
-9.248472380243522e-6
-1.0770913429076741e-5
-1.1160244295627544e-5
-1.226060510440463e-5
-1.5348259877714132e-5
-1.8500792101501282e-5
-2.137721219170906e-5
-2.430312149983574e-5
-2.566015073421587e-5
-2.7633837411711234e-5
-3.3697468427747064e-5
-3.926168186019698e-5
-4.0789934931849155e-5
-4.455543403096316e-5
-5.233001330578235e-5
-5.97289496468267e-5
-7.134169581723285e-5
-8.882625276050832e-5
-1.0034332827011032e-4
-1.0703436039621896e-4
-1.2282044117730917e-4
-1.4069123979808303e-4
-1.5094043252982648e-4
-1.7007520051546282e-4
-2.0112685482617242e-4
-2.223244875902332e-4
-2.425464724424406e-4
-2.8397619474522637e-4
-3.254774391560067e-4
-3.540568064894116e-4
-4.036484636328989e-4
-4.7425307881694164e-4
-5.282837410410783e-4
-5.828956100525151e-4
-6.656551110246563e-4
-7.359549718901124e-4
-7.818083909026981e-4
-8.631447545817972e-4
-9.729907620286876e-4
-0.001044269484379194
-0.0011136439181522282
-0.001269049740859221
-0.001482792396709275
-0.001681963206066307
-0.0018838170120111107
-0.002129696190392574
-0.0024043384895188805
-0.002691476764318744
-0.003007241303839551
-0.0033504243695764236
-0.003682791785305353
-0.00398127693401469
-0.004278540633829309
-0.004593429375554301
-0.004866798083597456
-0.005110090912359171
-0.005520265358706766
-0.006211268899417495
-0.006991803896137178
-0.007650712809928787
-0.008193871246696962
-0.0086363930845852
-0.00895875410132403
-0.00933312085742114
-0.009985132407058185
-0.010911988364352924
-0.011979115030423022
-0.013000143792699908
-0.013738777586784545
-0.01429432260398724
-0.015163477723897284
-0.016452865998321953
-0.017671031599708478
-0.0185915825286
-0.01942380053589813
-0.020118483738141138
-0.020448222765695075
-0.020477744620828173
-0.02034691718021608
-0.020295195971061903
-0.020980935775243105
-0.0227277531856228
-0.024869060828238917
-0.02680800205963591
-0.028710807039427105
-0.030437355800127682
-0.031206276250464404
-0.030830342230796986
-0.030209457525173518
-0.03053758907444328
-0.032261060250653145
-0.034439989049910094
-0.035858911705101165
-0.036959756015876595
-0.038772691334853844
-0.0405650117395322
-0.04160904319442064
-0.04342842582885511
-0.046624146642777475
-0.04878494769778248
-0.04900921668655826
-0.04983878276920846
-0.05232810114838967
-0.05470475487780066
-0.05652578402048451
-0.058597834398602805
-0.06014852162350316
-0.060631415605024754
-0.06111591241071849
-0.06122384247657067
-0.0594749094983886
-0.05764413915344981
-0.05962238847724951
-0.06596115229361084
-0.07311632171522031
-0.07717534163502754
-0.07708830030713694
-0.07549537755092359
-0.07562573983844237
-0.07723110232158859
-0.07826528658525118
-0.07898988610870865
-0.08038889041422685
-0.08145742674650266
-0.08181472402784642
-0.08307197878948532
-0.08553626672819167
-0.0879345539164302
-0.08997884084299974
-0.09105712021943535
-0.08946454900850428
-0.08641691104156861
-0.08589736623291411
-0.08828278725219214
-0.0898934978945843
-0.0894500105403575
-0.08900440236575319
-0.08922346367362789
-0.08931682593077737
-0.09013069878793614
-0.09262030892480673
-0.09519751493348709
-0.09643420266603371
-0.09797106205996553
-0.1009364542357051
-0.1022105734278514
-0.09893030999982674
-0.09420306746353042
-0.09284978550203112
-0.09398016643852891
-0.09386714987423926
-0.09306393288629898
-0.09403183248037345
-0.09535648043046135
-0.09464437939004414
-0.09306043820588239
-0.0923746678703713
-0.09238516536011282
-0.09324076494436026
-0.09462093046322212
-0.09374979717900321
-0.09024357705750399
-0.08853139771554658
-0.08996073963327757
-0.08993211831325763
-0.08695648627352609
-0.0848321504854145
-0.08394814839022609
-0.08118070062574163
-0.07764399289668993
-0.07654012824844048
-0.07699827952175477
-0.07750978092043685
-0.0788529708642525
-0.07961146664619391
-0.07745942932132038
-0.07514468989681651
-0.07614484369609271
-0.07780799605404361
-0.07666503031592264
-0.07421012641686178
-0.0719102361391266
-0.0683980268226906
-0.0642580680496971
-0.06184272767086311
-0.06057139748852905
-0.05855736070626732
-0.05628131358632766
-0.05466305360498091
-0.05316638512863267
-0.05152807041991634
-0.050037131876980445
-0.048386067248355626
-0.04637556313415193
-0.04431619130077375
-0.042135433645366066
-0.039678637614879275
-0.03716133445118407
-0.03445214697679287
-0.031454126432059644
-0.028941662833684684
-0.027324551078246318
-0.02584721785439604
-0.024194949809057682
-0.022962059376641742
-0.02210357172179705
-0.020947548431119616
-0.019506609056767092
-0.018253262538724536
-0.01726857721186107
-0.01639364442848932
-0.015493292895098104
-0.014477504925590958
-0.013481780890269586
-0.012660320552465085
-0.01185482091279097
-0.010962660573602071
-0.010162320998516373
-0.009457507946672496
-0.008684005647248232
-0.007938413576650549
-0.0073460559013868
-0.006775119933952814
-0.00620045233583891
-0.0057653517556574725
-0.005377422764442452
-0.00486055788492783
-0.004345013747223797
-0.004019113892852745
-0.0038042088619688347
-0.0035570570015458726
-0.0032729329553270233
-0.002989214697245992
-0.0027122221907428506
-0.002439826741648725
-0.0021789250372676585
-0.001959045746584775
-0.00179307116465787
-0.0016460607152570018
-0.0015093317087841636
-0.0014120785054508895
-0.0013271072325291003
-0.0012088635936531706
-0.0010898793910287842
-9.997242646665931e-4
-8.971206119097444e-4
-7.77097907790545e-4
-6.939435318305654e-4
-6.469931880097548e-4
-5.901532804806085e-4
-5.246340540945713e-4
-4.740035758358677e-4
-4.3101613512978957e-4
-3.86206359325004e-4
-3.466395240220453e-4
-3.145002199291454e-4
-2.8552991982257626e-4
-2.5683398623129795e-4
-2.2793810070446794e-4
-2.0491441829979126e-4
-1.900413952025669e-4
-1.7322686739333973e-4
-1.5232033990552693e-4
-1.3739804815372894e-4
-1.267430056741901e-4
-1.1270504190090617e-4
-1.0125452935338571e-4
-9.558725663062783e-5
-8.647415769762002e-5
-7.401985162342331e-5
-6.649173700893299e-5
-6.118399403694037e-5
-5.377784335457579e-5
-4.854135941655693e-5
-4.5374519875886314e-5
-4.0058421096354335e-5
-3.544939990490179e-5
-3.3499758772481606e-5
-2.994531778139096e-5
-2.536524780682267e-5
-2.354057422497113e-5
-2.194736124341025e-5
