7.196766652909354e-7
8.015381175786604e-7
9.615902094624694e-7
1.1375474062026657e-6
1.275391556017186e-6
1.438278902752055e-6
1.6452889526278694e-6
1.933613494623335e-6
2.2612998284846236e-6
2.3138244577609078e-6
2.1053351108329655e-6
2.2559089355802224e-6
2.93569198006059e-6
3.6852624662296032e-6
4.490433213425847e-6
5.379493217346947e-6
5.768380882579662e-6
5.916155559631653e-6
7.046964703613517e-6
9.022002514416068e-6
1.0755561667890835e-5
1.2451013446865566e-5
1.4410461246190996e-5
1.6067419752771218e-5
1.8269920219618703e-5
2.2173772814851026e-5
2.5744492366538978e-5
2.6886120712917834e-5
2.777550521599711e-5
3.090426564289037e-5
3.537077838880518e-5
4.033439522498081e-5
4.638970841329734e-5
5.3408801743039153e-5
6.160569166428309e-5
7.09098745220929e-5
7.882496360589723e-5
8.665178773030578e-5
1.0158176509447679e-4
1.2269808182713136e-4
1.397856090408479e-4
1.545188454139768e-4
1.7801564027840455e-4
2.039258867818613e-4
2.171266073565674e-4
2.2456171177427547e-4
2.426600005522138e-4
2.7093494548873653e-4
3.0642149084664103e-4
3.5423228254225647e-4
4.0988548027326655e-4
4.673069237225162e-4
5.32811163793353e-4
5.991020452744483e-4
6.476148864598622e-4
6.898297793993325e-4
7.392016440366755e-4
7.700722879649387e-4
7.880424016711616e-4
8.600512800224047e-4
9.93185172729756e-4
0.0011141824178081527
0.0012163812421828978
0.001355410192545148
0.001505012224081454
0.0016023670792162542
0.0016788863207349793
0.0018018081046517057
0.0019932536458388563
0.0022641502054008005
0.0025792293070672876
0.0028237904967507604
0.0029539986813648124
0.003058413930736919
0.003159485715660463
0.0031506601772641803
0.003031881596594552
0.003017848596305061
0.0032974038576760807
0.003781322758071877
0.0042138155596142006
0.00452401505822258
0.004880369020217784
0.005357066717358814
0.005838938172991375
0.006294553295555172
0.006770481110484745
0.007174470493810547
0.007467246123317973
0.007852410312899264
0.008431586139219622
0.009051024477086821
0.009697858454292869
0.010570125425421257
0.011686503924166767
0.012828879697912446
0.013806812725569197
0.014594920270090279
0.0153597996596262
0.016337009675127155
0.017605562946443082
0.019062859094658522
0.020435363673224308
0.021364054332543677
0.02199829145901547
0.02310850153401745
0.02489061638701376
0.02659344969315112
0.027972564597395774
0.029581328365688917
0.03135130416051702
0.032811412392904526
0.03440289975662872
0.03671988975044084
0.03938700818679226
0.041888725318406046
0.04403586195722909
0.04540508289211483
0.04597596388213457
0.04670362095661325
0.048402041901084984
0.05116426458226016
0.05461672176203402
0.05753823237852519
0.05885470011710049
0.05960609796102656
0.061488378975237526
0.06434465421517382
0.06763210698082373
0.07159558945177676
0.07518202789784614
0.07696853032101848
0.0781975884278996
0.08023738903288788
0.08156989971969165
0.08155592342974839
0.08224863184844969
0.08369235273776923
0.08399573378244717
0.08449124788486903
0.08749943377675927
0.09090163456579275
0.0918524634878621
0.09212392974025704
0.09412345712308266
0.09639723599829704
0.09732015858971942
0.09852722404014448
0.10158992963879877
0.1050271837243285
0.10685688506896607
0.10745487424742708
0.10807768938719918
0.10868450043622933
0.10905768447203774
0.10997437381426896
0.11153790806842201
0.11277076077986593
0.11363937961539781
0.11432527266702704
0.11331719607587415
0.11007378148311758
0.1071191959452785
0.10599363747054846
0.10516480279166517
0.10401736213119665
0.1036238120568161
0.10327095381145829
0.10147542154684228
0.09894965658845134
0.09696538974845358
0.09585716739918856
0.09599407955683308
0.0961406971948276
0.09294974528853914
0.08631902818025
0.08100947183361794
0.0797158474065185
0.07984958479390922
0.07873235170948784
0.07662805328803594
0.0744457074679582
0.07247662759372851
0.07078399154424075
0.069040652510849
0.06697365131991774
0.06470075904222439
0.06193573754061646
0.05846146128008279
0.05522528381159931
0.05300218004294819
0.05124686865656767
0.04975713232974112
0.049141838066859886
0.04889025576601768
0.04770279422553119
0.04564230227934813
0.04356296394846535
0.04134392093407479
0.03852674870049756
0.035472160258654226
0.032831874513230934
0.030885304997743376
0.029519863876432136
0.02816561550407571
0.026250273327770378
0.024047088392228046
0.022315145874468083
0.02116063720500803
0.020077435632407988
0.01882898442507136
0.017537829939971755
0.016256286128055974
0.015072900137627247
0.014303784445455534
0.01406657249839549
0.013960609599268384
0.013563413998355263
0.012933886839195007
0.01233450532033564
0.011841299617283151
0.011448970124609737
0.011146305990053168
0.01078336678917956
0.010250995546321341
0.009709164017945292
0.009287108402433871
0.00881103800315014
0.00813665728233836
0.0074228859090699865
0.006853018069529834
0.00640687410515368
0.006027535035584141
0.005737756007482942
0.005534351814030008
0.005346415044178892
0.005112325392236705
0.004816122831519607
0.004474018453060816
0.004131287558523785
0.003841462835257216
0.0036069288461834967
0.0033652056817863596
0.003078395082075502
0.002797767769681927
0.002584178871537887
0.0024215595560736483
0.002265104685883112
0.0021045362949815324
0.0019417889441235624
0.0017760455023094243
0.0016196930629104084
0.0014821394743792639
0.0013618335330049128
0.001265129886255053
0.0011878510883369079
0.0011033513481498898
0.001010126191908189
9.359572464992026e-4
8.775778562364548e-4
8.087882746887805e-4
7.366086822508049e-4
6.796437241495454e-4
6.259788542924033e-4
5.622981782252849e-4
4.989592470756753e-4
4.4421281553330694e-4
3.9559741400158077e-4
3.5436722479464646e-4
3.206803942950895e-4
2.8970717968224776e-4
2.60809830998755e-4
2.3457576563943745e-4
2.0873503663811308e-4
1.8538316431204675e-4
1.6732140167251952e-4
1.5060714647635815e-4
1.3358230873623665e-4
1.2015843449309081e-4
1.0913653131351001e-4
9.693285205180552e-5
8.638133526064407e-5
7.913519460680868e-5
7.106832994438254e-5
6.190328376405135e-5
5.521895852740377e-5
4.997513854888931e-5
4.394687318217518e-5
3.886129120696979e-5
3.529500247351413e-5
3.116251122458813e-5
2.656582498176093e-5
2.2861582984519306e-5
1.9650081342947054e-5
1.6703854847433908e-5
1.462050432009398e-5
1.2966479389686626e-5
1.12435286535167e-5
9.885810621040517e-6
8.787759436094993e-6
