-1.0260903739683343e-6
-9.94225865712691e-7
-1.2022192181135182e-6
-1.4786450840100909e-6
-1.4566336556873598e-6
-1.6283687907072528e-6
-2.1477477460082293e-6
-2.277758152351738e-6
-2.3003038534368976e-6
-3.1534924334480096e-6
-4.2930789028881136e-6
-4.9889270460010874e-6
-5.796931711698259e-6
-6.6082884033484375e-6
-6.751361686386996e-6
-7.263990007456833e-6
-9.123243598453599e-6
-1.1220128418582945e-5
-1.2834670081208856e-5
-1.442852860160437e-5
-1.571467444108163e-5
-1.6866857863565277e-5
-1.9221429718367648e-5
-2.2514810149906438e-5
-2.5396035751168528e-5
-2.7976848753484685e-5
-3.078991842646433e-5
-3.4845913775515076e-5
-4.204088555933285e-5
-5.058990858492932e-5
-5.6374725583039784e-5
-6.198172116963282e-5
-7.252730426275576e-5
-8.436032924965903e-5
-9.29898553369217e-5
-1.0346825124489214e-4
-1.1858305427867892e-4
-1.319027333696239e-4
-1.4229931056166596e-4
-1.571422126682543e-4
-1.7777913922063115e-4
-1.9791679142163016e-4
-2.1444962817274127e-4
-2.3180473636740448e-4
-2.6001280175516644e-4
-3.0556100988842253e-4
-3.5994642564256664e-4
-4.0809967012772136e-4
-4.474413497506597e-4
-4.8439199955963507e-4
-5.204845672582856e-4
-5.573112603311194e-4
-6.03298065328351e-4
-6.638017178593991e-4
-7.37269112020219e-4
-8.275422904675545e-4
-9.425990297228316e-4
-0.0010719864532953694
-0.0011892335832686147
-0.0012950284113758823
-0.001423301755544064
-0.001574357910671822
-0.001694187847856759
-0.001766776114030938
-0.0018700656816752937
-0.0020869439670625593
-0.002395184970150391
-0.0026794596114382
-0.002857872531496915
-0.002989104289556454
-0.003190412177623199
-0.003455348009231137
-0.003711104755643864
-0.004040479868017024
-0.00459619500962368
-0.0053273201152106335
-0.006052942885822282
-0.006698499746703612
-0.007253757598125416
-0.0077226162867753655
-0.008229228440500646
-0.00888356827746643
-0.009579415925083924
-0.010208151019969415
-0.010852725011373516
-0.01155809146737067
-0.012260235215490826
-0.013018890341265524
-0.013945085632173325
-0.014999464233282932
-0.016144696088462546
-0.017407053522558155
-0.01863751020712025
-0.01960273239147427
-0.0203453105863192
-0.02113637250705904
-0.02216855232926425
-0.023454426262476482
-0.024830309943735196
-0.02602525798308739
-0.026931460819338726
-0.02780045338391869
-0.02902861464293021
-0.030701356241529868
-0.03244195039144882
-0.03386532519029722
-0.03502745829286832
-0.036162992317290275
-0.037327847736852084
-0.038627994413354516
-0.040280228082005105
-0.04224226274103701
-0.0442725017825612
-0.046105264147075845
-0.04733395022463958
-0.04805900156050566
-0.04946612433600545
-0.052297116766546595
-0.05554805309103053
-0.05815246466150463
-0.060283288670215936
-0.06202858030872371
-0.06329465562054976
-0.06512147980527179
-0.06828569722039049
-0.07162043764811743
-0.07396209008211123
-0.07549900155757196
-0.07619491924972306
-0.07606992888406316
-0.07654333284457757
-0.07837631547633328
-0.0804390813882203
-0.08251017012900826
-0.08552085068637379
-0.08856716084368986
-0.09024182619637344
-0.09165132960802312
-0.09378969932504584
-0.09486349855779273
-0.09381987937794063
-0.09285967574643936
-0.09398107510047402
-0.09633350121980284
-0.09820973127134121
-0.099318014345512
-0.10043843637551769
-0.10168448682714758
-0.10191993643387824
-0.10070981418211657
-0.0997069462329731
-0.10047592233953095
-0.10251696816209457
-0.10459055626518458
-0.10572267654841021
-0.10488405035622628
-0.10237908366229223
-0.1004048503327954
-0.10005526104540693
-0.10017840614507637
-0.10033637493760966
-0.10149316741971937
-0.10342393667849044
-0.10471827172509464
-0.10501480698223407
-0.10496776321929832
-0.10484369854534768
-0.10434574685912275
-0.10332834338845708
-0.10256679395998561
-0.10320318670673839
-0.10450282535491104
-0.10405541214166801
-0.10184048554971029
-0.1011480313710219
-0.1034728735045331
-0.10586815975055025
-0.10529795637637075
-0.10246956641223635
-0.09984155094866325
-0.09842751221078253
-0.09764730460969809
-0.0965577911138884
-0.09463398178988446
-0.09229713356149423
-0.09060436239364213
-0.08987011537555616
-0.08929968647589455
-0.08846185611659513
-0.0878746259524354
-0.08752440247564196
-0.08633973211385496
-0.08373902071840915
-0.08020328709430626
-0.07624820345221942
-0.07238742516263277
-0.06953548941277113
-0.0679012423005294
-0.06652411377386067
-0.06500531233228783
-0.06406954116395534
-0.06367805079784312
-0.06256353921604157
-0.0602784486792935
-0.05797477125501415
-0.05662164709053976
-0.05569405807533009
-0.054135895096261495
-0.051845861799152015
-0.04956238924279488
-0.047711269356197065
-0.04617042768599608
-0.044796163416115586
-0.04326879715582249
-0.0409819768674795
-0.03797476076652734
-0.03516993726602858
-0.03310007248405747
-0.0314249142022988
-0.02980704698939552
-0.028126555132866923
-0.026190263933418157
-0.024174943983232052
-0.022622358440210835
-0.021499539339945906
-0.02025943946554756
-0.01885474207688826
-0.01766932670365556
-0.01675876226016944
-0.015933356913276908
-0.015118773725592038
-0.01425711323487551
-0.01330500971877438
-0.012335449426359564
-0.011382618606028414
-0.010438748330503964
-0.009612001810690341
-0.00896472448591042
-0.008391191242818282
-0.007844115584653524
-0.007355329423212253
-0.006861422207123962
-0.006346481912574841
-0.005932208757286116
-0.005606850968291481
-0.0052174374610025
-0.004777299310870853
-0.0044082111864252255
-0.004090645200209886
-0.0037658144680099877
-0.0034725164488136786
-0.0032188794036966655
-0.0029493511110212168
-0.002670918498085063
-0.0024294291262414542
-0.0022192099684060188
-0.002018116528466811
-0.0018248360971359404
-0.001640239856779629
-0.0014771380893674414
-0.0013529288997021732
-0.0012502555829949989
-0.0011400823641364202
-0.001027855531484927
-9.338784394731687e-4
-8.615301609300037e-4
-8.012083209954136e-4
-7.386945667725555e-4
-6.677913492127493e-4
-6.005160516514206e-4
-5.462637115794126e-4
-4.981335265855675e-4
-4.5331545958027204e-4
-4.161464264625788e-4
-3.8146896236552726e-4
-3.4397499724922334e-4
-3.086048870408632e-4
-2.766506321067051e-4
-2.456280331041753e-4
-2.2029811781253657e-4
-2.0157998691031496e-4
-1.811282595926177e-4
-1.5845190054250327e-4
-1.4056849292194825e-4
-1.2648301903659558e-4
-1.1240431521718562e-4
-1.0050837977816507e-4
-9.088766261854719e-5
-8.031093240010666e-5
-7.01610856497151e-5
-6.277062137611428e-5
-5.64810225083832e-5
-5.067526977035964e-5
-4.631225628494472e-5
-4.2030832633731394e-5
-3.7092910280815247e-5
-3.3010590469938756e-5
-2.9620486044551758e-5
-2.5936393904026507e-5
-2.2902375079857746e-5
