1.0784650939464213e-6
1.2786487269864472e-6
1.4248825544146698e-6
1.5177860448513019e-6
1.6691970992707433e-6
1.8592076942155581e-6
2.1398937327185806e-6
2.514863184991798e-6
2.7888236330226627e-6
3.1177470772270415e-6
3.793956357898415e-6
4.4336736716723835e-6
4.832201663444565e-6
5.614791940665296e-6
6.690087217702588e-6
7.327298527950888e-6
8.113902294679157e-6
9.788285380862454e-6
1.157463565862078e-5
1.3277177342698528e-5
1.5562609670293336e-5
1.7547542935352875e-5
1.874478980061738e-5
2.0859384517485572e-5
2.3885363787207348e-5
2.6320874382923537e-5
2.967820673587228e-5
3.499701761043998e-5
3.955236898754228e-5
4.343308925463859e-5
4.9702129667033925e-5
5.705120420098676e-5
6.43287837167257e-5
7.472865566380494e-5
8.608416266485038e-5
9.359217454753953e-5
1.0306919716234693e-4
1.1959368642456896e-4
1.350295019729021e-4
1.4692257416658338e-4
1.642778279837475e-4
1.844383166626904e-4
1.9794671161719977e-4
2.1072555307596292e-4
2.305441868508135e-4
2.541189367583135e-4
2.829762033775554e-4
3.1813715268445587e-4
3.484422591157825e-4
3.753105860748582e-4
4.1058800071680946e-4
4.3855521449909766e-4
4.458504836815186e-4
4.695106761841046e-4
5.353473678810891e-4
6.049170512286334e-4
6.588871193981984e-4
7.365084870848512e-4
8.318867102507994e-4
8.812772116773017e-4
8.979381563813912e-4
9.727914238064835e-4
0.0011131325350754
0.001227032087314413
0.0012769081282959114
0.0013160384829335743
0.0013871832587609453
0.001483970031519525
0.0015587913185938485
0.001535954982292963
0.0014475387365342133
0.0014983525688133314
0.0017680834758062036
0.002025509687185911
0.0021384945453041602
0.00231222678678403
0.0025871136460613063
0.002692454734199805
0.0027286271598968774
0.0031704436430717033
0.003915222646743632
0.004308902407621669
0.004280469915036904
0.004405340020302406
0.004807738270501559
0.005027839752646181
0.0049969961211012185
0.005265680980266743
0.006119096274685794
0.007060962375526219
0.007492698592842376
0.007587327994838027
0.00800237826481495
0.008903821058232496
0.009925972164916134
0.01095207290951211
0.01216672803648108
0.013382229130351295
0.013991315313271333
0.013811417007504427
0.013688171939898316
0.014690144924734406
0.01661159450610668
0.018371013052513874
0.020010677902079513
0.022243830101956255
0.02413329228384607
0.024425383152994418
0.02470696734157407
0.027289846916035237
0.031083420124084115
0.033541959512016314
0.03467105930582359
0.03576662941615545
0.037044996381060354
0.03873145452232428
0.04140933514665809
0.04461717778631535
0.0476858751753122
0.05093986049655504
0.0542851093314117
0.05664594771880867
0.057568408156194385
0.05756203320619959
0.057579757590810667
0.059241717943274486
0.06360693832394637
0.06933266269285822
0.07403180777700984
0.07688977679819986
0.07866364099798469
0.08031139965117326
0.0820515373639673
0.08312802872089282
0.08338468042806557
0.08446476243097248
0.08718937430824486
0.08941995604977689
0.08937515732901961
0.08887981905585955
0.0910076501782341
0.09651782264586004
0.10333695955075733
0.10797595515788025
0.10848740842912276
0.10711550738756652
0.10802874334692293
0.11207894889925521
0.11613909108965992
0.11764619447659327
0.11760769596218265
0.1183151011942203
0.11946691749481665
0.11896594317332178
0.11733711923812865
0.1173508087577481
0.11885560383244861
0.11902398559634843
0.11764066419089146
0.11683434396897936
0.11708373730210676
0.11804490690783943
0.11978859040306145
0.1202735214688492
0.11710586872898902
0.1126787713149846
0.11088851873338419
0.11022779061761757
0.10730007739293697
0.10388358066301069
0.10351019626054835
0.10492169595073371
0.10468070172069116
0.10243958274576452
0.09958237710471698
0.09637278401840323
0.09325172898451857
0.091544497621824
0.09081119459340233
0.08852200515418206
0.08384882193853439
0.07885410405132784
0.07499728396770297
0.07164217182260615
0.06842839222955434
0.06577384671222
0.06329791352736068
0.060760860058738826
0.0590990239842739
0.0580294971089429
0.05539301249896933
0.05084102619660501
0.04666197839213277
0.043762043257822944
0.040594695094490714
0.03657686926796504
0.033091762549458136
0.030923273748020102
0.029276920193798947
0.027415086521569446
0.025699914025771417
0.02476142500277013
0.02429438312514471
0.023293314965899665
0.02149449376617496
0.0197553740272844
0.018747425039786804
0.01815815234600613
0.01739729133003484
0.016355319404271845
0.015369004573407202
0.014768733785154167
0.014416343667237513
0.013848284031461334
0.013030248721991579
0.012470082119764702
0.012413177678678057
0.012510057627651049
0.01236201776286069
0.011932105019788163
0.011421372529696938
0.01096754268053966
0.010490070580728133
0.009904349339426353
0.009367048695043458
0.009019170181904885
0.008730700807437892
0.008406145263212567
0.008135221410842077
0.00785951156188986
0.007428382069252873
0.00699091514593199
0.006776831819391553
0.006654080123882266
0.006363186533426943
0.005916254145548431
0.005471857730365619
0.005107544912664565
0.0048303964301056315
0.004588779347963264
0.004302502028453924
0.003984374849240735
0.0037108926837005297
0.0034781419890195183
0.0032336835394742194
0.002985253871302496
0.0027656823052714568
0.0025708476585175333
0.002385738148201428
0.0022099221715586093
0.002051670203586006
0.0019207801279347624
0.00180916633297134
0.001691721466287132
0.001563127905244282
0.001437746146267525
0.0013142128619279506
0.001185150199470982
0.0010647647727903423
9.684235387569123e-4
8.898897067149665e-4
8.205525895433128e-4
7.62475028243523e-4
7.121167391035337e-4
6.562622650874832e-4
5.902402461407527e-4
5.242509420766275e-4
4.6809711683695065e-4
4.2046494570393303e-4
3.771245734364063e-4
3.394919607301508e-4
3.087191077130575e-4
2.803866272320808e-4
2.5091417510141154e-4
2.2206737133914327e-4
1.9700058917196002e-4
1.7695019278544296e-4
1.6057856705260995e-4
1.4479363074830875e-4
1.2874535376539292e-4
1.1453326977978084e-4
1.0225120788563012e-4
9.019060048176418e-5
7.940446658251754e-5
7.12374021543917e-5
6.362610383970897e-5
5.520239544438954e-5
4.771651171477628e-5
4.1877559238047986e-5
3.656994622922049e-5
3.183028617460915e-5
2.806649596587768e-5
2.455130922898998e-5
2.099783519020592e-5
1.7948248885789746e-5
1.545268380283069e-5
1.3314369790939157e-5
1.1531642137214885e-5
9.874131076949087e-6
8.284680828293394e-6
