-9.712160244742377e-7
-1.5026326717580539e-6
-1.2959107253392896e-6
-1.1580901459460258e-6
-1.8839324792314743e-6
-2.020182902824079e-6
-1.709104784561418e-6
-2.496680532242149e-6
-3.0860478589202525e-6
-2.6680402502468633e-6
-3.3487512380296304e-6
-4.4840677579711705e-6
-4.088633919929451e-6
-4.453063132030682e-6
-6.326961982256533e-6
-6.564226991866276e-6
-6.624389510119627e-6
-9.06979217260785e-6
-1.014914220960823e-5
-9.350174362260118e-6
-1.1317240111276445e-5
-1.3656621342768751e-5
-1.3640133780089916e-5
-1.6812811225869836e-5
-2.2002261745565764e-5
-2.261917613299598e-5
-2.4611527943970447e-5
-3.194890839013975e-5
-3.4942462920984076e-5
-3.5750766726604734e-5
-4.47145493268665e-5
-5.267048592952948e-5
-5.371185011103208e-5
-6.141641270926272e-5
-7.210533326028447e-5
-7.348516066307051e-5
-8.189292336262721e-5
-1.0347102287072345e-4
-1.144149924904523e-4
-1.2080616277539556e-4
-1.4405518047128934e-4
-1.629603180663455e-4
-1.710022367193919e-4
-2.049943933809956e-4
-2.521666645804556e-4
-2.695888496473692e-4
-2.872708375341705e-4
-3.4034955025511636e-4
-3.928884528772706e-4
-4.3453523889751825e-4
-4.990755768797598e-4
-5.724100264154358e-4
-6.331547418974518e-4
-6.971638418338395e-4
-7.488385502975282e-4
-7.829629536076306e-4
-8.608864444198803e-4
-9.858217313312796e-4
-0.001100663307302132
-0.0012320911876370427
-0.0013907399837035448
-0.0014887072217393928
-0.001572260603120902
-0.001807442743122847
-0.0021489566017744333
-0.002407921282264745
-0.0025466299478852663
-0.002649642390615056
-0.0028710187682805238
-0.0033646012842187636
-0.003953433047165683
-0.004298427126650387
-0.004535902773163481
-0.004964656542177294
-0.0053458734048037445
-0.005500309725250231
-0.005877720167586354
-0.006600082008849902
-0.007075473911214857
-0.007192607215760123
-0.007569010584609614
-0.008399668714239415
-0.009259546266283381
-0.009932843632823575
-0.010667645366592387
-0.011749306174485448
-0.01296970400002702
-0.013714755271682068
-0.014009292187482083
-0.014711430490195137
-0.016043717046309972
-0.017334708514951537
-0.018486829034082577
-0.019791111234152812
-0.020771271523396393
-0.02116168426738496
-0.021698735566083146
-0.022724579900876694
-0.024079772102199935
-0.02619891665580817
-0.02881925233682519
-0.030306260623812222
-0.03040499002336186
-0.03065142749568253
-0.031149929947752668
-0.030966893342750237
-0.031113539975360895
-0.03277374295723399
-0.034379633949694066
-0.03420525718924568
-0.03346994603003361
-0.03445012718112802
-0.03767323485751514
-0.04172948263052741
-0.04463388292658569
-0.045975115732732955
-0.04736859976210932
-0.04939477523245801
-0.05032144260756649
-0.04966948589608305
-0.04958135861047061
-0.05118539409249117
-0.05350774752036167
-0.056316187814475026
-0.05992806107151482
-0.06284962192799845
-0.06348537498008691
-0.06304735132337755
-0.06371040322010406
-0.06543561805076038
-0.06697192987642425
-0.06827555500351457
-0.06993357994823753
-0.07168898376510502
-0.07317766996916034
-0.07481955407839636
-0.07676742532335076
-0.07843035323714467
-0.07988591808154355
-0.08188324131329118
-0.08380708818551559
-0.08394351519816325
-0.08241857755363222
-0.08157909159327567
-0.08277657807112272
-0.08452307366272327
-0.08435673774503573
-0.08164599515322363
-0.07844401377425328
-0.0776650289066872
-0.07998503580106497
-0.08303133854428292
-0.08467628226093765
-0.0861272653083725
-0.08955397107008642
-0.09364327772490458
-0.09508602706886196
-0.09395775940602291
-0.09306081978094288
-0.09240596674280491
-0.08986179652410244
-0.08660407095770876
-0.08597474938438208
-0.08803447460589046
-0.0903929221375266
-0.0920635107393235
-0.09280064805861604
-0.09247899864477933
-0.09283572825625595
-0.09497782698876613
-0.09613756231326658
-0.09428916491327208
-0.0923587495268066
-0.09269937122020487
-0.0930585679144167
-0.09198578368717454
-0.09138129773344439
-0.09156379134970949
-0.09071767598907896
-0.08920327770875253
-0.08854307583024558
-0.0881555621452582
-0.08715637115603042
-0.08603311033974728
-0.08471014250940419
-0.0828087379704341
-0.0814837581612568
-0.08153600530351672
-0.08173060375480984
-0.08138322978718772
-0.08156035835592014
-0.08248651304828292
-0.08285812840729807
-0.08197873315973508
-0.08039534206963993
-0.07891353926422259
-0.07787439996951344
-0.07673564012286134
-0.07478089770798362
-0.0724629113536332
-0.07051754128601007
-0.06829997286654713
-0.0651726595455276
-0.062202967913541185
-0.06027108204191168
-0.058451910011240005
-0.056046089807159256
-0.053896154680089264
-0.05246435493863957
-0.05085622058554881
-0.04850255422211422
-0.04601046255323571
-0.04393290445321326
-0.04195365205369003
-0.03961947134806509
-0.037078756369269876
-0.03467299343689683
-0.03235381877569224
-0.030052805040091352
-0.02806626111474247
-0.026505859952426363
-0.025082322835782087
-0.02376921304782252
-0.02272110541644027
-0.021584063491525887
-0.020005939372248042
-0.018390213665098108
-0.017158843230729862
-0.016079529186858364
-0.014958632657953521
-0.01396465922600556
-0.013048032199918985
-0.012014664624825394
-0.010989415340666678
-0.010138240561353045
-0.009391066223933323
-0.008697907356684442
-0.008055434488195417
-0.0074075774637570105
-0.006831621466111669
-0.006423305760539308
-0.006003708429039861
-0.00543424845446945
-0.004919443145156465
-0.00460103986914709
-0.004329492714721554
-0.004011399822402562
-0.0037009194796263187
-0.003409337527339399
-0.003145018386418984
-0.002916325969533897
-0.0026359529400899616
-0.0023001973639215434
-0.0020701067225841582
-0.0019643992361954893
-0.0018236922591523305
-0.0016374382466532473
-0.0015144800664525773
-0.0014294512364330994
-0.0013153555554928549
-0.0012049387820203669
-0.0011126225485947486
-0.0010034219091278793
-8.929838971445409e-4
-8.053970428503549e-4
-7.239592282371575e-4
-6.545918022972044e-4
-6.09268612949662e-4
-5.580955415648509e-4
-4.948161748172023e-4
-4.4990752242254233e-4
-4.135316327033947e-4
-3.644460840360764e-4
-3.277956482093517e-4
-3.1338363111639377e-4
-2.89603879823699e-4
-2.540434454640912e-4
-2.2943253276778584e-4
-2.0956072497466834e-4
-1.845114879666367e-4
-1.6570744656537253e-4
-1.5325921247716194e-4
-1.3702933035824366e-4
-1.2166804591863069e-4
-1.106613851719553e-4
-9.829843209660643e-5
-8.794171284014937e-5
-8.292102277240103e-5
-7.536232131980655e-5
-6.503588884344092e-5
-5.9360695782105834e-5
-5.493236591885057e-5
-4.7564998770860674e-5
-4.2774606788518636e-5
-4.057020233667297e-5
-3.5390944566537405e-5
-3.0242266801873755e-5
-2.8641743976171873e-5
-2.637168702312132e-5
-2.2678181131495415e-5
