7.200838310839611e-7
9.186056825132237e-7
1.0339176777015407e-6
1.1780442655329243e-6
1.4759847313408502e-6
1.7711566588992108e-6
2.0325747707922096e-6
2.3727704924008516e-6
2.6101606195933538e-6
3.1987086176053878e-6
3.7874284453956996e-6
4.248879382950382e-6
4.990119093320957e-6
5.782956777856922e-6
6.755898688844094e-6
7.92285273326799e-6
9.112246975290962e-6
1.0670674465101595e-5
1.2386712008737938e-5
1.3571682608039667e-5
1.6095091396913364e-5
1.8578394750929492e-5
2.0242913801161855e-5
2.2120886685951047e-5
2.5376130019411672e-5
2.972712658165476e-5
3.191728120263275e-5
3.584610801307541e-5
4.219736610546751e-5
4.826723571284584e-5
5.953232293601372e-5
6.806796523718811e-5
7.64652424351238e-5
8.171681136793035e-5
8.724914239976484e-5
1.0032928894140366e-4
9.583774318636741e-5
9.528785910806122e-5
1.1563145391028159e-4
1.3453848115323967e-4
1.5419685370247633e-4
1.7473170620693873e-4
1.9491260655224272e-4
2.1731490242524719e-4
2.3833905287552233e-4
2.736095634094019e-4
3.041740663952328e-4
3.33222284110257e-4
3.557737270637417e-4
3.903043009313696e-4
4.093191544169075e-4
4.038843310642293e-4
4.6683437573973285e-4
5.740732889594612e-4
5.929804795882264e-4
6.476040051919859e-4
6.824399178634623e-4
6.941869186641886e-4
7.485672861980012e-4
7.47435884582601e-4
7.51033440350626e-4
7.65728648269127e-4
7.540634735002285e-4
8.368504856223549e-4
8.969781375994872e-4
9.329742675901701e-4
0.001023301734788037
0.0010549065159809236
0.0011411385152544147
0.0012628523549537
0.0011449335687905339
0.001211235597685194
0.0012793113494782731
0.0012830102187284076
0.0011901251323664878
0.0013779036050981452
0.001554259587175361
0.0016789311197499958
0.001946458244549136
0.0021316345805253143
0.0021843722734919994
0.002484733107233461
0.0028786779845266577
0.003112140977107794
0.0033471201403481618
0.0039930657532518165
0.0051248158178197134
0.005799911376998002
0.006528929043702619
0.007119973143120396
0.007601855576433095
0.008472497655895313
0.009316370755735397
0.009775954667866817
0.010622812718121556
0.011920132049072985
0.013252563318883121
0.014845765426767727
0.016613011703129517
0.01724224802970222
0.018183951373035037
0.019754760216603908
0.02151521650697894
0.023565393835691565
0.024987196822262622
0.02635402771419567
0.028359453253830127
0.03161195512426465
0.03408470798899639
0.035125694983427755
0.035594902349414315
0.03769067860681036
0.04016762998269957
0.044252071290056434
0.04754574128035359
0.04913399503987047
0.049903023515281496
0.05118717744829851
0.05432433529553288
0.05590735975206308
0.05733908675052554
0.059069282295346
0.06080175868150873
0.06390431764095492
0.06705591309779756
0.07050707598955536
0.07319109582692682
0.07730999086525356
0.08181388752318194
0.08421985400261603
0.08600602181321326
0.08871497793031655
0.09221354545587632
0.09251651117958296
0.09273342091953982
0.09261538540199293
0.09397978584047881
0.09903615396888207
0.10166986782905973
0.10383464341652032
0.10619180142018336
0.10899748257449288
0.10871634958009373
0.10851295388890603
0.10802722963227482
0.10928742813478408
0.11118522589484722
0.11372619424276964
0.11503769867123396
0.11489826925541143
0.1121165551967825
0.11043939784139443
0.1154675339766813
0.11836675599965404
0.12252843418146235
0.126112788287099
0.12524976383102365
0.12239935187543369
0.12274759988873027
0.12260582731264344
0.12073227431644434
0.11890336075393776
0.11954406613622054
0.12040398477123707
0.12137422251529736
0.11825097760625568
0.11292034386683725
0.1100508860598833
0.10745026580288534
0.10492966580767646
0.1010070502521969
0.1005943587649449
0.0984551973907612
0.09319996253650696
0.08829884143708822
0.08675458202725211
0.0857107817845788
0.08124997190768952
0.07885026609272174
0.0755431472202544
0.07171527371001578
0.06871419500635312
0.06698882183539881
0.06370370788010446
0.05892604654280331
0.054264667816175595
0.04966823596774569
0.04564766483589568
0.04296934033574907
0.039340257690737394
0.03663504239823415
0.03310152589514494
0.031783816599718025
0.02976613062205505
0.027021888128681303
0.023905461284040315
0.020965435071342305
0.018745078289362296
0.016837954084681465
0.0163046420405066
0.01611758838895706
0.0151396866992097
0.013824619016752903
0.012879102244534053
0.011949966698180823
0.011542236111801527
0.010945131320015103
0.009950547090476599
0.009722996763692466
0.009437511426284396
0.009161916781543482
0.009250125943496924
0.00980559515523303
0.009965751104928117
0.009547651635437403
0.009463577849044717
0.00947077783914669
0.009954133589566108
0.010049824562960965
0.009898276086901891
0.009792435124202841
0.00962167557342841
0.00954393553625222
0.009565664209161242
0.00940444613037791
0.009165022449238202
0.008921417776136944
0.008812426053765818
0.00867870955913906
0.008429440294109523
0.008030518488362223
0.007709080193641898
0.00742049852482589
0.007088825979187516
0.006698397060759812
0.006323216066470957
0.00599707759591549
0.005643984579869225
0.005309026879601339
0.005021463351801956
0.004720938028060692
0.004409998518895171
0.004128929140499532
0.00390815309169037
0.003664601711155377
0.003428522388662242
0.0032022908864073234
0.002975796950247112
0.002744313276967532
0.0025508577733490026
0.002390267540007587
0.0022239235410700525
0.0020810590261697856
0.0019061920744211796
0.0017504379870554518
0.0016207613883447067
0.0014884629601133945
0.0013793088149405873
0.0012604622294497022
0.0011442763817525532
0.0010449948746412048
9.519189203143779e-4
8.702428585349243e-4
8.07812763724922e-4
7.360638476776439e-4
6.606475631153325e-4
5.877482988628004e-4
5.29488806046881e-4
4.823107345867161e-4
4.395057136630274e-4
3.9643896987253107e-4
3.556717806837319e-4
3.1899953442878485e-4
2.8787120331336645e-4
2.578113271567579e-4
2.312723321860394e-4
2.0459528919190853e-4
1.813787847277045e-4
1.6004966499593446e-4
1.425314063372685e-4
1.253267163372555e-4
1.1017788753657127e-4
9.786700359501383e-5
8.685786886738953e-5
7.59931233264223e-5
6.606580998209417e-5
5.751573655827469e-5
5.005626278661644e-5
4.349102789725119e-5
3.7299060086758373e-5
3.202154015055305e-5
2.7641125202850015e-5
2.3649304145281e-5
2.037805958887209e-5
1.7364909654680776e-5
1.4702449210734144e-5
1.250424349416958e-5
1.0507704970692736e-5
8.847369406709498e-6
7.444097267127882e-6
