-5.976452561859723e-7
-6.475910465153815e-7
-7.140767459331004e-7
-9.317237381011629e-7
-1.0687874926356906e-6
-1.1627923927251922e-6
-1.3639348798897664e-6
-1.5463226333498201e-6
-1.8302401096115593e-6
-2.173986201857963e-6
-2.372491433780144e-6
-2.8754028214204854e-6
-3.351010867724672e-6
-3.891355560324498e-6
-4.508847028875033e-6
-5.0625835207468696e-6
-5.7783483030437855e-6
-6.5011194581273586e-6
-7.132313982912968e-6
-8.244143876323284e-6
-9.502492986950041e-6
-1.0330296923834354e-5
-1.1975883669527908e-5
-1.4562675438148873e-5
-1.696213540345939e-5
-1.7899754427532133e-5
-2.1877225784480336e-5
-2.720217284428652e-5
-3.0860662697838993e-5
-3.49502716323636e-5
-3.3421901995488037e-5
-3.8418809125442534e-5
-4.234739590620839e-5
-4.7490945822376665e-5
-5.589681417767895e-5
-5.77969607796352e-5
-7.289822709065007e-5
-1.0083643214592569e-4
-1.1835314694809843e-4
-1.3317999957491736e-4
-1.5073596354481914e-4
-1.69111627735242e-4
-1.896425174772311e-4
-2.0323090504812086e-4
-2.170460964146174e-4
-2.5151346325137544e-4
-2.8864427904016436e-4
-3.2239434723431583e-4
-3.663125986707609e-4
-4.0585855990706417e-4
-4.440619808746126e-4
-4.942980919020186e-4
-5.286564938523239e-4
-5.48913487828597e-4
-6.587450343337198e-4
-7.407334338070022e-4
-8.848796528876673e-4
-0.0010250624304507217
-0.0011215943011676462
-0.0012917526445703257
-0.001469934335338062
-0.00164713300142274
-0.001790063834716183
-0.0018566738650232202
-0.0021656548487537495
-0.002550095980822687
-0.0027733838851222554
-0.0030054486536166746
-0.0031382246330455277
-0.003334636480812384
-0.00400928885496002
-0.004444978369748399
-0.004770288410460016
-0.005380683114209986
-0.006183406330358257
-0.006533686111287241
-0.007021447145039475
-0.007526646749864561
-0.007810667611685193
-0.00846323340427649
-0.009308575674415096
-0.009917191694670027
-0.010460384848243251
-0.011240850541911611
-0.012042191387960062
-0.012276118384022146
-0.012106495092425952
-0.01248084383098912
-0.013281749754598858
-0.014270845478026126
-0.015396181034262397
-0.015808845722438833
-0.0166845480840751
-0.018166507662136247
-0.019292297516884716
-0.01991020501569949
-0.02030533675898273
-0.020654034450196267
-0.021084228407904547
-0.022545694752987858
-0.024001703667904384
-0.024918254658466713
-0.02559078987573606
-0.025407603269766352
-0.025983772150170212
-0.027026454349628914
-0.02718559396799072
-0.026834882774715584
-0.027526581621537365
-0.029046141418126344
-0.030045811009739833
-0.03104618542886476
-0.033053430463128385
-0.034054765634351995
-0.034321222558071865
-0.03616573704074834
-0.03792462528688445
-0.03933016534352146
-0.04011659255124183
-0.041711697682057576
-0.04306435887680206
-0.04443013334504917
-0.04717686576468345
-0.04800804759525586
-0.047146740532272316
-0.048164165123661874
-0.05039401571190554
-0.0527571627391229
-0.053513872803944304
-0.055741838032837374
-0.05844454757434555
-0.06015441113728141
-0.061906989801047085
-0.06540132043690725
-0.06797290747017543
-0.068688648375135
-0.0690066122045766
-0.06996279742470693
-0.07199112091468583
-0.072632794954376
-0.07320582856687138
-0.07476941319634478
-0.07848352158761748
-0.07966809328266422
-0.08116890729203875
-0.08195436082533303
-0.08307093299395188
-0.08089288988128043
-0.08038464103507449
-0.08094684053854292
-0.08492153201021843
-0.08771251187720054
-0.08688622927227754
-0.08648736370849505
-0.08489044617119881
-0.08493411010569632
-0.08713061931001298
-0.08767472557241643
-0.08735160572481954
-0.0874351584952893
-0.08869127452952666
-0.08801845547143988
-0.08666550585804692
-0.08810788608163658
-0.09103614994690032
-0.09590685207988787
-0.09937994363593781
-0.09835469013281573
-0.0970393865746707
-0.09784778930138771
-0.09896434848272884
-0.09832265714282931
-0.0987143167901126
-0.10175489321863804
-0.10420704505664774
-0.10339692249297494
-0.10174333499871702
-0.10345308531280455
-0.10379528939824241
-0.10364008744593636
-0.10285991913235613
-0.10324524022236245
-0.10301456963515566
-0.10261594563397669
-0.1031763286274868
-0.1036960201548422
-0.10424325248944258
-0.10527910421527187
-0.10502344097922499
-0.10405198864065662
-0.10157143156850844
-0.10167956911395129
-0.09944393246703535
-0.09741414061438916
-0.09607145149228934
-0.09549198803313044
-0.09473915123344735
-0.09470237398258465
-0.09286855181890977
-0.08927025101433887
-0.08510071799566857
-0.08160963583561211
-0.07921822305515713
-0.07748917618492922
-0.07528115210807441
-0.07200895569428821
-0.06899973836603257
-0.06607702821251238
-0.0631608580921244
-0.06054808491815461
-0.057509751452626434
-0.05428395174651049
-0.05107930436251206
-0.04853188850970703
-0.04662498363431698
-0.04370759173706601
-0.04058051916542705
-0.03722027410856142
-0.03433793366778105
-0.03203261222868861
-0.02997107742912416
-0.02832144113733853
-0.025918931160133496
-0.023654903120522867
-0.02210024475453205
-0.02035461149908189
-0.018998330311978694
-0.017666330038235107
-0.016089201837941356
-0.014790177533818645
-0.013985867401795221
-0.013076787826404299
-0.011909096365952294
-0.010981199471727928
-0.01014025265972729
-0.009437976473491011
-0.008741464806696905
-0.008132128186917829
-0.0074798449671330805
-0.006859337207802811
-0.006421879605576487
-0.006004699844411684
-0.005584304999179864
-0.0050910489170357676
-0.004575907317988705
-0.004174550473192533
-0.003916057258107136
-0.0036486331237172397
-0.003357538668811115
-0.0030370346006136856
-0.0027517273307754737
-0.0025234039452946564
-0.002255305560442767
-0.002073985533842881
-0.0018961758153835696
-0.0017451398754514062
-0.0016139713351083457
-0.0014562912553753133
-0.0013459494550919439
-0.0012508352014117229
-0.001156456597370917
-0.0010465430677526792
-9.401681643547489e-4
-8.432812288582173e-4
-7.672370347102542e-4
-7.033055635313028e-4
-6.515152018258975e-4
-5.882156192909986e-4
-5.375156649016549e-4
-4.8444816864796805e-4
-4.3499689819526376e-4
-3.998821084845584e-4
-3.6528253302320595e-4
-3.274086585767285e-4
-2.952222105060262e-4
-2.6823795352625893e-4
-2.492722361760498e-4
-2.2593886049266613e-4
-2.0533939509023063e-4
-1.8504367352698166e-4
-1.683968365593227e-4
-1.5203817072081412e-4
-1.365153098717694e-4
-1.229012469417537e-4
-1.1050026630845327e-4
-1.0088774429621868e-4
-9.17279267735492e-5
-8.305555415426575e-5
-7.502946317102213e-5
-6.863618557766531e-5
-6.249123615478367e-5
-5.627686008367797e-5
-5.057134721234818e-5
-4.519840477711771e-5
-4.0859686211132e-5
-3.6659942191062856e-5
-3.286424440622964e-5
-2.9787763488835726e-5
-2.6782580787196248e-5
-2.381891847462732e-5
